 Program bfbm2
 average displacement of reflected FBM
 STEPSIG=   1.0000000000000000     
 GAMMMA=   1.6000000000000001     
 BRANCHPROB=   1.0000000000000000E-003
 DEATHPROB=   9.7000000000000005E-004
 MEMORY=ORIG
 NT=        16384
 L=   35.000000000000000     
 IRINIT=          43
 NCONF=       99840
 ==================================
     time  configs     <nwalker>    std.dev.nw           <r>         <r^2>     std.dev.r   std.dev.r^2
        1    99840  0.100000E+01  0.000000E+00  0.460489E-02  0.993820E+00  0.315498E-02  0.446491E-02
        2    99715  0.100082E+01  0.286647E-01  0.161785E-02  0.130992E+01  0.362444E-02  0.587517E-02
        3    99626  0.100174E+01  0.418755E-01  0.286479E-02  0.154116E+01  0.393311E-02  0.688225E-02
        4    99520  0.100262E+01  0.513401E-01  0.252027E-02  0.173063E+01  0.417010E-02  0.776465E-02
        5    99422  0.100367E+01  0.606453E-01  0.372989E-03  0.189082E+01  0.436097E-02  0.847197E-02
        6    99326  0.100471E+01  0.686272E-01  0.797341E-03  0.202922E+01  0.451995E-02  0.912808E-02
        7    99236  0.100582E+01  0.762281E-01 -0.330981E-02  0.215551E+01  0.466058E-02  0.969767E-02
        8    99146  0.100681E+01  0.825973E-01 -0.365514E-02  0.226439E+01  0.477900E-02  0.101518E-01
        9    99059  0.100780E+01  0.883352E-01  0.419545E-02  0.238946E+01  0.491136E-02  0.107753E-01
       10    98961  0.100887E+01  0.942035E-01  0.320775E-02  0.249809E+01  0.502425E-02  0.112469E-01
       11    98867  0.101002E+01  0.100222E+00  0.793109E-02  0.259229E+01  0.512048E-02  0.116707E-01
       12    98762  0.101089E+01  0.104683E+00  0.549196E-02  0.268294E+01  0.521204E-02  0.120177E-01
       13    98675  0.101196E+01  0.109996E+00  0.139521E-02  0.277587E+01  0.530391E-02  0.124880E-01
       14    98572  0.101310E+01  0.115109E+00  0.209355E-02  0.285946E+01  0.538598E-02  0.128567E-01
       15    98462  0.101414E+01  0.119511E+00  0.468999E-02  0.295176E+01  0.547526E-02  0.132506E-01
       16    98374  0.101515E+01  0.123624E+00  0.737054E-02  0.302730E+01  0.554732E-02  0.136289E-01
       17    98275  0.101614E+01  0.127772E+00  0.734733E-02  0.309618E+01  0.561290E-02  0.138881E-01
       18    98179  0.101708E+01  0.131447E+00  0.770491E-02  0.317819E+01  0.568953E-02  0.142918E-01
       19    98099  0.101794E+01  0.134719E+00  0.134924E-02  0.323506E+01  0.574260E-02  0.144955E-01
       20    98016  0.101898E+01  0.138446E+00  0.907603E-03  0.331519E+01  0.581575E-02  0.148758E-01
       21    97918  0.101975E+01  0.141401E+00  0.299585E-02  0.337225E+01  0.586851E-02  0.151570E-01
       22    97830  0.102086E+01  0.145195E+00  0.111990E-02  0.344331E+01  0.593269E-02  0.154861E-01
       23    97739  0.102165E+01  0.147907E+00  0.213194E-02  0.349451E+01  0.597942E-02  0.157807E-01
       24    97633  0.102272E+01  0.151659E+00 -0.192757E-02  0.355861E+01  0.603729E-02  0.159466E-01
       25    97536  0.102367E+01  0.154836E+00 -0.527797E-02  0.363243E+01  0.610260E-02  0.163612E-01
       26    97433  0.102446E+01  0.157362E+00  0.839781E-03  0.369720E+01  0.616004E-02  0.166207E-01
       27    97350  0.102559E+01  0.161187E+00  0.164476E-02  0.373497E+01  0.619406E-02  0.168078E-01
       28    97252  0.102654E+01  0.164276E+00  0.290902E-03  0.379123E+01  0.624368E-02  0.169992E-01
       29    97145  0.102771E+01  0.167987E+00 -0.206645E-02  0.384986E+01  0.629523E-02  0.173309E-01
       30    97054  0.102857E+01  0.170814E+00  0.277932E-02  0.390608E+01  0.634401E-02  0.175888E-01
       31    96960  0.102957E+01  0.173901E+00 -0.503899E-02  0.394296E+01  0.637696E-02  0.177729E-01
       32    96860  0.103061E+01  0.176992E+00 -0.803871E-02  0.399455E+01  0.642182E-02  0.180363E-01
       33    96775  0.103159E+01  0.179912E+00 -0.380472E-02  0.404798E+01  0.646750E-02  0.183243E-01
       34    96685  0.103256E+01  0.182650E+00 -0.565850E-02  0.410299E+01  0.651431E-02  0.185310E-01
       35    96596  0.103350E+01  0.185101E+00 -0.228558E-02  0.414648E+01  0.655179E-02  0.187965E-01
       36    96499  0.103446E+01  0.187994E+00 -0.115070E-02  0.421367E+01  0.660798E-02  0.191346E-01
       37    96390  0.103516E+01  0.190059E+00 -0.266787E-02  0.427571E+01  0.666021E-02  0.194999E-01
       38    96317  0.103608E+01  0.192890E+00  0.402785E-03  0.430498E+01  0.668550E-02  0.194578E-01
       39    96225  0.103707E+01  0.195527E+00  0.137339E-02  0.436232E+01  0.673309E-02  0.197167E-01
       40    96133  0.103790E+01  0.197899E+00 -0.590355E-03  0.439787E+01  0.676371E-02  0.199861E-01
       42    95961  0.104002E+01  0.203663E+00  0.150878E-02  0.449616E+01  0.684500E-02  0.203134E-01
       44    95779  0.104190E+01  0.208378E+00 -0.330705E-02  0.458177E+01  0.691642E-02  0.207343E-01
       46    95609  0.104387E+01  0.213450E+00 -0.585598E-03  0.465629E+01  0.697864E-02  0.211740E-01
       48    95440  0.104576E+01  0.218468E+00 -0.275959E-02  0.474864E+01  0.705373E-02  0.215153E-01
       50    95275  0.104779E+01  0.223458E+00  0.976902E-04  0.481426E+01  0.710846E-02  0.216802E-01
       52    95078  0.104994E+01  0.228377E+00  0.294947E-02  0.487955E+01  0.716390E-02  0.220721E-01
       54    94888  0.105189E+01  0.232527E+00  0.773905E-03  0.494954E+01  0.722232E-02  0.223633E-01
       56    94734  0.105375E+01  0.236893E+00 -0.834586E-04  0.501257E+01  0.727407E-02  0.227411E-01
       58    94562  0.105561E+01  0.241094E+00  0.574103E-02  0.506336E+01  0.731745E-02  0.230326E-01
       60    94377  0.105733E+01  0.245341E+00  0.396412E-02  0.515211E+01  0.738855E-02  0.232823E-01
       63    94114  0.106041E+01  0.252484E+00  0.373697E-03  0.526574E+01  0.748002E-02  0.238757E-01
       66    93828  0.106374E+01  0.259692E+00  0.449968E-02  0.535000E+01  0.755109E-02  0.242514E-01
       69    93572  0.106672E+01  0.266556E+00  0.886807E-02  0.546696E+01  0.764358E-02  0.247883E-01
       72    93315  0.106974E+01  0.272989E+00  0.234331E-02  0.556271E+01  0.772089E-02  0.253381E-01
       75    93052  0.107306E+01  0.280078E+00  0.263263E-02  0.565478E+01  0.779551E-02  0.257790E-01
       78    92826  0.107569E+01  0.285574E+00  0.592160E-02  0.573921E+01  0.786303E-02  0.261573E-01
       81    92582  0.107831E+01  0.291229E+00 -0.136154E-02  0.584915E+01  0.794846E-02  0.266757E-01
       85    92267  0.108240E+01  0.299538E+00  0.392271E-02  0.596044E+01  0.803740E-02  0.271160E-01
       89    91921  0.108599E+01  0.306910E+00  0.127823E-01  0.608272E+01  0.813459E-02  0.276706E-01
       93    91622  0.108972E+01  0.313739E+00  0.974144E-02  0.617361E+01  0.820855E-02  0.281837E-01
       97    91295  0.109398E+01  0.321111E+00  0.656169E-02  0.632923E+01  0.832627E-02  0.289765E-01
      101    90991  0.109773E+01  0.327810E+00  0.181592E-01  0.643047E+01  0.840642E-02  0.295185E-01
      106    90599  0.110280E+01  0.336857E+00  0.965533E-02  0.654350E+01  0.849846E-02  0.299167E-01
      111    90165  0.110750E+01  0.345114E+00  0.116233E-01  0.668039E+01  0.860751E-02  0.305396E-01
      116    89781  0.111222E+01  0.353928E+00  0.728404E-02  0.679076E+01  0.869692E-02  0.310979E-01
      121    89384  0.111792E+01  0.363694E+00  0.158121E-01  0.690130E+01  0.878674E-02  0.315570E-01
      127    88928  0.112447E+01  0.374576E+00  0.122171E-01  0.706314E+01  0.891200E-02  0.323896E-01
      133    88479  0.113027E+01  0.383967E+00  0.878093E-02  0.723547E+01  0.904297E-02  0.334030E-01
      139    88042  0.113621E+01  0.393471E+00  0.384817E-02  0.737671E+01  0.915347E-02  0.338991E-01
      145    87606  0.114194E+01  0.402404E+00  0.992384E-02  0.750926E+01  0.925825E-02  0.346832E-01
      152    87107  0.114884E+01  0.412688E+00 -0.198992E-02  0.766498E+01  0.938056E-02  0.353765E-01
      159    86604  0.115571E+01  0.423754E+00 -0.538847E-02  0.778526E+01  0.948128E-02  0.358387E-01
      166    86082  0.116284E+01  0.435139E+00 -0.552642E-02  0.791770E+01  0.959053E-02  0.366373E-01
      174    85523  0.117049E+01  0.447010E+00 -0.242350E-02  0.809022E+01  0.972610E-02  0.373766E-01
      182    85007  0.117893E+01  0.459527E+00  0.494345E-02  0.820846E+01  0.982659E-02  0.382448E-01
      191    84407  0.118801E+01  0.472915E+00 -0.147652E-03  0.841861E+01  0.998691E-02  0.391195E-01
      200    83807  0.119718E+01  0.485628E+00 -0.956720E-02  0.864872E+01  0.101586E-01  0.404659E-01
      210    83120  0.120722E+01  0.500612E+00 -0.126507E-02  0.882449E+01  0.103037E-01  0.413455E-01
      220    82458  0.121766E+01  0.515300E+00  0.461384E-02  0.898356E+01  0.104378E-01  0.421947E-01
      231    81765  0.122922E+01  0.531983E+00  0.239759E-02  0.921795E+01  0.106178E-01  0.435657E-01
      242    81017  0.124044E+01  0.546900E+00  0.135535E-02  0.938178E+01  0.107610E-01  0.442839E-01
      254    80272  0.125224E+01  0.563452E+00  0.297454E-02  0.963591E+01  0.109563E-01  0.455736E-01
      266    79598  0.126394E+01  0.579167E+00  0.731863E-02  0.984167E+01  0.111194E-01  0.469037E-01
      279    78797  0.127769E+01  0.597584E+00  0.110606E-01  0.100744E+02  0.113071E-01  0.481833E-01
      292    78007  0.129056E+01  0.614603E+00  0.119782E-01  0.102751E+02  0.114768E-01  0.492604E-01
      306    77251  0.130481E+01  0.632713E+00  0.126605E-01  0.104645E+02  0.116387E-01  0.505837E-01
      321    76401  0.131975E+01  0.651794E+00  0.174397E-01  0.107848E+02  0.118809E-01  0.523010E-01
      337    75493  0.133603E+01  0.672376E+00  0.197205E-01  0.110129E+02  0.120779E-01  0.533912E-01
      353    74661  0.135203E+01  0.691110E+00  0.137127E-01  0.112498E+02  0.122750E-01  0.544171E-01
      370    73755  0.136887E+01  0.711399E+00  0.171137E-01  0.115986E+02  0.125401E-01  0.570973E-01
      388    72821  0.138698E+01  0.734470E+00  0.162223E-01  0.118841E+02  0.127747E-01  0.583059E-01
      407    71843  0.140595E+01  0.757843E+00  0.167015E-01  0.121654E+02  0.130126E-01  0.595606E-01
      427    70852  0.142593E+01  0.782817E+00  0.204131E-01  0.124679E+02  0.132652E-01  0.618425E-01
      448    69841  0.144813E+01  0.809201E+00  0.133102E-01  0.127866E+02  0.135307E-01  0.637846E-01
      470    68830  0.147042E+01  0.834541E+00  0.235486E-01  0.130309E+02  0.137591E-01  0.650248E-01
      493    67756  0.149337E+01  0.860529E+00  0.320569E-01  0.133873E+02  0.140558E-01  0.667178E-01
      517    66748  0.151813E+01  0.889882E+00  0.289730E-01  0.136722E+02  0.143115E-01  0.684303E-01
      542    65725  0.154407E+01  0.919007E+00  0.263503E-01  0.140491E+02  0.146200E-01  0.705786E-01
      569    64590  0.157351E+01  0.952588E+00  0.242116E-01  0.144088E+02  0.149356E-01  0.728497E-01
      597    63474  0.160272E+01  0.985214E+00  0.161424E-01  0.147747E+02  0.152566E-01  0.750507E-01
      626    62363  0.163291E+01  0.101864E+01  0.262526E-01  0.152094E+02  0.156165E-01  0.782592E-01
      657    61236  0.166430E+01  0.105391E+01  0.701992E-02  0.155639E+02  0.159425E-01  0.804912E-01
      689    60114  0.169601E+01  0.109094E+01  0.128848E-01  0.158888E+02  0.162576E-01  0.824635E-01
      723    58975  0.172936E+01  0.112845E+01  0.136707E-01  0.164750E+02  0.167138E-01  0.858651E-01
      759    57813  0.176666E+01  0.116652E+01  0.898915E-03  0.169377E+02  0.171165E-01  0.886747E-01
      796    56705  0.180397E+01  0.120956E+01 -0.274025E-02  0.174450E+02  0.175398E-01  0.922874E-01
      835    55543  0.184517E+01  0.124889E+01 -0.427325E-02  0.178941E+02  0.179490E-01  0.949626E-01
      876    54381  0.188965E+01  0.129886E+01  0.446459E-02  0.184264E+02  0.184076E-01  0.971748E-01
      919    53229  0.193447E+01  0.134579E+01  0.103493E-01  0.190001E+02  0.188931E-01  0.100973E+00
      964    52038  0.197861E+01  0.139503E+01  0.561300E-02  0.196258E+02  0.194202E-01  0.105129E+00
     1012    50894  0.202411E+01  0.145117E+01 -0.242634E-02  0.203017E+02  0.199725E-01  0.109654E+00
     1062    49660  0.207628E+01  0.150650E+01  0.999856E-02  0.208910E+02  0.205104E-01  0.113143E+00
     1115    48436  0.213147E+01  0.156377E+01  0.491262E-02  0.216486E+02  0.211413E-01  0.118242E+00
     1170    47254  0.218955E+01  0.161931E+01  0.133227E-01  0.221535E+02  0.216521E-01  0.121124E+00
     1228    46109  0.224594E+01  0.167446E+01  0.914206E-02  0.227843E+02  0.222292E-01  0.124904E+00
     1289    44866  0.231367E+01  0.174139E+01  0.141461E-01  0.235004E+02  0.228864E-01  0.129525E+00
     1353    43703  0.237652E+01  0.180532E+01  0.288886E-01  0.244541E+02  0.236544E-01  0.135622E+00
     1420    42547  0.244431E+01  0.187447E+01  0.198173E-01  0.252062E+02  0.243397E-01  0.140489E+00
     1491    41393  0.251378E+01  0.194671E+01  0.200384E-01  0.259500E+02  0.250381E-01  0.144995E+00
     1565    40246  0.259203E+01  0.202846E+01  0.231463E-01  0.267503E+02  0.257809E-01  0.150799E+00
     1643    39084  0.267168E+01  0.211733E+01  0.313138E-01  0.276278E+02  0.265868E-01  0.155609E+00
     1725    37936  0.275786E+01  0.220134E+01  0.425434E-01  0.284894E+02  0.274033E-01  0.161164E+00
     1811    36797  0.284991E+01  0.229027E+01  0.347002E-01  0.294375E+02  0.282837E-01  0.166891E+00
     1901    35691  0.295167E+01  0.239301E+01  0.296042E-01  0.304148E+02  0.291915E-01  0.172365E+00
     1996    34636  0.305359E+01  0.249919E+01  0.177265E-01  0.313586E+02  0.300893E-01  0.178400E+00
     2095    33535  0.315858E+01  0.260170E+01  0.349818E-01  0.322272E+02  0.309994E-01  0.183854E+00
     2199    32573  0.326620E+01  0.271701E+01  0.563220E-01  0.331755E+02  0.319124E-01  0.189160E+00
     2308    31498  0.337948E+01  0.282576E+01  0.562190E-01  0.342948E+02  0.329953E-01  0.196173E+00
     2423    30458  0.351366E+01  0.296166E+01  0.353142E-01  0.354134E+02  0.340977E-01  0.203287E+00
     2544    29474  0.364080E+01  0.309038E+01  0.167217E-01  0.364134E+02  0.351487E-01  0.207840E+00
     2671    28520  0.377514E+01  0.323807E+01  0.213453E-01  0.375192E+02  0.362701E-01  0.215045E+00
     2804    27636  0.391732E+01  0.337926E+01  0.251314E-01  0.384889E+02  0.373187E-01  0.221655E+00
     2944    26669  0.407829E+01  0.353039E+01  0.246880E-01  0.395761E+02  0.385221E-01  0.228179E+00
     3091    25810  0.420426E+01  0.366562E+01  0.304513E-01  0.406032E+02  0.396626E-01  0.233960E+00
     3245    24931  0.436713E+01  0.384409E+01  0.192020E-01  0.419325E+02  0.410113E-01  0.242325E+00
     3407    24067  0.455865E+01  0.402911E+01  0.393627E-01  0.429083E+02  0.422233E-01  0.247608E+00
     3577    23284  0.473523E+01  0.422368E+01  0.680632E-01  0.439815E+02  0.434594E-01  0.254060E+00
     3755    22491  0.492068E+01  0.442817E+01  0.599463E-01  0.451081E+02  0.447822E-01  0.261292E+00
     3942    21699  0.512816E+01  0.464940E+01  0.463224E-01  0.461211E+02  0.461020E-01  0.267107E+00
     4139    20940  0.535143E+01  0.487101E+01  0.533152E-01  0.472992E+02  0.475254E-01  0.274683E+00
     4345    20182  0.557323E+01  0.509682E+01  0.519182E-01  0.484677E+02  0.490040E-01  0.278434E+00
     4562    19467  0.583141E+01  0.538676E+01  0.757172E-01  0.493635E+02  0.503533E-01  0.283078E+00
     4790    18809  0.607422E+01  0.564078E+01  0.823882E-01  0.506271E+02  0.518775E-01  0.292665E+00
     5029    18141  0.634171E+01  0.588450E+01  0.926431E-01  0.512132E+02  0.531280E-01  0.290134E+00
     5280    17474  0.661646E+01  0.617946E+01  0.954138E-01  0.524180E+02  0.547654E-01  0.297442E+00
     5544    16808  0.693836E+01  0.653216E+01  0.601857E-01  0.532476E+02  0.562830E-01  0.302201E+00
     5821    16212  0.725728E+01  0.682984E+01  0.441109E-01  0.541088E+02  0.577707E-01  0.306633E+00
     6112    15587  0.760717E+01  0.718491E+01  0.414383E-01  0.544832E+02  0.591212E-01  0.305667E+00
     6417    14979  0.798244E+01  0.757967E+01  0.416440E-01  0.553015E+02  0.607603E-01  0.316031E+00
     6737    14407  0.837975E+01  0.792512E+01  0.350886E-01  0.560139E+02  0.623528E-01  0.317412E+00
     7073    13887  0.878404E+01  0.833518E+01  0.610394E-01  0.563136E+02  0.636778E-01  0.317694E+00
     7426    13349  0.923567E+01  0.875676E+01  0.661590E-01  0.570146E+02  0.653510E-01  0.321987E+00
     7797    12830  0.971278E+01  0.925092E+01  0.449376E-01  0.575924E+02  0.669980E-01  0.328928E+00
     8186    12369  0.101838E+02  0.976139E+01  0.367866E-01  0.577577E+02  0.683333E-01  0.329628E+00
     8595    11921  0.106685E+02  0.102307E+02  0.109898E-01  0.582863E+02  0.699241E-01  0.335284E+00
     9024    11484  0.111870E+02  0.108178E+02  0.131376E-01  0.590292E+02  0.716945E-01  0.338179E+00
     9475    11020  0.118624E+02  0.115096E+02  0.225674E-01  0.594843E+02  0.734697E-01  0.335954E+00
     9948    10622  0.124542E+02  0.120631E+02  0.562690E-02  0.599601E+02  0.751325E-01  0.337909E+00
    10445    10209  0.131596E+02  0.127645E+02  0.258028E-01  0.599348E+02  0.766206E-01  0.339086E+00
    10967     9839  0.139282E+02  0.135818E+02  0.745818E-02  0.605222E+02  0.784299E-01  0.343430E+00
    11515     9468  0.147051E+02  0.143630E+02  0.227904E-02  0.613127E+02  0.804722E-01  0.349289E+00
    12090     9114  0.154670E+02  0.151251E+02 -0.181491E-01  0.608816E+02  0.817311E-01  0.344236E+00
    12694     8780  0.162933E+02  0.160235E+02  0.401295E-01  0.610434E+02  0.833809E-01  0.351923E+00
    13328     8448  0.172326E+02  0.170297E+02 -0.538281E-01  0.612622E+02  0.851548E-01  0.349907E+00
    13994     8132  0.182538E+02  0.179139E+02 -0.481253E-01  0.610422E+02  0.866380E-01  0.346609E+00
    14693     7833  0.193411E+02  0.188483E+02 -0.939111E-01  0.613047E+02  0.884610E-01  0.349979E+00
    15427     7563  0.205112E+02  0.200420E+02 -0.114381E+00  0.613010E+02  0.900203E-01  0.347101E+00
    16198     7257  0.219150E+02  0.213728E+02 -0.479559E-01  0.614448E+02  0.920144E-01  0.352328E+00
    16384     7197  0.221965E+02  0.217231E+02 -0.425166E-01  0.615500E+02  0.924766E-01  0.349269E+00
