 Program bfbm2
 Density distribution between NTSTART and NTEND
 GAMMMA=   1.6000000000000001     
 BRANCHPROB=   1.0000000000000000E-003
 DEATHPROB=   9.7000000000000005E-004
 MEMORY=ORIG
 NT=        16384
 NTSTART=        13107
 NTEND=        16384
 L=   35.000000000000000     
 IRINIT=          43
 NCONF=       99840
 ==================================
    ibin    x=(L/2*ibin)/NBIN  x/L   P(x)  P(x)*L  P(|x|)   L/2-x 
    -500  -0.175000E+02  -0.500000E+00   0.283248E-03   0.991369E-02   0.271609E-03   0.350000E+02
    -499  -0.174650E+02  -0.499000E+00   0.572288E-03   0.200301E-01   0.567529E-03   0.349650E+02
    -498  -0.174300E+02  -0.498000E+00   0.607608E-03   0.212663E-01   0.591983E-03   0.349300E+02
    -497  -0.173950E+02  -0.497000E+00   0.643845E-03   0.225346E-01   0.631546E-03   0.348950E+02
    -496  -0.173600E+02  -0.496000E+00   0.678477E-03   0.237467E-01   0.670392E-03   0.348600E+02
    -495  -0.173250E+02  -0.495000E+00   0.715116E-03   0.250291E-01   0.710558E-03   0.348250E+02
    -494  -0.172900E+02  -0.494000E+00   0.749174E-03   0.262211E-01   0.734267E-03   0.347900E+02
    -493  -0.172550E+02  -0.493000E+00   0.804276E-03   0.281497E-01   0.795503E-03   0.347550E+02
    -492  -0.172200E+02  -0.492000E+00   0.840112E-03   0.294039E-01   0.837733E-03   0.347200E+02
    -491  -0.171850E+02  -0.491000E+00   0.880420E-03   0.308147E-01   0.870702E-03   0.346850E+02
    -490  -0.171500E+02  -0.490000E+00   0.937988E-03   0.328296E-01   0.923194E-03   0.346500E+02
    -489  -0.171150E+02  -0.489000E+00   0.983456E-03   0.344210E-01   0.975888E-03   0.346150E+02
    -488  -0.170800E+02  -0.488000E+00   0.102015E-02   0.357053E-01   0.101290E-02   0.345800E+02
    -487  -0.170450E+02  -0.487000E+00   0.109492E-02   0.383222E-01   0.108291E-02   0.345450E+02
    -486  -0.170100E+02  -0.486000E+00   0.113580E-02   0.397531E-01   0.113463E-02   0.345100E+02
    -485  -0.169750E+02  -0.485000E+00   0.120690E-02   0.422415E-01   0.119237E-02   0.344750E+02
    -484  -0.169400E+02  -0.484000E+00   0.126114E-02   0.441400E-01   0.124990E-02   0.344400E+02
    -483  -0.169050E+02  -0.483000E+00   0.133941E-02   0.468793E-01   0.131553E-02   0.344050E+02
    -482  -0.168700E+02  -0.482000E+00   0.139789E-02   0.489263E-01   0.137708E-02   0.343700E+02
    -481  -0.168350E+02  -0.481000E+00   0.146114E-02   0.511398E-01   0.143949E-02   0.343350E+02
    -480  -0.168000E+02  -0.480000E+00   0.152467E-02   0.533633E-01   0.151056E-02   0.343000E+02
    -479  -0.167650E+02  -0.479000E+00   0.160878E-02   0.563073E-01   0.158688E-02   0.342650E+02
    -478  -0.167300E+02  -0.478000E+00   0.168212E-02   0.588741E-01   0.166027E-02   0.342300E+02
    -477  -0.166950E+02  -0.477000E+00   0.174937E-02   0.612281E-01   0.173171E-02   0.341950E+02
    -476  -0.166600E+02  -0.476000E+00   0.184438E-02   0.645534E-01   0.180800E-02   0.341600E+02
    -475  -0.166250E+02  -0.475000E+00   0.191496E-02   0.670238E-01   0.189444E-02   0.341250E+02
    -474  -0.165900E+02  -0.474000E+00   0.201381E-02   0.704835E-01   0.198280E-02   0.340900E+02
    -473  -0.165550E+02  -0.473000E+00   0.210435E-02   0.736523E-01   0.206751E-02   0.340550E+02
    -472  -0.165200E+02  -0.472000E+00   0.219684E-02   0.768893E-01   0.214466E-02   0.340200E+02
    -471  -0.164850E+02  -0.471000E+00   0.227642E-02   0.796748E-01   0.224999E-02   0.339850E+02
    -470  -0.164500E+02  -0.470000E+00   0.239396E-02   0.837887E-01   0.235225E-02   0.339500E+02
    -469  -0.164150E+02  -0.469000E+00   0.246713E-02   0.863494E-01   0.242994E-02   0.339150E+02
    -468  -0.163800E+02  -0.468000E+00   0.256913E-02   0.899196E-01   0.253034E-02   0.338800E+02
    -467  -0.163450E+02  -0.467000E+00   0.264614E-02   0.926147E-01   0.263206E-02   0.338450E+02
    -466  -0.163100E+02  -0.466000E+00   0.278805E-02   0.975816E-01   0.275688E-02   0.338100E+02
    -465  -0.162750E+02  -0.465000E+00   0.289894E-02   0.101463E+00   0.285020E-02   0.337750E+02
    -464  -0.162400E+02  -0.464000E+00   0.300450E-02   0.105157E+00   0.296204E-02   0.337400E+02
    -463  -0.162050E+02  -0.463000E+00   0.311132E-02   0.108896E+00   0.306123E-02   0.337050E+02
    -462  -0.161700E+02  -0.462000E+00   0.323201E-02   0.113120E+00   0.317897E-02   0.336700E+02
    -461  -0.161350E+02  -0.461000E+00   0.334938E-02   0.117228E+00   0.330105E-02   0.336350E+02
    -460  -0.161000E+02  -0.460000E+00   0.347856E-02   0.121750E+00   0.342593E-02   0.336000E+02
    -459  -0.160650E+02  -0.459000E+00   0.362248E-02   0.126787E+00   0.355993E-02   0.335650E+02
    -458  -0.160300E+02  -0.458000E+00   0.371749E-02   0.130112E+00   0.366632E-02   0.335300E+02
    -457  -0.159950E+02  -0.457000E+00   0.385384E-02   0.134884E+00   0.379498E-02   0.334950E+02
    -456  -0.159600E+02  -0.456000E+00   0.400699E-02   0.140245E+00   0.394641E-02   0.334600E+02
    -455  -0.159250E+02  -0.455000E+00   0.413382E-02   0.144684E+00   0.406550E-02   0.334250E+02
    -454  -0.158900E+02  -0.454000E+00   0.425520E-02   0.148932E+00   0.419832E-02   0.333900E+02
    -453  -0.158550E+02  -0.453000E+00   0.442051E-02   0.154718E+00   0.434826E-02   0.333550E+02
    -452  -0.158200E+02  -0.452000E+00   0.457165E-02   0.160008E+00   0.448888E-02   0.333200E+02
    -451  -0.157850E+02  -0.451000E+00   0.470318E-02   0.164611E+00   0.463157E-02   0.332850E+02
    -450  -0.157500E+02  -0.450000E+00   0.482933E-02   0.169026E+00   0.475986E-02   0.332500E+02
    -449  -0.157150E+02  -0.449000E+00   0.497559E-02   0.174146E+00   0.491026E-02   0.332150E+02
    -448  -0.156800E+02  -0.448000E+00   0.514273E-02   0.179996E+00   0.508646E-02   0.331800E+02
    -447  -0.156450E+02  -0.447000E+00   0.532490E-02   0.186371E+00   0.523353E-02   0.331450E+02
    -446  -0.156100E+02  -0.446000E+00   0.549117E-02   0.192191E+00   0.539857E-02   0.331100E+02
    -445  -0.155750E+02  -0.445000E+00   0.562443E-02   0.196855E+00   0.555115E-02   0.330750E+02
    -444  -0.155400E+02  -0.444000E+00   0.579959E-02   0.202986E+00   0.570912E-02   0.330400E+02
    -443  -0.155050E+02  -0.443000E+00   0.598015E-02   0.209305E+00   0.587855E-02   0.330050E+02
    -442  -0.154700E+02  -0.442000E+00   0.614116E-02   0.214940E+00   0.604744E-02   0.329700E+02
    -441  -0.154350E+02  -0.441000E+00   0.632085E-02   0.221230E+00   0.622369E-02   0.329350E+02
    -440  -0.154000E+02  -0.440000E+00   0.647308E-02   0.226558E+00   0.638005E-02   0.329000E+02
    -439  -0.153650E+02  -0.439000E+00   0.665565E-02   0.232948E+00   0.655402E-02   0.328650E+02
    -438  -0.153300E+02  -0.438000E+00   0.683425E-02   0.239199E+00   0.671786E-02   0.328300E+02
    -437  -0.152950E+02  -0.437000E+00   0.705546E-02   0.246941E+00   0.693586E-02   0.327950E+02
    -436  -0.152600E+02  -0.436000E+00   0.716033E-02   0.250612E+00   0.707762E-02   0.327600E+02
    -435  -0.152250E+02  -0.435000E+00   0.736686E-02   0.257840E+00   0.727349E-02   0.327250E+02
    -434  -0.151900E+02  -0.434000E+00   0.755849E-02   0.264547E+00   0.743750E-02   0.326900E+02
    -433  -0.151550E+02  -0.433000E+00   0.775234E-02   0.271332E+00   0.765003E-02   0.326550E+02
    -432  -0.151200E+02  -0.432000E+00   0.796845E-02   0.278896E+00   0.781456E-02   0.326200E+02
    -431  -0.150850E+02  -0.431000E+00   0.813181E-02   0.284613E+00   0.800913E-02   0.325850E+02
    -430  -0.150500E+02  -0.430000E+00   0.830697E-02   0.290744E+00   0.818980E-02   0.325500E+02
    -429  -0.150150E+02  -0.429000E+00   0.853174E-02   0.298611E+00   0.842228E-02   0.325150E+02
    -428  -0.149800E+02  -0.428000E+00   0.870346E-02   0.304621E+00   0.859435E-02   0.324800E+02
    -427  -0.149450E+02  -0.427000E+00   0.892387E-02   0.312335E+00   0.878230E-02   0.324450E+02
    -426  -0.149100E+02  -0.426000E+00   0.906779E-02   0.317373E+00   0.895624E-02   0.324100E+02
    -425  -0.148750E+02  -0.425000E+00   0.930350E-02   0.325623E+00   0.920219E-02   0.323750E+02
    -424  -0.148400E+02  -0.424000E+00   0.949375E-02   0.332281E+00   0.938065E-02   0.323400E+02
    -423  -0.148050E+02  -0.423000E+00   0.975578E-02   0.341452E+00   0.961946E-02   0.323050E+02
    -422  -0.147700E+02  -0.422000E+00   0.994930E-02   0.348225E+00   0.980544E-02   0.322700E+02
    -421  -0.147350E+02  -0.421000E+00   0.101385E-01   0.354846E+00   0.100124E-01   0.322350E+02
    -420  -0.147000E+02  -0.420000E+00   0.103263E-01   0.361420E+00   0.101999E-01   0.322000E+02
    -419  -0.146650E+02  -0.419000E+00   0.105446E-01   0.369060E+00   0.104009E-01   0.321650E+02
    -418  -0.146300E+02  -0.418000E+00   0.107590E-01   0.376566E+00   0.106120E-01   0.321300E+02
    -417  -0.145950E+02  -0.417000E+00   0.109517E-01   0.383309E+00   0.107975E-01   0.320950E+02
    -416  -0.145600E+02  -0.416000E+00   0.112494E-01   0.393728E+00   0.110807E-01   0.320600E+02
    -415  -0.145250E+02  -0.415000E+00   0.114073E-01   0.399255E+00   0.112830E-01   0.320250E+02
    -414  -0.144900E+02  -0.414000E+00   0.116057E-01   0.406198E+00   0.114478E-01   0.319900E+02
    -413  -0.144550E+02  -0.413000E+00   0.118766E-01   0.415681E+00   0.117019E-01   0.319550E+02
    -412  -0.144200E+02  -0.412000E+00   0.120276E-01   0.420965E+00   0.118758E-01   0.319200E+02
    -411  -0.143850E+02  -0.411000E+00   0.123580E-01   0.432530E+00   0.121703E-01   0.318850E+02
    -410  -0.143500E+02  -0.410000E+00   0.125117E-01   0.437908E+00   0.123327E-01   0.318500E+02
    -409  -0.143150E+02  -0.409000E+00   0.127273E-01   0.445456E+00   0.125737E-01   0.318150E+02
    -408  -0.142800E+02  -0.408000E+00   0.129261E-01   0.452413E+00   0.127778E-01   0.317800E+02
    -407  -0.142450E+02  -0.407000E+00   0.131304E-01   0.459564E+00   0.129712E-01   0.317450E+02
    -406  -0.142100E+02  -0.406000E+00   0.133727E-01   0.468045E+00   0.131979E-01   0.317100E+02
    -405  -0.141750E+02  -0.405000E+00   0.135885E-01   0.475596E+00   0.134173E-01   0.316750E+02
    -404  -0.141400E+02  -0.404000E+00   0.138545E-01   0.484908E+00   0.136940E-01   0.316400E+02
    -403  -0.141050E+02  -0.403000E+00   0.140107E-01   0.490374E+00   0.138648E-01   0.316050E+02
    -402  -0.140700E+02  -0.402000E+00   0.143200E-01   0.501201E+00   0.141340E-01   0.315700E+02
    -401  -0.140350E+02  -0.401000E+00   0.145013E-01   0.507545E+00   0.143097E-01   0.315350E+02
    -400  -0.140000E+02  -0.400000E+00   0.147073E-01   0.514755E+00   0.145210E-01   0.315000E+02
    -399  -0.139650E+02  -0.399000E+00   0.149093E-01   0.521825E+00   0.147469E-01   0.314650E+02
    -398  -0.139300E+02  -0.398000E+00   0.152304E-01   0.533066E+00   0.150031E-01   0.314300E+02
    -397  -0.138950E+02  -0.397000E+00   0.153790E-01   0.538265E+00   0.152101E-01   0.313950E+02
    -396  -0.138600E+02  -0.396000E+00   0.156203E-01   0.546710E+00   0.154536E-01   0.313600E+02
    -395  -0.138250E+02  -0.395000E+00   0.158213E-01   0.553746E+00   0.156290E-01   0.313250E+02
    -394  -0.137900E+02  -0.394000E+00   0.160715E-01   0.562504E+00   0.158667E-01   0.312900E+02
    -393  -0.137550E+02  -0.393000E+00   0.162648E-01   0.569267E+00   0.161074E-01   0.312550E+02
    -392  -0.137200E+02  -0.392000E+00   0.164951E-01   0.577328E+00   0.163156E-01   0.312200E+02
    -391  -0.136850E+02  -0.391000E+00   0.167010E-01   0.584534E+00   0.165232E-01   0.311850E+02
    -390  -0.136500E+02  -0.390000E+00   0.169553E-01   0.593437E+00   0.167407E-01   0.311500E+02
    -389  -0.136150E+02  -0.389000E+00   0.171541E-01   0.600392E+00   0.169595E-01   0.311150E+02
    -388  -0.135800E+02  -0.388000E+00   0.174434E-01   0.610519E+00   0.171864E-01   0.310800E+02
    -387  -0.135450E+02  -0.387000E+00   0.176784E-01   0.618745E+00   0.174486E-01   0.310450E+02
    -386  -0.135100E+02  -0.386000E+00   0.178409E-01   0.624432E+00   0.176428E-01   0.310100E+02
    -385  -0.134750E+02  -0.385000E+00   0.180892E-01   0.633122E+00   0.178565E-01   0.309750E+02
    -384  -0.134400E+02  -0.384000E+00   0.183044E-01   0.640655E+00   0.180935E-01   0.309400E+02
    -383  -0.134050E+02  -0.383000E+00   0.185108E-01   0.647880E+00   0.183207E-01   0.309050E+02
    -382  -0.133700E+02  -0.382000E+00   0.187563E-01   0.656469E+00   0.185430E-01   0.308700E+02
    -381  -0.133350E+02  -0.381000E+00   0.189611E-01   0.663637E+00   0.187266E-01   0.308350E+02
    -380  -0.133000E+02  -0.380000E+00   0.192092E-01   0.672321E+00   0.190093E-01   0.308000E+02
    -379  -0.132650E+02  -0.379000E+00   0.194178E-01   0.679622E+00   0.192040E-01   0.307650E+02
    -378  -0.132300E+02  -0.378000E+00   0.196182E-01   0.686637E+00   0.194049E-01   0.307300E+02
    -377  -0.131950E+02  -0.377000E+00   0.198220E-01   0.693772E+00   0.196015E-01   0.306950E+02
    -376  -0.131600E+02  -0.376000E+00   0.200772E-01   0.702702E+00   0.198266E-01   0.306600E+02
    -375  -0.131250E+02  -0.375000E+00   0.202510E-01   0.708785E+00   0.200333E-01   0.306250E+02
    -374  -0.130900E+02  -0.374000E+00   0.205204E-01   0.718213E+00   0.202891E-01   0.305900E+02
    -373  -0.130550E+02  -0.373000E+00   0.207257E-01   0.725401E+00   0.204614E-01   0.305550E+02
    -372  -0.130200E+02  -0.372000E+00   0.210222E-01   0.735776E+00   0.207183E-01   0.305200E+02
    -371  -0.129850E+02  -0.371000E+00   0.211517E-01   0.740310E+00   0.209166E-01   0.304850E+02
    -370  -0.129500E+02  -0.370000E+00   0.213992E-01   0.748971E+00   0.211253E-01   0.304500E+02
    -369  -0.129150E+02  -0.369000E+00   0.215511E-01   0.754287E+00   0.213009E-01   0.304150E+02
    -368  -0.128800E+02  -0.368000E+00   0.217442E-01   0.761048E+00   0.214531E-01   0.303800E+02
    -367  -0.128450E+02  -0.367000E+00   0.219972E-01   0.769900E+00   0.217418E-01   0.303450E+02
    -366  -0.128100E+02  -0.366000E+00   0.221899E-01   0.776647E+00   0.219532E-01   0.303100E+02
    -365  -0.127750E+02  -0.365000E+00   0.223450E-01   0.782074E+00   0.221323E-01   0.302750E+02
    -364  -0.127400E+02  -0.364000E+00   0.226915E-01   0.794201E+00   0.224116E-01   0.302400E+02
    -363  -0.127050E+02  -0.363000E+00   0.227779E-01   0.797227E+00   0.225295E-01   0.302050E+02
    -362  -0.126700E+02  -0.362000E+00   0.230210E-01   0.805736E+00   0.227758E-01   0.301700E+02
    -361  -0.126350E+02  -0.361000E+00   0.231999E-01   0.811997E+00   0.229714E-01   0.301350E+02
    -360  -0.126000E+02  -0.360000E+00   0.233847E-01   0.818463E+00   0.231621E-01   0.301000E+02
    -359  -0.125650E+02  -0.359000E+00   0.236489E-01   0.827711E+00   0.233912E-01   0.300650E+02
    -358  -0.125300E+02  -0.358000E+00   0.237657E-01   0.831801E+00   0.235658E-01   0.300300E+02
    -357  -0.124950E+02  -0.357000E+00   0.240053E-01   0.840185E+00   0.237622E-01   0.299950E+02
    -356  -0.124600E+02  -0.356000E+00   0.241478E-01   0.845174E+00   0.239422E-01   0.299600E+02
    -355  -0.124250E+02  -0.355000E+00   0.243548E-01   0.852419E+00   0.240988E-01   0.299250E+02
    -354  -0.123900E+02  -0.354000E+00   0.246037E-01   0.861128E+00   0.243220E-01   0.298900E+02
    -353  -0.123550E+02  -0.353000E+00   0.247727E-01   0.867044E+00   0.245234E-01   0.298550E+02
    -352  -0.123200E+02  -0.352000E+00   0.249458E-01   0.873103E+00   0.246767E-01   0.298200E+02
    -351  -0.122850E+02  -0.351000E+00   0.250848E-01   0.877970E+00   0.248824E-01   0.297850E+02
    -350  -0.122500E+02  -0.350000E+00   0.253769E-01   0.888190E+00   0.251140E-01   0.297500E+02
    -349  -0.122150E+02  -0.349000E+00   0.255461E-01   0.894112E+00   0.252525E-01   0.297150E+02
    -348  -0.121800E+02  -0.348000E+00   0.256601E-01   0.898102E+00   0.254426E-01   0.296800E+02
    -347  -0.121450E+02  -0.347000E+00   0.258582E-01   0.905036E+00   0.256726E-01   0.296450E+02
    -346  -0.121100E+02  -0.346000E+00   0.260919E-01   0.913215E+00   0.258546E-01   0.296100E+02
    -345  -0.120750E+02  -0.345000E+00   0.262715E-01   0.919503E+00   0.259803E-01   0.295750E+02
    -344  -0.120400E+02  -0.344000E+00   0.264927E-01   0.927245E+00   0.261866E-01   0.295400E+02
    -343  -0.120050E+02  -0.343000E+00   0.266273E-01   0.931955E+00   0.263292E-01   0.295050E+02
    -342  -0.119700E+02  -0.342000E+00   0.267632E-01   0.936713E+00   0.264981E-01   0.294700E+02
    -341  -0.119350E+02  -0.341000E+00   0.269710E-01   0.943984E+00   0.266968E-01   0.294350E+02
    -340  -0.119000E+02  -0.340000E+00   0.271333E-01   0.949665E+00   0.268925E-01   0.294000E+02
    -339  -0.118650E+02  -0.339000E+00   0.273329E-01   0.956653E+00   0.270735E-01   0.293650E+02
    -338  -0.118300E+02  -0.338000E+00   0.274313E-01   0.960097E+00   0.271538E-01   0.293300E+02
    -337  -0.117950E+02  -0.337000E+00   0.277155E-01   0.970042E+00   0.273939E-01   0.292950E+02
    -336  -0.117600E+02  -0.336000E+00   0.278157E-01   0.973550E+00   0.275343E-01   0.292600E+02
    -335  -0.117250E+02  -0.335000E+00   0.279572E-01   0.978501E+00   0.277326E-01   0.292250E+02
    -334  -0.116900E+02  -0.334000E+00   0.281698E-01   0.985942E+00   0.278674E-01   0.291900E+02
    -333  -0.116550E+02  -0.333000E+00   0.283693E-01   0.992926E+00   0.280431E-01   0.291550E+02
    -332  -0.116200E+02  -0.332000E+00   0.284615E-01   0.996153E+00   0.281961E-01   0.291200E+02
    -331  -0.115850E+02  -0.331000E+00   0.286418E-01   0.100246E+01   0.283709E-01   0.290850E+02
    -330  -0.115500E+02  -0.330000E+00   0.288098E-01   0.100834E+01   0.285648E-01   0.290500E+02
    -329  -0.115150E+02  -0.329000E+00   0.289452E-01   0.101308E+01   0.286803E-01   0.290150E+02
    -328  -0.114800E+02  -0.328000E+00   0.290542E-01   0.101690E+01   0.288186E-01   0.289800E+02
    -327  -0.114450E+02  -0.327000E+00   0.292157E-01   0.102255E+01   0.289689E-01   0.289450E+02
    -326  -0.114100E+02  -0.326000E+00   0.294124E-01   0.102943E+01   0.291231E-01   0.289100E+02
    -325  -0.113750E+02  -0.325000E+00   0.296066E-01   0.103623E+01   0.292778E-01   0.288750E+02
    -324  -0.113400E+02  -0.324000E+00   0.297018E-01   0.103956E+01   0.293869E-01   0.288400E+02
    -323  -0.113050E+02  -0.323000E+00   0.298085E-01   0.104330E+01   0.295518E-01   0.288050E+02
    -322  -0.112700E+02  -0.322000E+00   0.299568E-01   0.104849E+01   0.296692E-01   0.287700E+02
    -321  -0.112350E+02  -0.321000E+00   0.300943E-01   0.105330E+01   0.298288E-01   0.287350E+02
    -320  -0.112000E+02  -0.320000E+00   0.302863E-01   0.106002E+01   0.299866E-01   0.287000E+02
    -319  -0.111650E+02  -0.319000E+00   0.304480E-01   0.106568E+01   0.301790E-01   0.286650E+02
    -318  -0.111300E+02  -0.318000E+00   0.306172E-01   0.107160E+01   0.302954E-01   0.286300E+02
    -317  -0.110950E+02  -0.317000E+00   0.306696E-01   0.107344E+01   0.303871E-01   0.285950E+02
    -316  -0.110600E+02  -0.316000E+00   0.307797E-01   0.107729E+01   0.305663E-01   0.285600E+02
    -315  -0.110250E+02  -0.315000E+00   0.309570E-01   0.108349E+01   0.306713E-01   0.285250E+02
    -314  -0.109900E+02  -0.314000E+00   0.311432E-01   0.109001E+01   0.308366E-01   0.284900E+02
    -313  -0.109550E+02  -0.313000E+00   0.312246E-01   0.109286E+01   0.309376E-01   0.284550E+02
    -312  -0.109200E+02  -0.312000E+00   0.313274E-01   0.109646E+01   0.310870E-01   0.284200E+02
    -311  -0.108850E+02  -0.311000E+00   0.314330E-01   0.110016E+01   0.311677E-01   0.283850E+02
    -310  -0.108500E+02  -0.310000E+00   0.315270E-01   0.110344E+01   0.312794E-01   0.283500E+02
    -309  -0.108150E+02  -0.309000E+00   0.317251E-01   0.111038E+01   0.314652E-01   0.283150E+02
    -308  -0.107800E+02  -0.308000E+00   0.318646E-01   0.111526E+01   0.315872E-01   0.282800E+02
    -307  -0.107450E+02  -0.307000E+00   0.320502E-01   0.112176E+01   0.317209E-01   0.282450E+02
    -306  -0.107100E+02  -0.306000E+00   0.320571E-01   0.112200E+01   0.317850E-01   0.282100E+02
    -305  -0.106750E+02  -0.305000E+00   0.322245E-01   0.112786E+01   0.319410E-01   0.281750E+02
    -304  -0.106400E+02  -0.304000E+00   0.323482E-01   0.113219E+01   0.320492E-01   0.281400E+02
    -303  -0.106050E+02  -0.303000E+00   0.324077E-01   0.113427E+01   0.321072E-01   0.281050E+02
    -302  -0.105700E+02  -0.302000E+00   0.325766E-01   0.114018E+01   0.322711E-01   0.280700E+02
    -301  -0.105350E+02  -0.301000E+00   0.326550E-01   0.114292E+01   0.323577E-01   0.280350E+02
    -300  -0.105000E+02  -0.300000E+00   0.327272E-01   0.114545E+01   0.324825E-01   0.280000E+02
    -299  -0.104650E+02  -0.299000E+00   0.328911E-01   0.115119E+01   0.325928E-01   0.279650E+02
    -298  -0.104300E+02  -0.298000E+00   0.329766E-01   0.115418E+01   0.327135E-01   0.279300E+02
    -297  -0.103950E+02  -0.297000E+00   0.330638E-01   0.115723E+01   0.327656E-01   0.278950E+02
    -296  -0.103600E+02  -0.296000E+00   0.331196E-01   0.115919E+01   0.328919E-01   0.278600E+02
    -295  -0.103250E+02  -0.295000E+00   0.331648E-01   0.116077E+01   0.329350E-01   0.278250E+02
    -294  -0.102900E+02  -0.294000E+00   0.333756E-01   0.116815E+01   0.330912E-01   0.277900E+02
    -293  -0.102550E+02  -0.293000E+00   0.335259E-01   0.117341E+01   0.332222E-01   0.277550E+02
    -292  -0.102200E+02  -0.292000E+00   0.335639E-01   0.117474E+01   0.333110E-01   0.277200E+02
    -291  -0.101850E+02  -0.291000E+00   0.336813E-01   0.117885E+01   0.334366E-01   0.276850E+02
    -290  -0.101500E+02  -0.290000E+00   0.337640E-01   0.118174E+01   0.334798E-01   0.276500E+02
    -289  -0.101150E+02  -0.289000E+00   0.338736E-01   0.118558E+01   0.335895E-01   0.276150E+02
    -288  -0.100800E+02  -0.288000E+00   0.339835E-01   0.118942E+01   0.337185E-01   0.275800E+02
    -287  -0.100450E+02  -0.287000E+00   0.340783E-01   0.119274E+01   0.337330E-01   0.275450E+02
    -286  -0.100100E+02  -0.286000E+00   0.341713E-01   0.119599E+01   0.338955E-01   0.275100E+02
    -285  -0.997500E+01  -0.285000E+00   0.342230E-01   0.119781E+01   0.339625E-01   0.274750E+02
    -284  -0.994000E+01  -0.284000E+00   0.343365E-01   0.120178E+01   0.340326E-01   0.274400E+02
    -283  -0.990500E+01  -0.283000E+00   0.345062E-01   0.120772E+01   0.341783E-01   0.274050E+02
    -282  -0.987000E+01  -0.282000E+00   0.345198E-01   0.120819E+01   0.342358E-01   0.273700E+02
    -281  -0.983500E+01  -0.281000E+00   0.345263E-01   0.120842E+01   0.342779E-01   0.273350E+02
    -280  -0.980000E+01  -0.280000E+00   0.347042E-01   0.121465E+01   0.343836E-01   0.273000E+02
    -279  -0.976500E+01  -0.279000E+00   0.347700E-01   0.121695E+01   0.345186E-01   0.272650E+02
    -278  -0.973000E+01  -0.278000E+00   0.347918E-01   0.121771E+01   0.345569E-01   0.272300E+02
    -277  -0.969500E+01  -0.277000E+00   0.349689E-01   0.122391E+01   0.346853E-01   0.271950E+02
    -276  -0.966000E+01  -0.276000E+00   0.350128E-01   0.122545E+01   0.347456E-01   0.271600E+02
    -275  -0.962500E+01  -0.275000E+00   0.350107E-01   0.122537E+01   0.347642E-01   0.271250E+02
    -274  -0.959000E+01  -0.274000E+00   0.351988E-01   0.123196E+01   0.348864E-01   0.270900E+02
    -273  -0.955500E+01  -0.273000E+00   0.352011E-01   0.123204E+01   0.349144E-01   0.270550E+02
    -272  -0.952000E+01  -0.272000E+00   0.353716E-01   0.123801E+01   0.350660E-01   0.270200E+02
    -271  -0.948500E+01  -0.271000E+00   0.353731E-01   0.123806E+01   0.350820E-01   0.269850E+02
    -270  -0.945000E+01  -0.270000E+00   0.354434E-01   0.124052E+01   0.351612E-01   0.269500E+02
    -269  -0.941500E+01  -0.269000E+00   0.354389E-01   0.124036E+01   0.352469E-01   0.269150E+02
    -268  -0.938000E+01  -0.268000E+00   0.354735E-01   0.124157E+01   0.352533E-01   0.268800E+02
    -267  -0.934500E+01  -0.267000E+00   0.356021E-01   0.124607E+01   0.353542E-01   0.268450E+02
    -266  -0.931000E+01  -0.266000E+00   0.356120E-01   0.124642E+01   0.353716E-01   0.268100E+02
    -265  -0.927500E+01  -0.265000E+00   0.357979E-01   0.125293E+01   0.354742E-01   0.267750E+02
    -264  -0.924000E+01  -0.264000E+00   0.358796E-01   0.125579E+01   0.355649E-01   0.267400E+02
    -263  -0.920500E+01  -0.263000E+00   0.359209E-01   0.125723E+01   0.356419E-01   0.267050E+02
    -262  -0.917000E+01  -0.262000E+00   0.360024E-01   0.126008E+01   0.357226E-01   0.266700E+02
    -261  -0.913500E+01  -0.261000E+00   0.360623E-01   0.126218E+01   0.357736E-01   0.266350E+02
    -260  -0.910000E+01  -0.260000E+00   0.361335E-01   0.126467E+01   0.358395E-01   0.266000E+02
    -259  -0.906500E+01  -0.259000E+00   0.361736E-01   0.126608E+01   0.358624E-01   0.265650E+02
    -258  -0.903000E+01  -0.258000E+00   0.362024E-01   0.126708E+01   0.358713E-01   0.265300E+02
    -257  -0.899500E+01  -0.257000E+00   0.362316E-01   0.126811E+01   0.359976E-01   0.264950E+02
    -256  -0.896000E+01  -0.256000E+00   0.363562E-01   0.127247E+01   0.360809E-01   0.264600E+02
    -255  -0.892500E+01  -0.255000E+00   0.363938E-01   0.127378E+01   0.360886E-01   0.264250E+02
    -254  -0.889000E+01  -0.254000E+00   0.363429E-01   0.127200E+01   0.360923E-01   0.263900E+02
    -253  -0.885500E+01  -0.253000E+00   0.364263E-01   0.127492E+01   0.361809E-01   0.263550E+02
    -252  -0.882000E+01  -0.252000E+00   0.365129E-01   0.127795E+01   0.362255E-01   0.263200E+02
    -251  -0.878500E+01  -0.251000E+00   0.365731E-01   0.128006E+01   0.362449E-01   0.262850E+02
    -250  -0.875000E+01  -0.250000E+00   0.365545E-01   0.127941E+01   0.362975E-01   0.262500E+02
    -249  -0.871500E+01  -0.249000E+00   0.366481E-01   0.128268E+01   0.364047E-01   0.262150E+02
    -248  -0.868000E+01  -0.248000E+00   0.366779E-01   0.128373E+01   0.364009E-01   0.261800E+02
    -247  -0.864500E+01  -0.247000E+00   0.367505E-01   0.128627E+01   0.364795E-01   0.261450E+02
    -246  -0.861000E+01  -0.246000E+00   0.368565E-01   0.128998E+01   0.365368E-01   0.261100E+02
    -245  -0.857500E+01  -0.245000E+00   0.369011E-01   0.129154E+01   0.365790E-01   0.260750E+02
    -244  -0.854000E+01  -0.244000E+00   0.369022E-01   0.129158E+01   0.366137E-01   0.260400E+02
    -243  -0.850500E+01  -0.243000E+00   0.368962E-01   0.129137E+01   0.366181E-01   0.260050E+02
    -242  -0.847000E+01  -0.242000E+00   0.369381E-01   0.129283E+01   0.366690E-01   0.259700E+02
    -241  -0.843500E+01  -0.241000E+00   0.369630E-01   0.129370E+01   0.367125E-01   0.259350E+02
    -240  -0.840000E+01  -0.240000E+00   0.370459E-01   0.129661E+01   0.367843E-01   0.259000E+02
    -239  -0.836500E+01  -0.239000E+00   0.371057E-01   0.129870E+01   0.368340E-01   0.258650E+02
    -238  -0.833000E+01  -0.238000E+00   0.371463E-01   0.130012E+01   0.368519E-01   0.258300E+02
    -237  -0.829500E+01  -0.237000E+00   0.371657E-01   0.130080E+01   0.369016E-01   0.257950E+02
    -236  -0.826000E+01  -0.236000E+00   0.371692E-01   0.130092E+01   0.369553E-01   0.257600E+02
    -235  -0.822500E+01  -0.235000E+00   0.372977E-01   0.130542E+01   0.369598E-01   0.257250E+02
    -234  -0.819000E+01  -0.234000E+00   0.372088E-01   0.130231E+01   0.370061E-01   0.256900E+02
    -233  -0.815500E+01  -0.233000E+00   0.373208E-01   0.130623E+01   0.370276E-01   0.256550E+02
    -232  -0.812000E+01  -0.232000E+00   0.372707E-01   0.130447E+01   0.370391E-01   0.256200E+02
    -231  -0.808500E+01  -0.231000E+00   0.374230E-01   0.130981E+01   0.371468E-01   0.255850E+02
    -230  -0.805000E+01  -0.230000E+00   0.374098E-01   0.130934E+01   0.371646E-01   0.255500E+02
    -229  -0.801500E+01  -0.229000E+00   0.374655E-01   0.131129E+01   0.372049E-01   0.255150E+02
    -228  -0.798000E+01  -0.228000E+00   0.374455E-01   0.131059E+01   0.372276E-01   0.254800E+02
    -227  -0.794500E+01  -0.227000E+00   0.375114E-01   0.131290E+01   0.372814E-01   0.254450E+02
    -226  -0.791000E+01  -0.226000E+00   0.374870E-01   0.131205E+01   0.372472E-01   0.254100E+02
    -225  -0.787500E+01  -0.225000E+00   0.375805E-01   0.131532E+01   0.373320E-01   0.253750E+02
    -224  -0.784000E+01  -0.224000E+00   0.376007E-01   0.131603E+01   0.373082E-01   0.253400E+02
    -223  -0.780500E+01  -0.223000E+00   0.375817E-01   0.131536E+01   0.373394E-01   0.253050E+02
    -222  -0.777000E+01  -0.222000E+00   0.375941E-01   0.131579E+01   0.373780E-01   0.252700E+02
    -221  -0.773500E+01  -0.221000E+00   0.376655E-01   0.131829E+01   0.373986E-01   0.252350E+02
    -220  -0.770000E+01  -0.220000E+00   0.377399E-01   0.132089E+01   0.374994E-01   0.252000E+02
    -219  -0.766500E+01  -0.219000E+00   0.377291E-01   0.132052E+01   0.374828E-01   0.251650E+02
    -218  -0.763000E+01  -0.218000E+00   0.378323E-01   0.132413E+01   0.375546E-01   0.251300E+02
    -217  -0.759500E+01  -0.217000E+00   0.378296E-01   0.132404E+01   0.375322E-01   0.250950E+02
    -216  -0.756000E+01  -0.216000E+00   0.377022E-01   0.131958E+01   0.375010E-01   0.250600E+02
    -215  -0.752500E+01  -0.215000E+00   0.378355E-01   0.132424E+01   0.375857E-01   0.250250E+02
    -214  -0.749000E+01  -0.214000E+00   0.378073E-01   0.132326E+01   0.375925E-01   0.249900E+02
    -213  -0.745500E+01  -0.213000E+00   0.377601E-01   0.132160E+01   0.375578E-01   0.249550E+02
    -212  -0.742000E+01  -0.212000E+00   0.378168E-01   0.132359E+01   0.376501E-01   0.249200E+02
    -211  -0.738500E+01  -0.211000E+00   0.379842E-01   0.132945E+01   0.377096E-01   0.248850E+02
    -210  -0.735000E+01  -0.210000E+00   0.379378E-01   0.132782E+01   0.376907E-01   0.248500E+02
    -209  -0.731500E+01  -0.209000E+00   0.379257E-01   0.132740E+01   0.376932E-01   0.248150E+02
    -208  -0.728000E+01  -0.208000E+00   0.379944E-01   0.132980E+01   0.377060E-01   0.247800E+02
    -207  -0.724500E+01  -0.207000E+00   0.379809E-01   0.132933E+01   0.377824E-01   0.247450E+02
    -206  -0.721000E+01  -0.206000E+00   0.379654E-01   0.132879E+01   0.377747E-01   0.247100E+02
    -205  -0.717500E+01  -0.205000E+00   0.379565E-01   0.132848E+01   0.377796E-01   0.246750E+02
    -204  -0.714000E+01  -0.204000E+00   0.380311E-01   0.133109E+01   0.377530E-01   0.246400E+02
    -203  -0.710500E+01  -0.203000E+00   0.380331E-01   0.133116E+01   0.377660E-01   0.246050E+02
    -202  -0.707000E+01  -0.202000E+00   0.380539E-01   0.133189E+01   0.378239E-01   0.245700E+02
    -201  -0.703500E+01  -0.201000E+00   0.380934E-01   0.133327E+01   0.378893E-01   0.245350E+02
    -200  -0.700000E+01  -0.200000E+00   0.380584E-01   0.133204E+01   0.378249E-01   0.245000E+02
    -199  -0.696500E+01  -0.199000E+00   0.380603E-01   0.133211E+01   0.378798E-01   0.244650E+02
    -198  -0.693000E+01  -0.198000E+00   0.380524E-01   0.133183E+01   0.379096E-01   0.244300E+02
    -197  -0.689500E+01  -0.197000E+00   0.381588E-01   0.133556E+01   0.379450E-01   0.243950E+02
    -196  -0.686000E+01  -0.196000E+00   0.382117E-01   0.133741E+01   0.379408E-01   0.243600E+02
    -195  -0.682500E+01  -0.195000E+00   0.380754E-01   0.133264E+01   0.379255E-01   0.243250E+02
    -194  -0.679000E+01  -0.194000E+00   0.381326E-01   0.133464E+01   0.379003E-01   0.242900E+02
    -193  -0.675500E+01  -0.193000E+00   0.381538E-01   0.133538E+01   0.379796E-01   0.242550E+02
    -192  -0.672000E+01  -0.192000E+00   0.381987E-01   0.133696E+01   0.380089E-01   0.242200E+02
    -191  -0.668500E+01  -0.191000E+00   0.382088E-01   0.133731E+01   0.380079E-01   0.241850E+02
    -190  -0.665000E+01  -0.190000E+00   0.382479E-01   0.133868E+01   0.380081E-01   0.241500E+02
    -189  -0.661500E+01  -0.189000E+00   0.382730E-01   0.133956E+01   0.380648E-01   0.241150E+02
    -188  -0.658000E+01  -0.188000E+00   0.382803E-01   0.133981E+01   0.380355E-01   0.240800E+02
    -187  -0.654500E+01  -0.187000E+00   0.381922E-01   0.133673E+01   0.379867E-01   0.240450E+02
    -186  -0.651000E+01  -0.186000E+00   0.383498E-01   0.134224E+01   0.380938E-01   0.240100E+02
    -185  -0.647500E+01  -0.185000E+00   0.383709E-01   0.134298E+01   0.381603E-01   0.239750E+02
    -184  -0.644000E+01  -0.184000E+00   0.382750E-01   0.133962E+01   0.380571E-01   0.239400E+02
    -183  -0.640500E+01  -0.183000E+00   0.383227E-01   0.134129E+01   0.380965E-01   0.239050E+02
    -182  -0.637000E+01  -0.182000E+00   0.382678E-01   0.133937E+01   0.380691E-01   0.238700E+02
    -181  -0.633500E+01  -0.181000E+00   0.383178E-01   0.134112E+01   0.381025E-01   0.238350E+02
    -180  -0.630000E+01  -0.180000E+00   0.382855E-01   0.133999E+01   0.381069E-01   0.238000E+02
    -179  -0.626500E+01  -0.179000E+00   0.383670E-01   0.134284E+01   0.381924E-01   0.237650E+02
    -178  -0.623000E+01  -0.178000E+00   0.383329E-01   0.134165E+01   0.381650E-01   0.237300E+02
    -177  -0.619500E+01  -0.177000E+00   0.382554E-01   0.133894E+01   0.380878E-01   0.236950E+02
    -176  -0.616000E+01  -0.176000E+00   0.383541E-01   0.134239E+01   0.381964E-01   0.236600E+02
    -175  -0.612500E+01  -0.175000E+00   0.382698E-01   0.133944E+01   0.381486E-01   0.236250E+02
    -174  -0.609000E+01  -0.174000E+00   0.384106E-01   0.134437E+01   0.381585E-01   0.235900E+02
    -173  -0.605500E+01  -0.173000E+00   0.384563E-01   0.134597E+01   0.382189E-01   0.235550E+02
    -172  -0.602000E+01  -0.172000E+00   0.383591E-01   0.134257E+01   0.381921E-01   0.235200E+02
    -171  -0.598500E+01  -0.171000E+00   0.383503E-01   0.134226E+01   0.381733E-01   0.234850E+02
    -170  -0.595000E+01  -0.170000E+00   0.384099E-01   0.134435E+01   0.382073E-01   0.234500E+02
    -169  -0.591500E+01  -0.169000E+00   0.383501E-01   0.134225E+01   0.382398E-01   0.234150E+02
    -168  -0.588000E+01  -0.168000E+00   0.383597E-01   0.134259E+01   0.382700E-01   0.233800E+02
    -167  -0.584500E+01  -0.167000E+00   0.383841E-01   0.134344E+01   0.381977E-01   0.233450E+02
    -166  -0.581000E+01  -0.166000E+00   0.383669E-01   0.134284E+01   0.382027E-01   0.233100E+02
    -165  -0.577500E+01  -0.165000E+00   0.384296E-01   0.134503E+01   0.382194E-01   0.232750E+02
    -164  -0.574000E+01  -0.164000E+00   0.384248E-01   0.134487E+01   0.382533E-01   0.232400E+02
    -163  -0.570500E+01  -0.163000E+00   0.383813E-01   0.134335E+01   0.382137E-01   0.232050E+02
    -162  -0.567000E+01  -0.162000E+00   0.384235E-01   0.134482E+01   0.381791E-01   0.231700E+02
    -161  -0.563500E+01  -0.161000E+00   0.383311E-01   0.134159E+01   0.381598E-01   0.231350E+02
    -160  -0.560000E+01  -0.160000E+00   0.384078E-01   0.134427E+01   0.382408E-01   0.231000E+02
    -159  -0.556500E+01  -0.159000E+00   0.384660E-01   0.134631E+01   0.383237E-01   0.230650E+02
    -158  -0.553000E+01  -0.158000E+00   0.383680E-01   0.134288E+01   0.382256E-01   0.230300E+02
    -157  -0.549500E+01  -0.157000E+00   0.384702E-01   0.134646E+01   0.382567E-01   0.229950E+02
    -156  -0.546000E+01  -0.156000E+00   0.383721E-01   0.134302E+01   0.382560E-01   0.229600E+02
    -155  -0.542500E+01  -0.155000E+00   0.385199E-01   0.134820E+01   0.383301E-01   0.229250E+02
    -154  -0.539000E+01  -0.154000E+00   0.384620E-01   0.134617E+01   0.382823E-01   0.228900E+02
    -153  -0.535500E+01  -0.153000E+00   0.383699E-01   0.134295E+01   0.382609E-01   0.228550E+02
    -152  -0.532000E+01  -0.152000E+00   0.384070E-01   0.134424E+01   0.382492E-01   0.228200E+02
    -151  -0.528500E+01  -0.151000E+00   0.384562E-01   0.134597E+01   0.383360E-01   0.227850E+02
    -150  -0.525000E+01  -0.150000E+00   0.383711E-01   0.134299E+01   0.382404E-01   0.227500E+02
    -149  -0.521500E+01  -0.149000E+00   0.384096E-01   0.134433E+01   0.382805E-01   0.227150E+02
    -148  -0.518000E+01  -0.148000E+00   0.384176E-01   0.134462E+01   0.382287E-01   0.226800E+02
    -147  -0.514500E+01  -0.147000E+00   0.384608E-01   0.134613E+01   0.382877E-01   0.226450E+02
    -146  -0.511000E+01  -0.146000E+00   0.384268E-01   0.134494E+01   0.382788E-01   0.226100E+02
    -145  -0.507500E+01  -0.145000E+00   0.385875E-01   0.135056E+01   0.383468E-01   0.225750E+02
    -144  -0.504000E+01  -0.144000E+00   0.383742E-01   0.134310E+01   0.382924E-01   0.225400E+02
    -143  -0.500500E+01  -0.143000E+00   0.384287E-01   0.134500E+01   0.382863E-01   0.225050E+02
    -142  -0.497000E+01  -0.142000E+00   0.383457E-01   0.134210E+01   0.382761E-01   0.224700E+02
    -141  -0.493500E+01  -0.141000E+00   0.384833E-01   0.134692E+01   0.383438E-01   0.224350E+02
    -140  -0.490000E+01  -0.140000E+00   0.385532E-01   0.134936E+01   0.383753E-01   0.224000E+02
    -139  -0.486500E+01  -0.139000E+00   0.384312E-01   0.134509E+01   0.382817E-01   0.223650E+02
    -138  -0.483000E+01  -0.138000E+00   0.384571E-01   0.134600E+01   0.382975E-01   0.223300E+02
    -137  -0.479500E+01  -0.137000E+00   0.384542E-01   0.134590E+01   0.383080E-01   0.222950E+02
    -136  -0.476000E+01  -0.136000E+00   0.384216E-01   0.134476E+01   0.382535E-01   0.222600E+02
    -135  -0.472500E+01  -0.135000E+00   0.384791E-01   0.134677E+01   0.384162E-01   0.222250E+02
    -134  -0.469000E+01  -0.134000E+00   0.384315E-01   0.134510E+01   0.383285E-01   0.221900E+02
    -133  -0.465500E+01  -0.133000E+00   0.383754E-01   0.134314E+01   0.382735E-01   0.221550E+02
    -132  -0.462000E+01  -0.132000E+00   0.384815E-01   0.134685E+01   0.383214E-01   0.221200E+02
    -131  -0.458500E+01  -0.131000E+00   0.384106E-01   0.134437E+01   0.383128E-01   0.220850E+02
    -130  -0.455000E+01  -0.130000E+00   0.384104E-01   0.134436E+01   0.383275E-01   0.220500E+02
    -129  -0.451500E+01  -0.129000E+00   0.385179E-01   0.134813E+01   0.383782E-01   0.220150E+02
    -128  -0.448000E+01  -0.128000E+00   0.384539E-01   0.134589E+01   0.383877E-01   0.219800E+02
    -127  -0.444500E+01  -0.127000E+00   0.384424E-01   0.134548E+01   0.383434E-01   0.219450E+02
    -126  -0.441000E+01  -0.126000E+00   0.384687E-01   0.134640E+01   0.383648E-01   0.219100E+02
    -125  -0.437500E+01  -0.125000E+00   0.383826E-01   0.134339E+01   0.382893E-01   0.218750E+02
    -124  -0.434000E+01  -0.124000E+00   0.383363E-01   0.134177E+01   0.383273E-01   0.218400E+02
    -123  -0.430500E+01  -0.123000E+00   0.384597E-01   0.134609E+01   0.383597E-01   0.218050E+02
    -122  -0.427000E+01  -0.122000E+00   0.384207E-01   0.134472E+01   0.383586E-01   0.217700E+02
    -121  -0.423500E+01  -0.121000E+00   0.384929E-01   0.134725E+01   0.383403E-01   0.217350E+02
    -120  -0.420000E+01  -0.120000E+00   0.385137E-01   0.134798E+01   0.383902E-01   0.217000E+02
    -119  -0.416500E+01  -0.119000E+00   0.383995E-01   0.134398E+01   0.383394E-01   0.216650E+02
    -118  -0.413000E+01  -0.118000E+00   0.384385E-01   0.134535E+01   0.383377E-01   0.216300E+02
    -117  -0.409500E+01  -0.117000E+00   0.384699E-01   0.134645E+01   0.383932E-01   0.215950E+02
    -116  -0.406000E+01  -0.116000E+00   0.384441E-01   0.134554E+01   0.383662E-01   0.215600E+02
    -115  -0.402500E+01  -0.115000E+00   0.384129E-01   0.134445E+01   0.383221E-01   0.215250E+02
    -114  -0.399000E+01  -0.114000E+00   0.385200E-01   0.134820E+01   0.383628E-01   0.214900E+02
    -113  -0.395500E+01  -0.113000E+00   0.384574E-01   0.134601E+01   0.383890E-01   0.214550E+02
    -112  -0.392000E+01  -0.112000E+00   0.384498E-01   0.134574E+01   0.383534E-01   0.214200E+02
    -111  -0.388500E+01  -0.111000E+00   0.384491E-01   0.134572E+01   0.383852E-01   0.213850E+02
    -110  -0.385000E+01  -0.110000E+00   0.384954E-01   0.134734E+01   0.384164E-01   0.213500E+02
    -109  -0.381500E+01  -0.109000E+00   0.384405E-01   0.134542E+01   0.383660E-01   0.213150E+02
    -108  -0.378000E+01  -0.108000E+00   0.384726E-01   0.134654E+01   0.384236E-01   0.212800E+02
    -107  -0.374500E+01  -0.107000E+00   0.384590E-01   0.134606E+01   0.383808E-01   0.212450E+02
    -106  -0.371000E+01  -0.106000E+00   0.385098E-01   0.134784E+01   0.384193E-01   0.212100E+02
    -105  -0.367500E+01  -0.105000E+00   0.384499E-01   0.134575E+01   0.384265E-01   0.211750E+02
    -104  -0.364000E+01  -0.104000E+00   0.384154E-01   0.134454E+01   0.383706E-01   0.211400E+02
    -103  -0.360500E+01  -0.103000E+00   0.383925E-01   0.134374E+01   0.383544E-01   0.211050E+02
    -102  -0.357000E+01  -0.102000E+00   0.384858E-01   0.134700E+01   0.383479E-01   0.210700E+02
    -101  -0.353500E+01  -0.101000E+00   0.384745E-01   0.134661E+01   0.384076E-01   0.210350E+02
    -100  -0.350000E+01  -0.100000E+00   0.384073E-01   0.134426E+01   0.383556E-01   0.210000E+02
     -99  -0.346500E+01  -0.990000E-01   0.384405E-01   0.134542E+01   0.383677E-01   0.209650E+02
     -98  -0.343000E+01  -0.980000E-01   0.383749E-01   0.134312E+01   0.383468E-01   0.209300E+02
     -97  -0.339500E+01  -0.970000E-01   0.384625E-01   0.134619E+01   0.383708E-01   0.208950E+02
     -96  -0.336000E+01  -0.960000E-01   0.384823E-01   0.134688E+01   0.383835E-01   0.208600E+02
     -95  -0.332500E+01  -0.950000E-01   0.383970E-01   0.134389E+01   0.383502E-01   0.208250E+02
     -94  -0.329000E+01  -0.940000E-01   0.384137E-01   0.134448E+01   0.383801E-01   0.207900E+02
     -93  -0.325500E+01  -0.930000E-01   0.385027E-01   0.134760E+01   0.384064E-01   0.207550E+02
     -92  -0.322000E+01  -0.920000E-01   0.383661E-01   0.134281E+01   0.383534E-01   0.207200E+02
     -91  -0.318500E+01  -0.910000E-01   0.384616E-01   0.134616E+01   0.384034E-01   0.206850E+02
     -90  -0.315000E+01  -0.900000E-01   0.384410E-01   0.134544E+01   0.383777E-01   0.206500E+02
     -89  -0.311500E+01  -0.890000E-01   0.384077E-01   0.134427E+01   0.383754E-01   0.206150E+02
     -88  -0.308000E+01  -0.880000E-01   0.384027E-01   0.134410E+01   0.383315E-01   0.205800E+02
     -87  -0.304500E+01  -0.870000E-01   0.385350E-01   0.134873E+01   0.384774E-01   0.205450E+02
     -86  -0.301000E+01  -0.860000E-01   0.384629E-01   0.134620E+01   0.384602E-01   0.205100E+02
     -85  -0.297500E+01  -0.850000E-01   0.384351E-01   0.134523E+01   0.383458E-01   0.204750E+02
     -84  -0.294000E+01  -0.840000E-01   0.384832E-01   0.134691E+01   0.383888E-01   0.204400E+02
     -83  -0.290500E+01  -0.830000E-01   0.384260E-01   0.134491E+01   0.383986E-01   0.204050E+02
     -82  -0.287000E+01  -0.820000E-01   0.384380E-01   0.134533E+01   0.383799E-01   0.203700E+02
     -81  -0.283500E+01  -0.810000E-01   0.383764E-01   0.134317E+01   0.383885E-01   0.203350E+02
     -80  -0.280000E+01  -0.800000E-01   0.384398E-01   0.134539E+01   0.384175E-01   0.203000E+02
     -79  -0.276500E+01  -0.790000E-01   0.385132E-01   0.134796E+01   0.384596E-01   0.202650E+02
     -78  -0.273000E+01  -0.780000E-01   0.385080E-01   0.134778E+01   0.384067E-01   0.202300E+02
     -77  -0.269500E+01  -0.770000E-01   0.384100E-01   0.134435E+01   0.383966E-01   0.201950E+02
     -76  -0.266000E+01  -0.760000E-01   0.384577E-01   0.134602E+01   0.384137E-01   0.201600E+02
     -75  -0.262500E+01  -0.750000E-01   0.384991E-01   0.134747E+01   0.384272E-01   0.201250E+02
     -74  -0.259000E+01  -0.740000E-01   0.384105E-01   0.134437E+01   0.383769E-01   0.200900E+02
     -73  -0.255500E+01  -0.730000E-01   0.384694E-01   0.134643E+01   0.384175E-01   0.200550E+02
     -72  -0.252000E+01  -0.720000E-01   0.384535E-01   0.134587E+01   0.383775E-01   0.200200E+02
     -71  -0.248500E+01  -0.710000E-01   0.383738E-01   0.134308E+01   0.383149E-01   0.199850E+02
     -70  -0.245000E+01  -0.700000E-01   0.384347E-01   0.134521E+01   0.383659E-01   0.199500E+02
     -69  -0.241500E+01  -0.690000E-01   0.384110E-01   0.134439E+01   0.383950E-01   0.199150E+02
     -68  -0.238000E+01  -0.680000E-01   0.384074E-01   0.134426E+01   0.383845E-01   0.198800E+02
     -67  -0.234500E+01  -0.670000E-01   0.384909E-01   0.134718E+01   0.383588E-01   0.198450E+02
     -66  -0.231000E+01  -0.660000E-01   0.384843E-01   0.134695E+01   0.384054E-01   0.198100E+02
     -65  -0.227500E+01  -0.650000E-01   0.383956E-01   0.134385E+01   0.383684E-01   0.197750E+02
     -64  -0.224000E+01  -0.640000E-01   0.383475E-01   0.134216E+01   0.383475E-01   0.197400E+02
     -63  -0.220500E+01  -0.630000E-01   0.384526E-01   0.134584E+01   0.383874E-01   0.197050E+02
     -62  -0.217000E+01  -0.620000E-01   0.384039E-01   0.134414E+01   0.383542E-01   0.196700E+02
     -61  -0.213500E+01  -0.610000E-01   0.383637E-01   0.134273E+01   0.383769E-01   0.196350E+02
     -60  -0.210000E+01  -0.600000E-01   0.383481E-01   0.134218E+01   0.383500E-01   0.196000E+02
     -59  -0.206500E+01  -0.590000E-01   0.383933E-01   0.134376E+01   0.383826E-01   0.195650E+02
     -58  -0.203000E+01  -0.580000E-01   0.384093E-01   0.134433E+01   0.383842E-01   0.195300E+02
     -57  -0.199500E+01  -0.570000E-01   0.384310E-01   0.134508E+01   0.383791E-01   0.194950E+02
     -56  -0.196000E+01  -0.560000E-01   0.384098E-01   0.134434E+01   0.383875E-01   0.194600E+02
     -55  -0.192500E+01  -0.550000E-01   0.384342E-01   0.134520E+01   0.383713E-01   0.194250E+02
     -54  -0.189000E+01  -0.540000E-01   0.384211E-01   0.134474E+01   0.383908E-01   0.193900E+02
     -53  -0.185500E+01  -0.530000E-01   0.384147E-01   0.134451E+01   0.383595E-01   0.193550E+02
     -52  -0.182000E+01  -0.520000E-01   0.384162E-01   0.134457E+01   0.383991E-01   0.193200E+02
     -51  -0.178500E+01  -0.510000E-01   0.383992E-01   0.134397E+01   0.383767E-01   0.192850E+02
     -50  -0.175000E+01  -0.500000E-01   0.384647E-01   0.134626E+01   0.384244E-01   0.192500E+02
     -49  -0.171500E+01  -0.490000E-01   0.384518E-01   0.134581E+01   0.384040E-01   0.192150E+02
     -48  -0.168000E+01  -0.480000E-01   0.383502E-01   0.134226E+01   0.383446E-01   0.191800E+02
     -47  -0.164500E+01  -0.470000E-01   0.384007E-01   0.134403E+01   0.383684E-01   0.191450E+02
     -46  -0.161000E+01  -0.460000E-01   0.383328E-01   0.134165E+01   0.383143E-01   0.191100E+02
     -45  -0.157500E+01  -0.450000E-01   0.384014E-01   0.134405E+01   0.383585E-01   0.190750E+02
     -44  -0.154000E+01  -0.440000E-01   0.384520E-01   0.134582E+01   0.383792E-01   0.190400E+02
     -43  -0.150500E+01  -0.430000E-01   0.385262E-01   0.134842E+01   0.383968E-01   0.190050E+02
     -42  -0.147000E+01  -0.420000E-01   0.384130E-01   0.134445E+01   0.383807E-01   0.189700E+02
     -41  -0.143500E+01  -0.410000E-01   0.383847E-01   0.134347E+01   0.383329E-01   0.189350E+02
     -40  -0.140000E+01  -0.400000E-01   0.384145E-01   0.134451E+01   0.383714E-01   0.189000E+02
     -39  -0.136500E+01  -0.390000E-01   0.384706E-01   0.134647E+01   0.384164E-01   0.188650E+02
     -38  -0.133000E+01  -0.380000E-01   0.384710E-01   0.134648E+01   0.383736E-01   0.188300E+02
     -37  -0.129500E+01  -0.370000E-01   0.384350E-01   0.134523E+01   0.383940E-01   0.187950E+02
     -36  -0.126000E+01  -0.360000E-01   0.384569E-01   0.134599E+01   0.384313E-01   0.187600E+02
     -35  -0.122500E+01  -0.350000E-01   0.383996E-01   0.134399E+01   0.383900E-01   0.187250E+02
     -34  -0.119000E+01  -0.340000E-01   0.383719E-01   0.134302E+01   0.383853E-01   0.186900E+02
     -33  -0.115500E+01  -0.330000E-01   0.383430E-01   0.134200E+01   0.383319E-01   0.186550E+02
     -32  -0.112000E+01  -0.320000E-01   0.383729E-01   0.134305E+01   0.383275E-01   0.186200E+02
     -31  -0.108500E+01  -0.310000E-01   0.384384E-01   0.134534E+01   0.384008E-01   0.185850E+02
     -30  -0.105000E+01  -0.300000E-01   0.383425E-01   0.134199E+01   0.383115E-01   0.185500E+02
     -29  -0.101500E+01  -0.290000E-01   0.384995E-01   0.134748E+01   0.383962E-01   0.185150E+02
     -28  -0.980000E+00  -0.280000E-01   0.384550E-01   0.134592E+01   0.383420E-01   0.184800E+02
     -27  -0.945000E+00  -0.270000E-01   0.384895E-01   0.134713E+01   0.384223E-01   0.184450E+02
     -26  -0.910000E+00  -0.260000E-01   0.383429E-01   0.134200E+01   0.383590E-01   0.184100E+02
     -25  -0.875000E+00  -0.250000E-01   0.384309E-01   0.134508E+01   0.384032E-01   0.183750E+02
     -24  -0.840000E+00  -0.240000E-01   0.384709E-01   0.134648E+01   0.384237E-01   0.183400E+02
     -23  -0.805000E+00  -0.230000E-01   0.384569E-01   0.134599E+01   0.383729E-01   0.183050E+02
     -22  -0.770000E+00  -0.220000E-01   0.384213E-01   0.134475E+01   0.383972E-01   0.182700E+02
     -21  -0.735000E+00  -0.210000E-01   0.383458E-01   0.134210E+01   0.383330E-01   0.182350E+02
     -20  -0.700000E+00  -0.200000E-01   0.384023E-01   0.134408E+01   0.383712E-01   0.182000E+02
     -19  -0.665000E+00  -0.190000E-01   0.384796E-01   0.134678E+01   0.384232E-01   0.181650E+02
     -18  -0.630000E+00  -0.180000E-01   0.383273E-01   0.134146E+01   0.383582E-01   0.181300E+02
     -17  -0.595000E+00  -0.170000E-01   0.383656E-01   0.134280E+01   0.383239E-01   0.180950E+02
     -16  -0.560000E+00  -0.160000E-01   0.384185E-01   0.134465E+01   0.383790E-01   0.180600E+02
     -15  -0.525000E+00  -0.150000E-01   0.383811E-01   0.134334E+01   0.383531E-01   0.180250E+02
     -14  -0.490000E+00  -0.140000E-01   0.383925E-01   0.134374E+01   0.383559E-01   0.179900E+02
     -13  -0.455000E+00  -0.130000E-01   0.384593E-01   0.134607E+01   0.384260E-01   0.179550E+02
     -12  -0.420000E+00  -0.120000E-01   0.384086E-01   0.134430E+01   0.383735E-01   0.179200E+02
     -11  -0.385000E+00  -0.110000E-01   0.383886E-01   0.134360E+01   0.383977E-01   0.178850E+02
     -10  -0.350000E+00  -0.100000E-01   0.383655E-01   0.134279E+01   0.383678E-01   0.178500E+02
      -9  -0.315000E+00  -0.900000E-02   0.383845E-01   0.134346E+01   0.383809E-01   0.178150E+02
      -8  -0.280000E+00  -0.800000E-02   0.384582E-01   0.134604E+01   0.384280E-01   0.177800E+02
      -7  -0.245000E+00  -0.700000E-02   0.384189E-01   0.134466E+01   0.384190E-01   0.177450E+02
      -6  -0.210000E+00  -0.600000E-02   0.384586E-01   0.134605E+01   0.383968E-01   0.177100E+02
      -5  -0.175000E+00  -0.500000E-02   0.383996E-01   0.134399E+01   0.383619E-01   0.176750E+02
      -4  -0.140000E+00  -0.400000E-02   0.383335E-01   0.134167E+01   0.383501E-01   0.176400E+02
      -3  -0.105000E+00  -0.300000E-02   0.384096E-01   0.134434E+01   0.384083E-01   0.176050E+02
      -2  -0.700000E-01  -0.200000E-02   0.383711E-01   0.134299E+01   0.383901E-01   0.175700E+02
      -1  -0.350000E-01  -0.100000E-02   0.384139E-01   0.134448E+01   0.384133E-01   0.175350E+02
       0   0.000000E+00   0.000000E+00   0.383550E-01   0.134243E+01   0.383550E-01   0.175000E+02
       1   0.350000E-01   0.100000E-02   0.384128E-01   0.134445E+01   0.384133E-01   0.174650E+02
       2   0.700000E-01   0.200000E-02   0.384092E-01   0.134432E+01   0.383901E-01   0.174300E+02
       3   0.105000E+00   0.300000E-02   0.384070E-01   0.134424E+01   0.384083E-01   0.173950E+02
       4   0.140000E+00   0.400000E-02   0.383666E-01   0.134283E+01   0.383501E-01   0.173600E+02
       5   0.175000E+00   0.500000E-02   0.383242E-01   0.134135E+01   0.383619E-01   0.173250E+02
       6   0.210000E+00   0.600000E-02   0.383349E-01   0.134172E+01   0.383968E-01   0.172900E+02
       7   0.245000E+00   0.700000E-02   0.384190E-01   0.134467E+01   0.384190E-01   0.172550E+02
       8   0.280000E+00   0.800000E-02   0.383979E-01   0.134393E+01   0.384280E-01   0.172200E+02
       9   0.315000E+00   0.900000E-02   0.383773E-01   0.134321E+01   0.383809E-01   0.171850E+02
      10   0.350000E+00   0.100000E-01   0.383700E-01   0.134295E+01   0.383678E-01   0.171500E+02
      11   0.385000E+00   0.110000E-01   0.384068E-01   0.134424E+01   0.383977E-01   0.171150E+02
      12   0.420000E+00   0.120000E-01   0.383385E-01   0.134185E+01   0.383735E-01   0.170800E+02
      13   0.455000E+00   0.130000E-01   0.383928E-01   0.134375E+01   0.384260E-01   0.170450E+02
      14   0.490000E+00   0.140000E-01   0.383193E-01   0.134118E+01   0.383559E-01   0.170100E+02
      15   0.525000E+00   0.150000E-01   0.383252E-01   0.134138E+01   0.383531E-01   0.169750E+02
      16   0.560000E+00   0.160000E-01   0.383395E-01   0.134188E+01   0.383790E-01   0.169400E+02
      17   0.595000E+00   0.170000E-01   0.382823E-01   0.133988E+01   0.383239E-01   0.169050E+02
      18   0.630000E+00   0.180000E-01   0.383891E-01   0.134362E+01   0.383582E-01   0.168700E+02
      19   0.665000E+00   0.190000E-01   0.383668E-01   0.134284E+01   0.384232E-01   0.168350E+02
      20   0.700000E+00   0.200000E-01   0.383401E-01   0.134190E+01   0.383712E-01   0.168000E+02
      21   0.735000E+00   0.210000E-01   0.383201E-01   0.134120E+01   0.383330E-01   0.167650E+02
      22   0.770000E+00   0.220000E-01   0.383731E-01   0.134306E+01   0.383972E-01   0.167300E+02
      23   0.805000E+00   0.230000E-01   0.382890E-01   0.134011E+01   0.383729E-01   0.166950E+02
      24   0.840000E+00   0.240000E-01   0.383765E-01   0.134318E+01   0.384237E-01   0.166600E+02
      25   0.875000E+00   0.250000E-01   0.383754E-01   0.134314E+01   0.384032E-01   0.166250E+02
      26   0.910000E+00   0.260000E-01   0.383752E-01   0.134313E+01   0.383590E-01   0.165900E+02
      27   0.945000E+00   0.270000E-01   0.383551E-01   0.134243E+01   0.384223E-01   0.165550E+02
      28   0.980000E+00   0.280000E-01   0.382291E-01   0.133802E+01   0.383420E-01   0.165200E+02
      29   0.101500E+01   0.290000E-01   0.382929E-01   0.134025E+01   0.383962E-01   0.164850E+02
      30   0.105000E+01   0.300000E-01   0.382805E-01   0.133982E+01   0.383115E-01   0.164500E+02
      31   0.108500E+01   0.310000E-01   0.383632E-01   0.134271E+01   0.384008E-01   0.164150E+02
      32   0.112000E+01   0.320000E-01   0.382821E-01   0.133987E+01   0.383275E-01   0.163800E+02
      33   0.115500E+01   0.330000E-01   0.383208E-01   0.134123E+01   0.383319E-01   0.163450E+02
      34   0.119000E+01   0.340000E-01   0.383987E-01   0.134395E+01   0.383853E-01   0.163100E+02
      35   0.122500E+01   0.350000E-01   0.383804E-01   0.134331E+01   0.383900E-01   0.162750E+02
      36   0.126000E+01   0.360000E-01   0.384058E-01   0.134420E+01   0.384313E-01   0.162400E+02
      37   0.129500E+01   0.370000E-01   0.383531E-01   0.134236E+01   0.383940E-01   0.162050E+02
      38   0.133000E+01   0.380000E-01   0.382762E-01   0.133967E+01   0.383736E-01   0.161700E+02
      39   0.136500E+01   0.390000E-01   0.383623E-01   0.134268E+01   0.384164E-01   0.161350E+02
      40   0.140000E+01   0.400000E-01   0.383282E-01   0.134149E+01   0.383714E-01   0.161000E+02
      41   0.143500E+01   0.410000E-01   0.382810E-01   0.133984E+01   0.383329E-01   0.160650E+02
      42   0.147000E+01   0.420000E-01   0.383485E-01   0.134220E+01   0.383807E-01   0.160300E+02
      43   0.150500E+01   0.430000E-01   0.382674E-01   0.133936E+01   0.383968E-01   0.159950E+02
      44   0.154000E+01   0.440000E-01   0.383064E-01   0.134072E+01   0.383792E-01   0.159600E+02
      45   0.157500E+01   0.450000E-01   0.383156E-01   0.134105E+01   0.383585E-01   0.159250E+02
      46   0.161000E+01   0.460000E-01   0.382957E-01   0.134035E+01   0.383143E-01   0.158900E+02
      47   0.164500E+01   0.470000E-01   0.383360E-01   0.134176E+01   0.383684E-01   0.158550E+02
      48   0.168000E+01   0.480000E-01   0.383390E-01   0.134186E+01   0.383446E-01   0.158200E+02
      49   0.171500E+01   0.490000E-01   0.383563E-01   0.134247E+01   0.384040E-01   0.157850E+02
      50   0.175000E+01   0.500000E-01   0.383842E-01   0.134345E+01   0.384244E-01   0.157500E+02
      51   0.178500E+01   0.510000E-01   0.383542E-01   0.134240E+01   0.383767E-01   0.157150E+02
      52   0.182000E+01   0.520000E-01   0.383819E-01   0.134337E+01   0.383991E-01   0.156800E+02
      53   0.185500E+01   0.530000E-01   0.383044E-01   0.134065E+01   0.383595E-01   0.156450E+02
      54   0.189000E+01   0.540000E-01   0.383604E-01   0.134261E+01   0.383908E-01   0.156100E+02
      55   0.192500E+01   0.550000E-01   0.383085E-01   0.134080E+01   0.383713E-01   0.155750E+02
      56   0.196000E+01   0.560000E-01   0.383651E-01   0.134278E+01   0.383875E-01   0.155400E+02
      57   0.199500E+01   0.570000E-01   0.383273E-01   0.134145E+01   0.383791E-01   0.155050E+02
      58   0.203000E+01   0.580000E-01   0.383591E-01   0.134257E+01   0.383842E-01   0.154700E+02
      59   0.206500E+01   0.590000E-01   0.383719E-01   0.134302E+01   0.383826E-01   0.154350E+02
      60   0.210000E+01   0.600000E-01   0.383518E-01   0.134231E+01   0.383500E-01   0.154000E+02
      61   0.213500E+01   0.610000E-01   0.383901E-01   0.134365E+01   0.383769E-01   0.153650E+02
      62   0.217000E+01   0.620000E-01   0.383045E-01   0.134066E+01   0.383542E-01   0.153300E+02
      63   0.220500E+01   0.630000E-01   0.383222E-01   0.134128E+01   0.383874E-01   0.152950E+02
      64   0.224000E+01   0.640000E-01   0.383474E-01   0.134216E+01   0.383475E-01   0.152600E+02
      65   0.227500E+01   0.650000E-01   0.383412E-01   0.134194E+01   0.383684E-01   0.152250E+02
      66   0.231000E+01   0.660000E-01   0.383265E-01   0.134143E+01   0.384054E-01   0.151900E+02
      67   0.234500E+01   0.670000E-01   0.382266E-01   0.133793E+01   0.383588E-01   0.151550E+02
      68   0.238000E+01   0.680000E-01   0.383616E-01   0.134265E+01   0.383845E-01   0.151200E+02
      69   0.241500E+01   0.690000E-01   0.383789E-01   0.134326E+01   0.383950E-01   0.150850E+02
      70   0.245000E+01   0.700000E-01   0.382972E-01   0.134040E+01   0.383659E-01   0.150500E+02
      71   0.248500E+01   0.710000E-01   0.382561E-01   0.133896E+01   0.383149E-01   0.150150E+02
      72   0.252000E+01   0.720000E-01   0.383015E-01   0.134055E+01   0.383775E-01   0.149800E+02
      73   0.255500E+01   0.730000E-01   0.383657E-01   0.134280E+01   0.384175E-01   0.149450E+02
      74   0.259000E+01   0.740000E-01   0.383434E-01   0.134202E+01   0.383769E-01   0.149100E+02
      75   0.262500E+01   0.750000E-01   0.383554E-01   0.134244E+01   0.384272E-01   0.148750E+02
      76   0.266000E+01   0.760000E-01   0.383698E-01   0.134294E+01   0.384137E-01   0.148400E+02
      77   0.269500E+01   0.770000E-01   0.383833E-01   0.134342E+01   0.383966E-01   0.148050E+02
      78   0.273000E+01   0.780000E-01   0.383054E-01   0.134069E+01   0.384067E-01   0.147700E+02
      79   0.276500E+01   0.790000E-01   0.384060E-01   0.134421E+01   0.384596E-01   0.147350E+02
      80   0.280000E+01   0.800000E-01   0.383953E-01   0.134383E+01   0.384175E-01   0.147000E+02
      81   0.283500E+01   0.810000E-01   0.384006E-01   0.134402E+01   0.383885E-01   0.146650E+02
      82   0.287000E+01   0.820000E-01   0.383218E-01   0.134126E+01   0.383799E-01   0.146300E+02
      83   0.290500E+01   0.830000E-01   0.383713E-01   0.134300E+01   0.383986E-01   0.145950E+02
      84   0.294000E+01   0.840000E-01   0.382944E-01   0.134030E+01   0.383888E-01   0.145600E+02
      85   0.297500E+01   0.850000E-01   0.382565E-01   0.133898E+01   0.383458E-01   0.145250E+02
      86   0.301000E+01   0.860000E-01   0.384575E-01   0.134601E+01   0.384602E-01   0.144900E+02
      87   0.304500E+01   0.870000E-01   0.384198E-01   0.134469E+01   0.384774E-01   0.144550E+02
      88   0.308000E+01   0.880000E-01   0.382602E-01   0.133911E+01   0.383315E-01   0.144200E+02
      89   0.311500E+01   0.890000E-01   0.383430E-01   0.134201E+01   0.383754E-01   0.143850E+02
      90   0.315000E+01   0.900000E-01   0.383144E-01   0.134100E+01   0.383777E-01   0.143500E+02
      91   0.318500E+01   0.910000E-01   0.383452E-01   0.134208E+01   0.384034E-01   0.143150E+02
      92   0.322000E+01   0.920000E-01   0.383406E-01   0.134192E+01   0.383534E-01   0.142800E+02
      93   0.325500E+01   0.930000E-01   0.383100E-01   0.134085E+01   0.384064E-01   0.142450E+02
      94   0.329000E+01   0.940000E-01   0.383466E-01   0.134213E+01   0.383801E-01   0.142100E+02
      95   0.332500E+01   0.950000E-01   0.383034E-01   0.134062E+01   0.383502E-01   0.141750E+02
      96   0.336000E+01   0.960000E-01   0.382847E-01   0.133996E+01   0.383835E-01   0.141400E+02
      97   0.339500E+01   0.970000E-01   0.382792E-01   0.133977E+01   0.383708E-01   0.141050E+02
      98   0.343000E+01   0.980000E-01   0.383187E-01   0.134116E+01   0.383468E-01   0.140700E+02
      99   0.346500E+01   0.990000E-01   0.382948E-01   0.134032E+01   0.383677E-01   0.140350E+02
     100   0.350000E+01   0.100000E+00   0.383039E-01   0.134064E+01   0.383556E-01   0.140000E+02
     101   0.353500E+01   0.101000E+00   0.383407E-01   0.134193E+01   0.384076E-01   0.139650E+02
     102   0.357000E+01   0.102000E+00   0.382099E-01   0.133735E+01   0.383479E-01   0.139300E+02
     103   0.360500E+01   0.103000E+00   0.383163E-01   0.134107E+01   0.383544E-01   0.138950E+02
     104   0.364000E+01   0.104000E+00   0.383258E-01   0.134140E+01   0.383706E-01   0.138600E+02
     105   0.367500E+01   0.105000E+00   0.384031E-01   0.134411E+01   0.384265E-01   0.138250E+02
     106   0.371000E+01   0.106000E+00   0.383287E-01   0.134150E+01   0.384193E-01   0.137900E+02
     107   0.374500E+01   0.107000E+00   0.383026E-01   0.134059E+01   0.383808E-01   0.137550E+02
     108   0.378000E+01   0.108000E+00   0.383746E-01   0.134311E+01   0.384236E-01   0.137200E+02
     109   0.381500E+01   0.109000E+00   0.382916E-01   0.134020E+01   0.383660E-01   0.136850E+02
     110   0.385000E+01   0.110000E+00   0.383374E-01   0.134181E+01   0.384164E-01   0.136500E+02
     111   0.388500E+01   0.111000E+00   0.383214E-01   0.134125E+01   0.383852E-01   0.136150E+02
     112   0.392000E+01   0.112000E+00   0.382569E-01   0.133899E+01   0.383534E-01   0.135800E+02
     113   0.395500E+01   0.113000E+00   0.383207E-01   0.134122E+01   0.383890E-01   0.135450E+02
     114   0.399000E+01   0.114000E+00   0.382057E-01   0.133720E+01   0.383628E-01   0.135100E+02
     115   0.402500E+01   0.115000E+00   0.382313E-01   0.133810E+01   0.383221E-01   0.134750E+02
     116   0.406000E+01   0.116000E+00   0.382883E-01   0.134009E+01   0.383662E-01   0.134400E+02
     117   0.409500E+01   0.117000E+00   0.383164E-01   0.134108E+01   0.383932E-01   0.134050E+02
     118   0.413000E+01   0.118000E+00   0.382369E-01   0.133829E+01   0.383377E-01   0.133700E+02
     119   0.416500E+01   0.119000E+00   0.382793E-01   0.133977E+01   0.383394E-01   0.133350E+02
     120   0.420000E+01   0.120000E+00   0.382667E-01   0.133933E+01   0.383902E-01   0.133000E+02
     121   0.423500E+01   0.121000E+00   0.381878E-01   0.133657E+01   0.383403E-01   0.132650E+02
     122   0.427000E+01   0.122000E+00   0.382964E-01   0.134037E+01   0.383586E-01   0.132300E+02
     123   0.430500E+01   0.123000E+00   0.382597E-01   0.133909E+01   0.383597E-01   0.131950E+02
     124   0.434000E+01   0.124000E+00   0.383184E-01   0.134114E+01   0.383273E-01   0.131600E+02
     125   0.437500E+01   0.125000E+00   0.381960E-01   0.133686E+01   0.382893E-01   0.131250E+02
     126   0.441000E+01   0.126000E+00   0.382610E-01   0.133913E+01   0.383648E-01   0.130900E+02
     127   0.444500E+01   0.127000E+00   0.382445E-01   0.133856E+01   0.383434E-01   0.130550E+02
     128   0.448000E+01   0.128000E+00   0.383215E-01   0.134125E+01   0.383877E-01   0.130200E+02
     129   0.451500E+01   0.129000E+00   0.382386E-01   0.133835E+01   0.383782E-01   0.129850E+02
     130   0.455000E+01   0.130000E+00   0.382445E-01   0.133856E+01   0.383275E-01   0.129500E+02
     131   0.458500E+01   0.131000E+00   0.382150E-01   0.133752E+01   0.383128E-01   0.129150E+02
     132   0.462000E+01   0.132000E+00   0.381613E-01   0.133564E+01   0.383214E-01   0.128800E+02
     133   0.465500E+01   0.133000E+00   0.381715E-01   0.133600E+01   0.382735E-01   0.128450E+02
     134   0.469000E+01   0.134000E+00   0.382256E-01   0.133789E+01   0.383285E-01   0.128100E+02
     135   0.472500E+01   0.135000E+00   0.383532E-01   0.134236E+01   0.384162E-01   0.127750E+02
     136   0.476000E+01   0.136000E+00   0.380853E-01   0.133299E+01   0.382535E-01   0.127400E+02
     137   0.479500E+01   0.137000E+00   0.381617E-01   0.133566E+01   0.383080E-01   0.127050E+02
     138   0.483000E+01   0.138000E+00   0.381379E-01   0.133483E+01   0.382975E-01   0.126700E+02
     139   0.486500E+01   0.139000E+00   0.381322E-01   0.133463E+01   0.382817E-01   0.126350E+02
     140   0.490000E+01   0.140000E+00   0.381973E-01   0.133691E+01   0.383753E-01   0.126000E+02
     141   0.493500E+01   0.141000E+00   0.382042E-01   0.133715E+01   0.383438E-01   0.125650E+02
     142   0.497000E+01   0.142000E+00   0.382065E-01   0.133723E+01   0.382761E-01   0.125300E+02
     143   0.500500E+01   0.143000E+00   0.381439E-01   0.133503E+01   0.382863E-01   0.124950E+02
     144   0.504000E+01   0.144000E+00   0.382106E-01   0.133737E+01   0.382924E-01   0.124600E+02
     145   0.507500E+01   0.145000E+00   0.381061E-01   0.133371E+01   0.383468E-01   0.124250E+02
     146   0.511000E+01   0.146000E+00   0.381308E-01   0.133458E+01   0.382788E-01   0.123900E+02
     147   0.514500E+01   0.147000E+00   0.381145E-01   0.133401E+01   0.382877E-01   0.123550E+02
     148   0.518000E+01   0.148000E+00   0.380399E-01   0.133140E+01   0.382287E-01   0.123200E+02
     149   0.521500E+01   0.149000E+00   0.381515E-01   0.133530E+01   0.382805E-01   0.122850E+02
     150   0.525000E+01   0.150000E+00   0.381097E-01   0.133384E+01   0.382404E-01   0.122500E+02
     151   0.528500E+01   0.151000E+00   0.382157E-01   0.133755E+01   0.383360E-01   0.122150E+02
     152   0.532000E+01   0.152000E+00   0.380914E-01   0.133320E+01   0.382492E-01   0.121800E+02
     153   0.535500E+01   0.153000E+00   0.381519E-01   0.133532E+01   0.382609E-01   0.121450E+02
     154   0.539000E+01   0.154000E+00   0.381026E-01   0.133359E+01   0.382823E-01   0.121100E+02
     155   0.542500E+01   0.155000E+00   0.381403E-01   0.133491E+01   0.383301E-01   0.120750E+02
     156   0.546000E+01   0.156000E+00   0.381400E-01   0.133490E+01   0.382560E-01   0.120400E+02
     157   0.549500E+01   0.157000E+00   0.380432E-01   0.133151E+01   0.382567E-01   0.120050E+02
     158   0.553000E+01   0.158000E+00   0.380833E-01   0.133292E+01   0.382256E-01   0.119700E+02
     159   0.556500E+01   0.159000E+00   0.381813E-01   0.133635E+01   0.383237E-01   0.119350E+02
     160   0.560000E+01   0.160000E+00   0.380738E-01   0.133258E+01   0.382408E-01   0.119000E+02
     161   0.563500E+01   0.161000E+00   0.379885E-01   0.132960E+01   0.381598E-01   0.118650E+02
     162   0.567000E+01   0.162000E+00   0.379347E-01   0.132772E+01   0.381791E-01   0.118300E+02
     163   0.570500E+01   0.163000E+00   0.380461E-01   0.133162E+01   0.382137E-01   0.117950E+02
     164   0.574000E+01   0.164000E+00   0.380817E-01   0.133286E+01   0.382533E-01   0.117600E+02
     165   0.577500E+01   0.165000E+00   0.380092E-01   0.133032E+01   0.382194E-01   0.117250E+02
     166   0.581000E+01   0.166000E+00   0.380385E-01   0.133135E+01   0.382027E-01   0.116900E+02
     167   0.584500E+01   0.167000E+00   0.380114E-01   0.133040E+01   0.381977E-01   0.116550E+02
     168   0.588000E+01   0.168000E+00   0.381802E-01   0.133631E+01   0.382700E-01   0.116200E+02
     169   0.591500E+01   0.169000E+00   0.381296E-01   0.133454E+01   0.382398E-01   0.115850E+02
     170   0.595000E+01   0.170000E+00   0.380047E-01   0.133016E+01   0.382073E-01   0.115500E+02
     171   0.598500E+01   0.171000E+00   0.379963E-01   0.132987E+01   0.381733E-01   0.115150E+02
     172   0.602000E+01   0.172000E+00   0.380251E-01   0.133088E+01   0.381921E-01   0.114800E+02
     173   0.605500E+01   0.173000E+00   0.379815E-01   0.132935E+01   0.382189E-01   0.114450E+02
     174   0.609000E+01   0.174000E+00   0.379064E-01   0.132672E+01   0.381585E-01   0.114100E+02
     175   0.612500E+01   0.175000E+00   0.380275E-01   0.133096E+01   0.381486E-01   0.113750E+02
     176   0.616000E+01   0.176000E+00   0.380386E-01   0.133135E+01   0.381964E-01   0.113400E+02
     177   0.619500E+01   0.177000E+00   0.379202E-01   0.132721E+01   0.380878E-01   0.113050E+02
     178   0.623000E+01   0.178000E+00   0.379971E-01   0.132990E+01   0.381650E-01   0.112700E+02
     179   0.626500E+01   0.179000E+00   0.380178E-01   0.133062E+01   0.381924E-01   0.112350E+02
     180   0.630000E+01   0.180000E+00   0.379283E-01   0.132749E+01   0.381069E-01   0.112000E+02
     181   0.633500E+01   0.181000E+00   0.378873E-01   0.132605E+01   0.381025E-01   0.111650E+02
     182   0.637000E+01   0.182000E+00   0.378704E-01   0.132546E+01   0.380691E-01   0.111300E+02
     183   0.640500E+01   0.183000E+00   0.378703E-01   0.132546E+01   0.380965E-01   0.110950E+02
     184   0.644000E+01   0.184000E+00   0.378392E-01   0.132437E+01   0.380571E-01   0.110600E+02
     185   0.647500E+01   0.185000E+00   0.379497E-01   0.132824E+01   0.381603E-01   0.110250E+02
     186   0.651000E+01   0.186000E+00   0.378378E-01   0.132432E+01   0.380938E-01   0.109900E+02
     187   0.654500E+01   0.187000E+00   0.377813E-01   0.132235E+01   0.379867E-01   0.109550E+02
     188   0.658000E+01   0.188000E+00   0.377908E-01   0.132268E+01   0.380355E-01   0.109200E+02
     189   0.661500E+01   0.189000E+00   0.378566E-01   0.132498E+01   0.380648E-01   0.108850E+02
     190   0.665000E+01   0.190000E+00   0.377684E-01   0.132189E+01   0.380081E-01   0.108500E+02
     191   0.668500E+01   0.191000E+00   0.378070E-01   0.132325E+01   0.380079E-01   0.108150E+02
     192   0.672000E+01   0.192000E+00   0.378191E-01   0.132367E+01   0.380089E-01   0.107800E+02
     193   0.675500E+01   0.193000E+00   0.378054E-01   0.132319E+01   0.379796E-01   0.107450E+02
     194   0.679000E+01   0.194000E+00   0.376681E-01   0.131838E+01   0.379003E-01   0.107100E+02
     195   0.682500E+01   0.195000E+00   0.377757E-01   0.132215E+01   0.379255E-01   0.106750E+02
     196   0.686000E+01   0.196000E+00   0.376699E-01   0.131845E+01   0.379408E-01   0.106400E+02
     197   0.689500E+01   0.197000E+00   0.377312E-01   0.132059E+01   0.379450E-01   0.106050E+02
     198   0.693000E+01   0.198000E+00   0.377669E-01   0.132184E+01   0.379096E-01   0.105700E+02
     199   0.696500E+01   0.199000E+00   0.376994E-01   0.131948E+01   0.378798E-01   0.105350E+02
     200   0.700000E+01   0.200000E+00   0.375915E-01   0.131570E+01   0.378249E-01   0.105000E+02
     201   0.703500E+01   0.201000E+00   0.376852E-01   0.131898E+01   0.378893E-01   0.104650E+02
     202   0.707000E+01   0.202000E+00   0.375939E-01   0.131579E+01   0.378239E-01   0.104300E+02
     203   0.710500E+01   0.203000E+00   0.374989E-01   0.131246E+01   0.377660E-01   0.103950E+02
     204   0.714000E+01   0.204000E+00   0.374748E-01   0.131162E+01   0.377530E-01   0.103600E+02
     205   0.717500E+01   0.205000E+00   0.376027E-01   0.131609E+01   0.377796E-01   0.103250E+02
     206   0.721000E+01   0.206000E+00   0.375839E-01   0.131544E+01   0.377747E-01   0.102900E+02
     207   0.724500E+01   0.207000E+00   0.375838E-01   0.131543E+01   0.377824E-01   0.102550E+02
     208   0.728000E+01   0.208000E+00   0.374177E-01   0.130962E+01   0.377060E-01   0.102200E+02
     209   0.731500E+01   0.209000E+00   0.374607E-01   0.131113E+01   0.376932E-01   0.101850E+02
     210   0.735000E+01   0.210000E+00   0.374436E-01   0.131053E+01   0.376907E-01   0.101500E+02
     211   0.738500E+01   0.211000E+00   0.374349E-01   0.131022E+01   0.377096E-01   0.101150E+02
     212   0.742000E+01   0.212000E+00   0.374833E-01   0.131192E+01   0.376501E-01   0.100800E+02
     213   0.745500E+01   0.213000E+00   0.373556E-01   0.130745E+01   0.375578E-01   0.100450E+02
     214   0.749000E+01   0.214000E+00   0.373776E-01   0.130822E+01   0.375925E-01   0.100100E+02
     215   0.752500E+01   0.215000E+00   0.373359E-01   0.130676E+01   0.375857E-01   0.997500E+01
     216   0.756000E+01   0.216000E+00   0.372998E-01   0.130549E+01   0.375010E-01   0.994000E+01
     217   0.759500E+01   0.217000E+00   0.372348E-01   0.130322E+01   0.375322E-01   0.990500E+01
     218   0.763000E+01   0.218000E+00   0.372768E-01   0.130469E+01   0.375546E-01   0.987000E+01
     219   0.766500E+01   0.219000E+00   0.372364E-01   0.130327E+01   0.374828E-01   0.983500E+01
     220   0.770000E+01   0.220000E+00   0.372589E-01   0.130406E+01   0.374994E-01   0.980000E+01
     221   0.773500E+01   0.221000E+00   0.371317E-01   0.129961E+01   0.373986E-01   0.976500E+01
     222   0.777000E+01   0.222000E+00   0.371619E-01   0.130067E+01   0.373780E-01   0.973000E+01
     223   0.780500E+01   0.223000E+00   0.370970E-01   0.129840E+01   0.373394E-01   0.969500E+01
     224   0.784000E+01   0.224000E+00   0.370157E-01   0.129555E+01   0.373082E-01   0.966000E+01
     225   0.787500E+01   0.225000E+00   0.370836E-01   0.129792E+01   0.373320E-01   0.962500E+01
     226   0.791000E+01   0.226000E+00   0.370073E-01   0.129526E+01   0.372472E-01   0.959000E+01
     227   0.794500E+01   0.227000E+00   0.370515E-01   0.129680E+01   0.372814E-01   0.955500E+01
     228   0.798000E+01   0.228000E+00   0.370096E-01   0.129534E+01   0.372276E-01   0.952000E+01
     229   0.801500E+01   0.229000E+00   0.369443E-01   0.129305E+01   0.372049E-01   0.948500E+01
     230   0.805000E+01   0.230000E+00   0.369193E-01   0.129218E+01   0.371646E-01   0.945000E+01
     231   0.808500E+01   0.231000E+00   0.368706E-01   0.129047E+01   0.371468E-01   0.941500E+01
     232   0.812000E+01   0.232000E+00   0.368075E-01   0.128826E+01   0.370391E-01   0.938000E+01
     233   0.815500E+01   0.233000E+00   0.367343E-01   0.128570E+01   0.370276E-01   0.934500E+01
     234   0.819000E+01   0.234000E+00   0.368034E-01   0.128812E+01   0.370061E-01   0.931000E+01
     235   0.822500E+01   0.235000E+00   0.366219E-01   0.128177E+01   0.369598E-01   0.927500E+01
     236   0.826000E+01   0.236000E+00   0.367414E-01   0.128595E+01   0.369553E-01   0.924000E+01
     237   0.829500E+01   0.237000E+00   0.366375E-01   0.128231E+01   0.369016E-01   0.920500E+01
     238   0.833000E+01   0.238000E+00   0.365576E-01   0.127952E+01   0.368519E-01   0.917000E+01
     239   0.836500E+01   0.239000E+00   0.365624E-01   0.127968E+01   0.368340E-01   0.913500E+01
     240   0.840000E+01   0.240000E+00   0.365227E-01   0.127830E+01   0.367843E-01   0.910000E+01
     241   0.843500E+01   0.241000E+00   0.364620E-01   0.127617E+01   0.367125E-01   0.906500E+01
     242   0.847000E+01   0.242000E+00   0.363999E-01   0.127400E+01   0.366690E-01   0.903000E+01
     243   0.850500E+01   0.243000E+00   0.363401E-01   0.127190E+01   0.366181E-01   0.899500E+01
     244   0.854000E+01   0.244000E+00   0.363253E-01   0.127138E+01   0.366137E-01   0.896000E+01
     245   0.857500E+01   0.245000E+00   0.362569E-01   0.126899E+01   0.365790E-01   0.892500E+01
     246   0.861000E+01   0.246000E+00   0.362170E-01   0.126760E+01   0.365368E-01   0.889000E+01
     247   0.864500E+01   0.247000E+00   0.362084E-01   0.126729E+01   0.364795E-01   0.885500E+01
     248   0.868000E+01   0.248000E+00   0.361240E-01   0.126434E+01   0.364009E-01   0.882000E+01
     249   0.871500E+01   0.249000E+00   0.361612E-01   0.126564E+01   0.364047E-01   0.878500E+01
     250   0.875000E+01   0.250000E+00   0.360405E-01   0.126142E+01   0.362975E-01   0.875000E+01
     251   0.878500E+01   0.251000E+00   0.359168E-01   0.125709E+01   0.362449E-01   0.871500E+01
     252   0.882000E+01   0.252000E+00   0.359381E-01   0.125783E+01   0.362255E-01   0.868000E+01
     253   0.885500E+01   0.253000E+00   0.359354E-01   0.125774E+01   0.361809E-01   0.864500E+01
     254   0.889000E+01   0.254000E+00   0.358416E-01   0.125445E+01   0.360923E-01   0.861000E+01
     255   0.892500E+01   0.255000E+00   0.357834E-01   0.125242E+01   0.360886E-01   0.857500E+01
     256   0.896000E+01   0.256000E+00   0.358056E-01   0.125319E+01   0.360809E-01   0.854000E+01
     257   0.899500E+01   0.257000E+00   0.357636E-01   0.125173E+01   0.359976E-01   0.850500E+01
     258   0.903000E+01   0.258000E+00   0.355402E-01   0.124391E+01   0.358713E-01   0.847000E+01
     259   0.906500E+01   0.259000E+00   0.355511E-01   0.124429E+01   0.358624E-01   0.843500E+01
     260   0.910000E+01   0.260000E+00   0.355455E-01   0.124409E+01   0.358395E-01   0.840000E+01
     261   0.913500E+01   0.261000E+00   0.354849E-01   0.124197E+01   0.357736E-01   0.836500E+01
     262   0.917000E+01   0.262000E+00   0.354428E-01   0.124050E+01   0.357226E-01   0.833000E+01
     263   0.920500E+01   0.263000E+00   0.353630E-01   0.123771E+01   0.356419E-01   0.829500E+01
     264   0.924000E+01   0.264000E+00   0.352501E-01   0.123375E+01   0.355649E-01   0.826000E+01
     265   0.927500E+01   0.265000E+00   0.351505E-01   0.123027E+01   0.354742E-01   0.822500E+01
     266   0.931000E+01   0.266000E+00   0.351311E-01   0.122959E+01   0.353716E-01   0.819000E+01
     267   0.934500E+01   0.267000E+00   0.351063E-01   0.122872E+01   0.353542E-01   0.815500E+01
     268   0.938000E+01   0.268000E+00   0.350331E-01   0.122616E+01   0.352533E-01   0.812000E+01
     269   0.941500E+01   0.269000E+00   0.350550E-01   0.122692E+01   0.352469E-01   0.808500E+01
     270   0.945000E+01   0.270000E+00   0.348790E-01   0.122077E+01   0.351612E-01   0.805000E+01
     271   0.948500E+01   0.271000E+00   0.347909E-01   0.121768E+01   0.350820E-01   0.801500E+01
     272   0.952000E+01   0.272000E+00   0.347605E-01   0.121662E+01   0.350660E-01   0.798000E+01
     273   0.955500E+01   0.273000E+00   0.346278E-01   0.121197E+01   0.349144E-01   0.794500E+01
     274   0.959000E+01   0.274000E+00   0.345741E-01   0.121009E+01   0.348864E-01   0.791000E+01
     275   0.962500E+01   0.275000E+00   0.345178E-01   0.120812E+01   0.347642E-01   0.787500E+01
     276   0.966000E+01   0.276000E+00   0.344784E-01   0.120674E+01   0.347456E-01   0.784000E+01
     277   0.969500E+01   0.277000E+00   0.344017E-01   0.120406E+01   0.346853E-01   0.780500E+01
     278   0.973000E+01   0.278000E+00   0.343221E-01   0.120127E+01   0.345569E-01   0.777000E+01
     279   0.976500E+01   0.279000E+00   0.342672E-01   0.119935E+01   0.345186E-01   0.773500E+01
     280   0.980000E+01   0.280000E+00   0.340630E-01   0.119220E+01   0.343836E-01   0.770000E+01
     281   0.983500E+01   0.281000E+00   0.340296E-01   0.119104E+01   0.342779E-01   0.766500E+01
     282   0.987000E+01   0.282000E+00   0.339518E-01   0.118831E+01   0.342358E-01   0.763000E+01
     283   0.990500E+01   0.283000E+00   0.338504E-01   0.118476E+01   0.341783E-01   0.759500E+01
     284   0.994000E+01   0.284000E+00   0.337287E-01   0.118051E+01   0.340326E-01   0.756000E+01
     285   0.997500E+01   0.285000E+00   0.337019E-01   0.117957E+01   0.339625E-01   0.752500E+01
     286   0.100100E+02   0.286000E+00   0.336197E-01   0.117669E+01   0.338955E-01   0.749000E+01
     287   0.100450E+02   0.287000E+00   0.333877E-01   0.116857E+01   0.337330E-01   0.745500E+01
     288   0.100800E+02   0.288000E+00   0.334535E-01   0.117087E+01   0.337185E-01   0.742000E+01
     289   0.101150E+02   0.289000E+00   0.333054E-01   0.116569E+01   0.335895E-01   0.738500E+01
     290   0.101500E+02   0.290000E+00   0.331957E-01   0.116185E+01   0.334798E-01   0.735000E+01
     291   0.101850E+02   0.291000E+00   0.331918E-01   0.116171E+01   0.334366E-01   0.731500E+01
     292   0.102200E+02   0.292000E+00   0.330582E-01   0.115704E+01   0.333110E-01   0.728000E+01
     293   0.102550E+02   0.293000E+00   0.329185E-01   0.115215E+01   0.332222E-01   0.724500E+01
     294   0.102900E+02   0.294000E+00   0.328067E-01   0.114823E+01   0.330912E-01   0.721000E+01
     295   0.103250E+02   0.295000E+00   0.327053E-01   0.114468E+01   0.329350E-01   0.717500E+01
     296   0.103600E+02   0.296000E+00   0.326641E-01   0.114324E+01   0.328919E-01   0.714000E+01
     297   0.103950E+02   0.297000E+00   0.324675E-01   0.113636E+01   0.327656E-01   0.710500E+01
     298   0.104300E+02   0.298000E+00   0.324503E-01   0.113576E+01   0.327135E-01   0.707000E+01
     299   0.104650E+02   0.299000E+00   0.322946E-01   0.113031E+01   0.325928E-01   0.703500E+01
     300   0.105000E+02   0.300000E+00   0.322378E-01   0.112832E+01   0.324825E-01   0.700000E+01
     301   0.105350E+02   0.301000E+00   0.320604E-01   0.112211E+01   0.323577E-01   0.696500E+01
     302   0.105700E+02   0.302000E+00   0.319655E-01   0.111879E+01   0.322711E-01   0.693000E+01
     303   0.106050E+02   0.303000E+00   0.318067E-01   0.111323E+01   0.321072E-01   0.689500E+01
     304   0.106400E+02   0.304000E+00   0.317501E-01   0.111125E+01   0.320492E-01   0.686000E+01
     305   0.106750E+02   0.305000E+00   0.316575E-01   0.110801E+01   0.319410E-01   0.682500E+01
     306   0.107100E+02   0.306000E+00   0.315129E-01   0.110295E+01   0.317850E-01   0.679000E+01
     307   0.107450E+02   0.307000E+00   0.313916E-01   0.109871E+01   0.317209E-01   0.675500E+01
     308   0.107800E+02   0.308000E+00   0.313098E-01   0.109584E+01   0.315872E-01   0.672000E+01
     309   0.108150E+02   0.309000E+00   0.312053E-01   0.109219E+01   0.314652E-01   0.668500E+01
     310   0.108500E+02   0.310000E+00   0.310317E-01   0.108611E+01   0.312794E-01   0.665000E+01
     311   0.108850E+02   0.311000E+00   0.309024E-01   0.108158E+01   0.311677E-01   0.661500E+01
     312   0.109200E+02   0.312000E+00   0.308466E-01   0.107963E+01   0.310870E-01   0.658000E+01
     313   0.109550E+02   0.313000E+00   0.306507E-01   0.107277E+01   0.309376E-01   0.654500E+01
     314   0.109900E+02   0.314000E+00   0.305300E-01   0.106855E+01   0.308366E-01   0.651000E+01
     315   0.110250E+02   0.315000E+00   0.303855E-01   0.106349E+01   0.306713E-01   0.647500E+01
     316   0.110600E+02   0.316000E+00   0.303529E-01   0.106235E+01   0.305663E-01   0.644000E+01
     317   0.110950E+02   0.317000E+00   0.301046E-01   0.105366E+01   0.303871E-01   0.640500E+01
     318   0.111300E+02   0.318000E+00   0.299735E-01   0.104907E+01   0.302954E-01   0.637000E+01
     319   0.111650E+02   0.319000E+00   0.299099E-01   0.104685E+01   0.301790E-01   0.633500E+01
     320   0.112000E+02   0.320000E+00   0.296869E-01   0.103904E+01   0.299866E-01   0.630000E+01
     321   0.112350E+02   0.321000E+00   0.295632E-01   0.103471E+01   0.298288E-01   0.626500E+01
     322   0.112700E+02   0.322000E+00   0.293816E-01   0.102836E+01   0.296692E-01   0.623000E+01
     323   0.113050E+02   0.323000E+00   0.292952E-01   0.102533E+01   0.295518E-01   0.619500E+01
     324   0.113400E+02   0.324000E+00   0.290720E-01   0.101752E+01   0.293869E-01   0.616000E+01
     325   0.113750E+02   0.325000E+00   0.289489E-01   0.101321E+01   0.292778E-01   0.612500E+01
     326   0.114100E+02   0.326000E+00   0.288339E-01   0.100919E+01   0.291231E-01   0.609000E+01
     327   0.114450E+02   0.327000E+00   0.287221E-01   0.100527E+01   0.289689E-01   0.605500E+01
     328   0.114800E+02   0.328000E+00   0.285830E-01   0.100041E+01   0.288186E-01   0.602000E+01
     329   0.115150E+02   0.329000E+00   0.284154E-01   0.994538E+00   0.286803E-01   0.598500E+01
     330   0.115500E+02   0.330000E+00   0.283198E-01   0.991194E+00   0.285648E-01   0.595000E+01
     331   0.115850E+02   0.331000E+00   0.281001E-01   0.983502E+00   0.283709E-01   0.591500E+01
     332   0.116200E+02   0.332000E+00   0.279307E-01   0.977574E+00   0.281961E-01   0.588000E+01
     333   0.116550E+02   0.333000E+00   0.277169E-01   0.970091E+00   0.280431E-01   0.584500E+01
     334   0.116900E+02   0.334000E+00   0.275649E-01   0.964773E+00   0.278674E-01   0.581000E+01
     335   0.117250E+02   0.335000E+00   0.275079E-01   0.962778E+00   0.277326E-01   0.577500E+01
     336   0.117600E+02   0.336000E+00   0.272528E-01   0.953847E+00   0.275343E-01   0.574000E+01
     337   0.117950E+02   0.337000E+00   0.270722E-01   0.947528E+00   0.273939E-01   0.570500E+01
     338   0.118300E+02   0.338000E+00   0.268763E-01   0.940671E+00   0.271538E-01   0.567000E+01
     339   0.118650E+02   0.339000E+00   0.268141E-01   0.938493E+00   0.270735E-01   0.563500E+01
     340   0.119000E+02   0.340000E+00   0.266517E-01   0.932808E+00   0.268925E-01   0.560000E+01
     341   0.119350E+02   0.341000E+00   0.264226E-01   0.924791E+00   0.266968E-01   0.556500E+01
     342   0.119700E+02   0.342000E+00   0.262329E-01   0.918152E+00   0.264981E-01   0.553000E+01
     343   0.120050E+02   0.343000E+00   0.260312E-01   0.911092E+00   0.263292E-01   0.549500E+01
     344   0.120400E+02   0.344000E+00   0.258804E-01   0.905814E+00   0.261866E-01   0.546000E+01
     345   0.120750E+02   0.345000E+00   0.256890E-01   0.899115E+00   0.259803E-01   0.542500E+01
     346   0.121100E+02   0.346000E+00   0.256174E-01   0.896609E+00   0.258546E-01   0.539000E+01
     347   0.121450E+02   0.347000E+00   0.254870E-01   0.892043E+00   0.256726E-01   0.535500E+01
     348   0.121800E+02   0.348000E+00   0.252252E-01   0.882882E+00   0.254426E-01   0.532000E+01
     349   0.122150E+02   0.349000E+00   0.249590E-01   0.873565E+00   0.252525E-01   0.528500E+01
     350   0.122500E+02   0.350000E+00   0.248512E-01   0.869792E+00   0.251140E-01   0.525000E+01
     351   0.122850E+02   0.351000E+00   0.246799E-01   0.863795E+00   0.248824E-01   0.521500E+01
     352   0.123200E+02   0.352000E+00   0.244076E-01   0.854265E+00   0.246767E-01   0.518000E+01
     353   0.123550E+02   0.353000E+00   0.242741E-01   0.849593E+00   0.245234E-01   0.514500E+01
     354   0.123900E+02   0.354000E+00   0.240403E-01   0.841411E+00   0.243220E-01   0.511000E+01
     355   0.124250E+02   0.355000E+00   0.238427E-01   0.834494E+00   0.240988E-01   0.507500E+01
     356   0.124600E+02   0.356000E+00   0.237367E-01   0.830783E+00   0.239422E-01   0.504000E+01
     357   0.124950E+02   0.357000E+00   0.235192E-01   0.823171E+00   0.237622E-01   0.500500E+01
     358   0.125300E+02   0.358000E+00   0.233659E-01   0.817805E+00   0.235658E-01   0.497000E+01
     359   0.125650E+02   0.359000E+00   0.231336E-01   0.809675E+00   0.233912E-01   0.493500E+01
     360   0.126000E+02   0.360000E+00   0.229396E-01   0.802884E+00   0.231621E-01   0.490000E+01
     361   0.126350E+02   0.361000E+00   0.227428E-01   0.795999E+00   0.229714E-01   0.486500E+01
     362   0.126700E+02   0.362000E+00   0.225306E-01   0.788570E+00   0.227758E-01   0.483000E+01
     363   0.127050E+02   0.363000E+00   0.222810E-01   0.779836E+00   0.225295E-01   0.479500E+01
     364   0.127400E+02   0.364000E+00   0.221317E-01   0.774610E+00   0.224116E-01   0.476000E+01
     365   0.127750E+02   0.365000E+00   0.219197E-01   0.767189E+00   0.221323E-01   0.472500E+01
     366   0.128100E+02   0.366000E+00   0.217165E-01   0.760077E+00   0.219532E-01   0.469000E+01
     367   0.128450E+02   0.367000E+00   0.214864E-01   0.752024E+00   0.217418E-01   0.465500E+01
     368   0.128800E+02   0.368000E+00   0.211620E-01   0.740669E+00   0.214531E-01   0.462000E+01
     369   0.129150E+02   0.369000E+00   0.210507E-01   0.736776E+00   0.213009E-01   0.458500E+01
     370   0.129500E+02   0.370000E+00   0.208514E-01   0.729800E+00   0.211253E-01   0.455000E+01
     371   0.129850E+02   0.371000E+00   0.206815E-01   0.723852E+00   0.209166E-01   0.451500E+01
     372   0.130200E+02   0.372000E+00   0.204143E-01   0.714502E+00   0.207183E-01   0.448000E+01
     373   0.130550E+02   0.373000E+00   0.201971E-01   0.706900E+00   0.204614E-01   0.444500E+01
     374   0.130900E+02   0.374000E+00   0.200579E-01   0.702028E+00   0.202891E-01   0.441000E+01
     375   0.131250E+02   0.375000E+00   0.198156E-01   0.693545E+00   0.200333E-01   0.437500E+01
     376   0.131600E+02   0.376000E+00   0.195760E-01   0.685158E+00   0.198266E-01   0.434000E+01
     377   0.131950E+02   0.377000E+00   0.193809E-01   0.678331E+00   0.196015E-01   0.430500E+01
     378   0.132300E+02   0.378000E+00   0.191915E-01   0.671703E+00   0.194049E-01   0.427000E+01
     379   0.132650E+02   0.379000E+00   0.189902E-01   0.664659E+00   0.192040E-01   0.423500E+01
     380   0.133000E+02   0.380000E+00   0.188095E-01   0.658333E+00   0.190093E-01   0.420000E+01
     381   0.133350E+02   0.381000E+00   0.184920E-01   0.647221E+00   0.187266E-01   0.416500E+01
     382   0.133700E+02   0.382000E+00   0.183298E-01   0.641544E+00   0.185430E-01   0.413000E+01
     383   0.134050E+02   0.383000E+00   0.181306E-01   0.634570E+00   0.183207E-01   0.409500E+01
     384   0.134400E+02   0.384000E+00   0.178826E-01   0.625891E+00   0.180935E-01   0.406000E+01
     385   0.134750E+02   0.385000E+00   0.176239E-01   0.616836E+00   0.178565E-01   0.402500E+01
     386   0.135100E+02   0.386000E+00   0.174447E-01   0.610563E+00   0.176428E-01   0.399000E+01
     387   0.135450E+02   0.387000E+00   0.172189E-01   0.602660E+00   0.174486E-01   0.395500E+01
     388   0.135800E+02   0.388000E+00   0.169294E-01   0.592528E+00   0.171864E-01   0.392000E+01
     389   0.136150E+02   0.389000E+00   0.167649E-01   0.586772E+00   0.169595E-01   0.388500E+01
     390   0.136500E+02   0.390000E+00   0.165262E-01   0.578416E+00   0.167407E-01   0.385000E+01
     391   0.136850E+02   0.391000E+00   0.163454E-01   0.572090E+00   0.165232E-01   0.381500E+01
     392   0.137200E+02   0.392000E+00   0.161362E-01   0.564767E+00   0.163156E-01   0.378000E+01
     393   0.137550E+02   0.393000E+00   0.159500E-01   0.558251E+00   0.161074E-01   0.374500E+01
     394   0.137900E+02   0.394000E+00   0.156619E-01   0.548165E+00   0.158667E-01   0.371000E+01
     395   0.138250E+02   0.395000E+00   0.154367E-01   0.540284E+00   0.156290E-01   0.367500E+01
     396   0.138600E+02   0.396000E+00   0.152870E-01   0.535044E+00   0.154536E-01   0.364000E+01
     397   0.138950E+02   0.397000E+00   0.150412E-01   0.526441E+00   0.152101E-01   0.360500E+01
     398   0.139300E+02   0.398000E+00   0.147758E-01   0.517153E+00   0.150031E-01   0.357000E+01
     399   0.139650E+02   0.399000E+00   0.145846E-01   0.510461E+00   0.147469E-01   0.353500E+01
     400   0.140000E+02   0.400000E+00   0.143347E-01   0.501713E+00   0.145210E-01   0.350000E+01
     401   0.140350E+02   0.401000E+00   0.141181E-01   0.494133E+00   0.143097E-01   0.346500E+01
     402   0.140700E+02   0.402000E+00   0.139480E-01   0.488181E+00   0.141340E-01   0.343000E+01
     403   0.141050E+02   0.403000E+00   0.137190E-01   0.480164E+00   0.138648E-01   0.339500E+01
     404   0.141400E+02   0.404000E+00   0.135334E-01   0.473670E+00   0.136940E-01   0.336000E+01
     405   0.141750E+02   0.405000E+00   0.132462E-01   0.463617E+00   0.134173E-01   0.332500E+01
     406   0.142100E+02   0.406000E+00   0.130231E-01   0.455809E+00   0.131979E-01   0.329000E+01
     407   0.142450E+02   0.407000E+00   0.128119E-01   0.448418E+00   0.129712E-01   0.325500E+01
     408   0.142800E+02   0.408000E+00   0.126295E-01   0.442034E+00   0.127778E-01   0.322000E+01
     409   0.143150E+02   0.409000E+00   0.124200E-01   0.434701E+00   0.125737E-01   0.318500E+01
     410   0.143500E+02   0.410000E+00   0.121538E-01   0.425384E+00   0.123327E-01   0.315000E+01
     411   0.143850E+02   0.411000E+00   0.119826E-01   0.419391E+00   0.121703E-01   0.311500E+01
     412   0.144200E+02   0.412000E+00   0.117241E-01   0.410344E+00   0.118758E-01   0.308000E+01
     413   0.144550E+02   0.413000E+00   0.115272E-01   0.403451E+00   0.117019E-01   0.304500E+01
     414   0.144900E+02   0.414000E+00   0.112899E-01   0.395147E+00   0.114478E-01   0.301000E+01
     415   0.145250E+02   0.415000E+00   0.111587E-01   0.390555E+00   0.112830E-01   0.297500E+01
     416   0.145600E+02   0.416000E+00   0.109121E-01   0.381924E+00   0.110807E-01   0.294000E+01
     417   0.145950E+02   0.417000E+00   0.106433E-01   0.372514E+00   0.107975E-01   0.290500E+01
     418   0.146300E+02   0.418000E+00   0.104650E-01   0.366277E+00   0.106120E-01   0.287000E+01
     419   0.146650E+02   0.419000E+00   0.102571E-01   0.359000E+00   0.104009E-01   0.283500E+01
     420   0.147000E+02   0.420000E+00   0.100734E-01   0.352570E+00   0.101999E-01   0.280000E+01
     421   0.147350E+02   0.421000E+00   0.988634E-02   0.346022E+00   0.100124E-01   0.276500E+01
     422   0.147700E+02   0.422000E+00   0.966158E-02   0.338155E+00   0.980544E-02   0.273000E+01
     423   0.148050E+02   0.423000E+00   0.948314E-02   0.331910E+00   0.961946E-02   0.269500E+01
     424   0.148400E+02   0.424000E+00   0.926755E-02   0.324364E+00   0.938065E-02   0.266000E+01
     425   0.148750E+02   0.425000E+00   0.910087E-02   0.318530E+00   0.920219E-02   0.262500E+01
     426   0.149100E+02   0.426000E+00   0.884469E-02   0.309564E+00   0.895624E-02   0.259000E+01
     427   0.149450E+02   0.427000E+00   0.864073E-02   0.302426E+00   0.878230E-02   0.255500E+01
     428   0.149800E+02   0.428000E+00   0.848524E-02   0.296983E+00   0.859435E-02   0.252000E+01
     429   0.150150E+02   0.429000E+00   0.831282E-02   0.290949E+00   0.842228E-02   0.248500E+01
     430   0.150500E+02   0.430000E+00   0.807263E-02   0.282542E+00   0.818980E-02   0.245000E+01
     431   0.150850E+02   0.431000E+00   0.788646E-02   0.276026E+00   0.800913E-02   0.241500E+01
     432   0.151200E+02   0.432000E+00   0.766066E-02   0.268123E+00   0.781456E-02   0.238000E+01
     433   0.151550E+02   0.433000E+00   0.754771E-02   0.264170E+00   0.765003E-02   0.234500E+01
     434   0.151900E+02   0.434000E+00   0.731652E-02   0.256078E+00   0.743750E-02   0.231000E+01
     435   0.152250E+02   0.435000E+00   0.718011E-02   0.251304E+00   0.727349E-02   0.227500E+01
     436   0.152600E+02   0.436000E+00   0.699491E-02   0.244822E+00   0.707762E-02   0.224000E+01
     437   0.152950E+02   0.437000E+00   0.681625E-02   0.238569E+00   0.693586E-02   0.220500E+01
     438   0.153300E+02   0.438000E+00   0.660146E-02   0.231051E+00   0.671786E-02   0.217000E+01
     439   0.153650E+02   0.439000E+00   0.645238E-02   0.225833E+00   0.655402E-02   0.213500E+01
     440   0.154000E+02   0.440000E+00   0.628702E-02   0.220046E+00   0.638005E-02   0.210000E+01
     441   0.154350E+02   0.441000E+00   0.612653E-02   0.214429E+00   0.622369E-02   0.206500E+01
     442   0.154700E+02   0.442000E+00   0.595372E-02   0.208380E+00   0.604744E-02   0.203000E+01
     443   0.155050E+02   0.443000E+00   0.577695E-02   0.202193E+00   0.587855E-02   0.199500E+01
     444   0.155400E+02   0.444000E+00   0.561864E-02   0.196652E+00   0.570912E-02   0.196000E+01
     445   0.155750E+02   0.445000E+00   0.547787E-02   0.191726E+00   0.555115E-02   0.192500E+01
     446   0.156100E+02   0.446000E+00   0.530597E-02   0.185709E+00   0.539857E-02   0.189000E+01
     447   0.156450E+02   0.447000E+00   0.514216E-02   0.179976E+00   0.523353E-02   0.185500E+01
     448   0.156800E+02   0.448000E+00   0.503018E-02   0.176056E+00   0.508646E-02   0.182000E+01
     449   0.157150E+02   0.449000E+00   0.484492E-02   0.169572E+00   0.491026E-02   0.178500E+01
     450   0.157500E+02   0.450000E+00   0.469040E-02   0.164164E+00   0.475986E-02   0.175000E+01
     451   0.157850E+02   0.451000E+00   0.455995E-02   0.159598E+00   0.463157E-02   0.171500E+01
     452   0.158200E+02   0.452000E+00   0.440612E-02   0.154214E+00   0.448888E-02   0.168000E+01
     453   0.158550E+02   0.453000E+00   0.427602E-02   0.149661E+00   0.434826E-02   0.164500E+01
     454   0.158900E+02   0.454000E+00   0.414145E-02   0.144951E+00   0.419832E-02   0.161000E+01
     455   0.159250E+02   0.455000E+00   0.399718E-02   0.139901E+00   0.406550E-02   0.157500E+01
     456   0.159600E+02   0.456000E+00   0.388583E-02   0.136004E+00   0.394641E-02   0.154000E+01
     457   0.159950E+02   0.457000E+00   0.373612E-02   0.130764E+00   0.379498E-02   0.150500E+01
     458   0.160300E+02   0.458000E+00   0.361514E-02   0.126530E+00   0.366632E-02   0.147000E+01
     459   0.160650E+02   0.459000E+00   0.349737E-02   0.122408E+00   0.355993E-02   0.143500E+01
     460   0.161000E+02   0.460000E+00   0.337329E-02   0.118065E+00   0.342593E-02   0.140000E+01
     461   0.161350E+02   0.461000E+00   0.325271E-02   0.113845E+00   0.330105E-02   0.136500E+01
     462   0.161700E+02   0.462000E+00   0.312594E-02   0.109408E+00   0.317897E-02   0.133000E+01
     463   0.162050E+02   0.463000E+00   0.301115E-02   0.105390E+00   0.306123E-02   0.129500E+01
     464   0.162400E+02   0.464000E+00   0.291958E-02   0.102185E+00   0.296204E-02   0.126000E+01
     465   0.162750E+02   0.465000E+00   0.280146E-02   0.980512E-01   0.285020E-02   0.122500E+01
     466   0.163100E+02   0.466000E+00   0.272572E-02   0.954002E-01   0.275688E-02   0.119000E+01
     467   0.163450E+02   0.467000E+00   0.261798E-02   0.916294E-01   0.263206E-02   0.115500E+01
     468   0.163800E+02   0.468000E+00   0.249155E-02   0.872043E-01   0.253034E-02   0.112000E+01
     469   0.164150E+02   0.469000E+00   0.239276E-02   0.837466E-01   0.242994E-02   0.108500E+01
     470   0.164500E+02   0.470000E+00   0.231054E-02   0.808688E-01   0.235225E-02   0.105000E+01
     471   0.164850E+02   0.471000E+00   0.222356E-02   0.778245E-01   0.224999E-02   0.101500E+01
     472   0.165200E+02   0.472000E+00   0.209248E-02   0.732369E-01   0.214466E-02   0.980000E+00
     473   0.165550E+02   0.473000E+00   0.203067E-02   0.710735E-01   0.206751E-02   0.945000E+00
     474   0.165900E+02   0.474000E+00   0.195178E-02   0.683121E-01   0.198280E-02   0.910000E+00
     475   0.166250E+02   0.475000E+00   0.187391E-02   0.655869E-01   0.189444E-02   0.875000E+00
     476   0.166600E+02   0.476000E+00   0.177162E-02   0.620067E-01   0.180800E-02   0.840000E+00
     477   0.166950E+02   0.477000E+00   0.171405E-02   0.599919E-01   0.173171E-02   0.805000E+00
     478   0.167300E+02   0.478000E+00   0.163842E-02   0.573449E-01   0.166027E-02   0.770000E+00
     479   0.167650E+02   0.479000E+00   0.156498E-02   0.547741E-01   0.158688E-02   0.735000E+00
     480   0.168000E+02   0.480000E+00   0.149646E-02   0.523760E-01   0.151056E-02   0.700000E+00
     481   0.168350E+02   0.481000E+00   0.141785E-02   0.496246E-01   0.143949E-02   0.665000E+00
     482   0.168700E+02   0.482000E+00   0.135627E-02   0.474693E-01   0.137708E-02   0.630000E+00
     483   0.169050E+02   0.483000E+00   0.129165E-02   0.452076E-01   0.131553E-02   0.595000E+00
     484   0.169400E+02   0.484000E+00   0.123867E-02   0.433533E-01   0.124990E-02   0.560000E+00
     485   0.169750E+02   0.485000E+00   0.117783E-02   0.412241E-01   0.119237E-02   0.525000E+00
     486   0.170100E+02   0.486000E+00   0.113345E-02   0.396708E-01   0.113463E-02   0.490000E+00
     487   0.170450E+02   0.487000E+00   0.107090E-02   0.374814E-01   0.108291E-02   0.455000E+00
     488   0.170800E+02   0.488000E+00   0.100565E-02   0.351976E-01   0.101290E-02   0.420000E+00
     489   0.171150E+02   0.489000E+00   0.968319E-03   0.338912E-01   0.975888E-03   0.385000E+00
     490   0.171500E+02   0.490000E+00   0.908401E-03   0.317940E-01   0.923194E-03   0.350000E+00
     491   0.171850E+02   0.491000E+00   0.860983E-03   0.301344E-01   0.870702E-03   0.315000E+00
     492   0.172200E+02   0.492000E+00   0.835353E-03   0.292374E-01   0.837733E-03   0.280000E+00
     493   0.172550E+02   0.493000E+00   0.786731E-03   0.275356E-01   0.795503E-03   0.245000E+00
     494   0.172900E+02   0.494000E+00   0.719359E-03   0.251776E-01   0.734267E-03   0.210000E+00
     495   0.173250E+02   0.495000E+00   0.705999E-03   0.247100E-01   0.710558E-03   0.175000E+00
     496   0.173600E+02   0.496000E+00   0.662308E-03   0.231808E-01   0.670392E-03   0.140000E+00
     497   0.173950E+02   0.497000E+00   0.619247E-03   0.216737E-01   0.631546E-03   0.105000E+00
     498   0.174300E+02   0.498000E+00   0.576359E-03   0.201726E-01   0.591983E-03   0.700000E-01
     499   0.174650E+02   0.499000E+00   0.562770E-03   0.196969E-01   0.567529E-03   0.350000E-01
     500   0.175000E+02   0.500000E+00   0.259969E-03   0.909892E-02   0.271609E-03   0.000000E+00
