    ilogbin    ln(x)=LNXMIN+ilogbin*DELLNX/NLOGBIN  x P(ln(x))  P(x)   x/L    P(x)*L
       0  -0.230259E+01   0.100000E+00   0.602258E-04   0.602258E-03   0.285714E-02   0.210790E-01
       1  -0.224401E+01   0.106033E+00   0.664951E-04   0.627117E-03   0.302951E-02   0.219491E-01
       2  -0.218543E+01   0.112430E+00   0.709144E-04   0.630744E-03   0.321228E-02   0.220760E-01
       3  -0.212685E+01   0.119213E+00   0.735523E-04   0.616984E-03   0.340607E-02   0.215944E-01
       4  -0.206827E+01   0.126405E+00   0.802669E-04   0.635000E-03   0.361156E-02   0.222250E-01
       5  -0.200969E+01   0.134030E+00   0.867416E-04   0.647179E-03   0.382944E-02   0.226513E-01
       6  -0.195111E+01   0.142116E+00   0.990061E-04   0.696655E-03   0.406047E-02   0.243829E-01
       7  -0.189253E+01   0.150690E+00   0.101062E-03   0.670658E-03   0.430543E-02   0.234730E-01
       8  -0.183395E+01   0.159781E+00   0.112298E-03   0.702825E-03   0.456517E-02   0.245989E-01
       9  -0.177537E+01   0.169421E+00   0.119287E-03   0.704087E-03   0.484059E-02   0.246431E-01
      10  -0.171679E+01   0.179642E+00   0.124220E-03   0.691488E-03   0.513262E-02   0.242021E-01
      11  -0.165821E+01   0.190479E+00   0.137204E-03   0.720309E-03   0.544226E-02   0.252108E-01
      12  -0.159963E+01   0.201971E+00   0.143062E-03   0.708331E-03   0.577059E-02   0.247916E-01
      13  -0.154105E+01   0.214155E+00   0.155326E-03   0.725298E-03   0.611872E-02   0.253854E-01
      14  -0.148247E+01   0.227075E+00   0.169783E-03   0.747697E-03   0.648786E-02   0.261694E-01
      15  -0.142390E+01   0.240774E+00   0.188660E-03   0.783554E-03   0.687927E-02   0.274244E-01
      16  -0.136532E+01   0.255300E+00   0.202637E-03   0.793721E-03   0.729429E-02   0.277802E-01
      17  -0.130674E+01   0.270702E+00   0.226309E-03   0.836009E-03   0.773434E-02   0.292603E-01
      18  -0.124816E+01   0.287033E+00   0.238677E-03   0.831529E-03   0.820095E-02   0.291035E-01
      19  -0.118958E+01   0.304350E+00   0.256833E-03   0.843876E-03   0.869571E-02   0.295357E-01
      20  -0.113100E+01   0.322711E+00   0.283075E-03   0.877179E-03   0.922031E-02   0.307013E-01
      21  -0.107242E+01   0.342180E+00   0.310173E-03   0.906463E-03   0.977656E-02   0.317262E-01
      22  -0.101384E+01   0.362823E+00   0.336963E-03   0.928726E-03   0.103664E-01   0.325054E-01
      23  -0.955260E+00   0.384712E+00   0.371187E-03   0.964844E-03   0.109918E-01   0.337695E-01
      24  -0.896681E+00   0.407921E+00   0.405171E-03   0.993258E-03   0.116549E-01   0.347640E-01
      25  -0.838102E+00   0.432531E+00   0.444157E-03   0.102688E-02   0.123580E-01   0.359408E-01
      26  -0.779522E+00   0.458625E+00   0.493454E-03   0.107594E-02   0.131036E-01   0.376580E-01
      27  -0.720943E+00   0.486293E+00   0.547103E-03   0.112505E-02   0.138941E-01   0.393766E-01
      28  -0.662364E+00   0.515631E+00   0.606780E-03   0.117677E-02   0.147323E-01   0.411870E-01
      29  -0.603784E+00   0.546739E+00   0.659367E-03   0.120600E-02   0.156211E-01   0.422100E-01
      30  -0.545205E+00   0.579723E+00   0.736139E-03   0.126981E-02   0.165635E-01   0.444434E-01
      31  -0.486626E+00   0.614697E+00   0.814282E-03   0.132469E-02   0.175628E-01   0.463641E-01
      32  -0.428046E+00   0.651781E+00   0.908869E-03   0.139444E-02   0.186223E-01   0.488054E-01
      33  -0.369467E+00   0.691102E+00   0.102185E-02   0.147858E-02   0.197458E-01   0.517504E-01
      34  -0.310888E+00   0.732796E+00   0.114665E-02   0.156477E-02   0.209370E-01   0.547668E-01
      35  -0.252308E+00   0.777005E+00   0.128910E-02   0.165906E-02   0.222001E-01   0.580672E-01
      36  -0.193729E+00   0.823881E+00   0.143528E-02   0.174210E-02   0.235395E-01   0.609733E-01
      37  -0.135150E+00   0.873585E+00   0.162990E-02   0.186576E-02   0.249596E-01   0.653016E-01
      38  -0.765705E-01   0.926288E+00   0.184343E-02   0.199013E-02   0.264654E-01   0.696545E-01
      39  -0.179912E-01   0.982170E+00   0.207049E-02   0.210808E-02   0.280620E-01   0.737829E-01
      40   0.405882E-01   0.104142E+01   0.238920E-02   0.229417E-02   0.297549E-01   0.802958E-01
      41   0.991675E-01   0.110425E+01   0.270591E-02   0.245045E-02   0.315500E-01   0.857658E-01
      42   0.157747E+00   0.117087E+01   0.312551E-02   0.266939E-02   0.334534E-01   0.934287E-01
      43   0.216326E+00   0.124151E+01   0.354702E-02   0.285703E-02   0.354716E-01   0.999960E-01
      44   0.274905E+00   0.131641E+01   0.406048E-02   0.308452E-02   0.376116E-01   0.107958E+00
      45   0.333485E+00   0.139582E+01   0.469470E-02   0.336339E-02   0.398807E-01   0.117719E+00
      46   0.392064E+00   0.148003E+01   0.540864E-02   0.365441E-02   0.422866E-01   0.127904E+00
      47   0.450643E+00   0.156932E+01   0.626393E-02   0.399149E-02   0.448378E-01   0.139702E+00
      48   0.509223E+00   0.166400E+01   0.724060E-02   0.435133E-02   0.475428E-01   0.152296E+00
      49   0.567802E+00   0.176438E+01   0.841106E-02   0.476714E-02   0.504110E-01   0.166850E+00
      50   0.626381E+00   0.187083E+01   0.978334E-02   0.522942E-02   0.534522E-01   0.183030E+00
      51   0.684961E+00   0.198369E+01   0.113863E-01   0.573994E-02   0.566770E-01   0.200898E+00
      52   0.743540E+00   0.210337E+01   0.132609E-01   0.630461E-02   0.600962E-01   0.220661E+00
      53   0.802119E+00   0.223026E+01   0.154932E-01   0.694680E-02   0.637218E-01   0.243138E+00
      54   0.860699E+00   0.236481E+01   0.180234E-01   0.762147E-02   0.675661E-01   0.266751E+00
      55   0.919278E+00   0.250748E+01   0.210903E-01   0.841097E-02   0.716423E-01   0.294384E+00
      56   0.977857E+00   0.265875E+01   0.246564E-01   0.927369E-02   0.759644E-01   0.324579E+00
      57   0.103644E+01   0.281915E+01   0.287162E-01   0.101861E-01   0.805473E-01   0.356514E+00
      58   0.109502E+01   0.298923E+01   0.334879E-01   0.112028E-01   0.854066E-01   0.392100E+00
      59   0.115360E+01   0.316957E+01   0.390289E-01   0.123136E-01   0.905591E-01   0.430978E+00
      60   0.121217E+01   0.336079E+01   0.453937E-01   0.135069E-01   0.960224E-01   0.472740E+00
      61   0.127075E+01   0.356354E+01   0.526172E-01   0.147654E-01   0.101815E+00   0.516791E+00
      62   0.132933E+01   0.377852E+01   0.609385E-01   0.161276E-01   0.107958E+00   0.564466E+00
      63   0.138791E+01   0.400648E+01   0.703088E-01   0.175488E-01   0.114471E+00   0.614207E+00
      64   0.144649E+01   0.424819E+01   0.809536E-01   0.190560E-01   0.121377E+00   0.666961E+00
      65   0.150507E+01   0.450448E+01   0.927311E-01   0.205864E-01   0.128699E+00   0.720525E+00
      66   0.156365E+01   0.477623E+01   0.106157E+00   0.222262E-01   0.136464E+00   0.777916E+00
      67   0.162223E+01   0.506437E+01   0.120765E+00   0.238460E-01   0.144696E+00   0.834609E+00
      68   0.168081E+01   0.536990E+01   0.136736E+00   0.254633E-01   0.153426E+00   0.891216E+00
      69   0.173939E+01   0.569386E+01   0.154089E+00   0.270623E-01   0.162682E+00   0.947180E+00
      70   0.179797E+01   0.603737E+01   0.172890E+00   0.286366E-01   0.172496E+00   0.100228E+01
      71   0.185655E+01   0.640160E+01   0.192860E+00   0.301268E-01   0.182903E+00   0.105444E+01
      72   0.191513E+01   0.678780E+01   0.213928E+00   0.315166E-01   0.193937E+00   0.110308E+01
      73   0.197371E+01   0.719730E+01   0.236104E+00   0.328045E-01   0.205637E+00   0.114816E+01
      74   0.203229E+01   0.763151E+01   0.259148E+00   0.339576E-01   0.218043E+00   0.118852E+01
      75   0.209086E+01   0.809191E+01   0.282975E+00   0.349702E-01   0.231197E+00   0.122396E+01
      76   0.214944E+01   0.858009E+01   0.307222E+00   0.358064E-01   0.245145E+00   0.125322E+01
      77   0.220802E+01   0.909772E+01   0.332064E+00   0.364998E-01   0.259935E+00   0.127749E+01
      78   0.226660E+01   0.964657E+01   0.357691E+00   0.370796E-01   0.275616E+00   0.129778E+01
      79   0.232518E+01   0.102285E+02   0.383569E+00   0.374999E-01   0.292244E+00   0.131250E+01
      80   0.238376E+01   0.108456E+02   0.410028E+00   0.378059E-01   0.309875E+00   0.132321E+01
      81   0.244234E+01   0.114999E+02   0.437216E+00   0.380190E-01   0.328569E+00   0.133067E+01
      82   0.250092E+01   0.121937E+02   0.464866E+00   0.381235E-01   0.348392E+00   0.133432E+01
      83   0.255950E+01   0.129293E+02   0.494267E+00   0.382283E-01   0.369410E+00   0.133799E+01
      84   0.261808E+01   0.137094E+02   0.525131E+00   0.383046E-01   0.391696E+00   0.134066E+01
      85   0.267666E+01   0.145364E+02   0.557480E+00   0.383506E-01   0.415327E+00   0.134227E+01
      86   0.273524E+01   0.154134E+02   0.590987E+00   0.383424E-01   0.440383E+00   0.134198E+01
      87   0.279382E+01   0.163433E+02   0.626528E+00   0.383355E-01   0.466951E+00   0.134174E+01
      88   0.285240E+01   0.173293E+02   0.665154E+00   0.383833E-01   0.495122E+00   0.134342E+01
      89   0.291098E+01   0.183747E+02   0.705953E+00   0.384198E-01   0.524992E+00   0.134469E+01
      90   0.296955E+01   0.194832E+02   0.748563E+00   0.384209E-01   0.556664E+00   0.134473E+01
      91   0.302813E+01   0.206586E+02   0.794365E+00   0.384520E-01   0.590247E+00   0.134582E+01
      92   0.308671E+01   0.219050E+02   0.842258E+00   0.384506E-01   0.625856E+00   0.134577E+01
      93   0.314529E+01   0.232265E+02   0.891782E+00   0.383951E-01   0.663614E+00   0.134383E+01
      94   0.320387E+01   0.246277E+02   0.935857E+00   0.380002E-01   0.703649E+00   0.133001E+01
      95   0.326245E+01   0.261135E+02   0.958670E+00   0.367117E-01   0.746099E+00   0.128491E+01
      96   0.332103E+01   0.276889E+02   0.928324E+00   0.335270E-01   0.791111E+00   0.117344E+01
      97   0.337961E+01   0.293593E+02   0.796482E+00   0.271288E-01   0.838838E+00   0.949506E+00
      98   0.343819E+01   0.311305E+02   0.528772E+00   0.169856E-01   0.889444E+00   0.594497E+00
      99   0.349677E+01   0.330086E+02   0.203715E+00   0.617158E-02   0.943103E+00   0.216005E+00
     100   0.355535E+01   0.350000E+02   0.215494E-01   0.615698E-03   0.100000E+01   0.215494E-01
