    ilogbin    ln(x)=LNXMIN+ilogbin*DELLNX/NLOGBIN  x   P(ln(x))  P(x)   x/L    P(x)*L
       0  -0.230259E+01   0.100000E+00   0.354868E-03   0.354868E-02   0.140845E-02   0.251956E+00
       1  -0.223693E+01   0.106786E+00   0.380845E-03   0.356645E-02   0.150402E-02   0.253218E+00
       2  -0.217128E+01   0.114032E+00   0.409999E-03   0.359549E-02   0.160608E-02   0.255280E+00
       3  -0.210563E+01   0.121769E+00   0.438288E-03   0.359933E-02   0.171506E-02   0.255553E+00
       4  -0.203997E+01   0.130032E+00   0.471143E-03   0.362329E-02   0.183144E-02   0.257253E+00
       5  -0.197432E+01   0.138855E+00   0.507004E-03   0.365131E-02   0.195571E-02   0.259243E+00
       6  -0.190867E+01   0.148278E+00   0.544239E-03   0.367040E-02   0.208842E-02   0.260599E+00
       7  -0.184302E+01   0.158339E+00   0.585307E-03   0.369654E-02   0.223013E-02   0.262454E+00
       8  -0.177736E+01   0.169083E+00   0.627965E-03   0.371394E-02   0.238145E-02   0.263690E+00
       9  -0.171171E+01   0.180557E+00   0.675225E-03   0.373969E-02   0.254305E-02   0.265518E+00
      10  -0.164606E+01   0.192808E+00   0.728992E-03   0.378092E-02   0.271561E-02   0.268445E+00
      11  -0.158041E+01   0.205892E+00   0.785322E-03   0.381425E-02   0.289988E-02   0.270812E+00
      12  -0.151475E+01   0.219862E+00   0.843106E-03   0.383470E-02   0.309665E-02   0.272264E+00
      13  -0.144910E+01   0.234781E+00   0.912313E-03   0.388580E-02   0.330678E-02   0.275892E+00
      14  -0.138345E+01   0.250713E+00   0.981224E-03   0.391374E-02   0.353116E-02   0.277876E+00
      15  -0.131780E+01   0.267725E+00   0.106054E-02   0.396130E-02   0.377077E-02   0.281253E+00
      16  -0.125214E+01   0.285892E+00   0.114371E-02   0.400051E-02   0.402664E-02   0.284036E+00
      17  -0.118649E+01   0.305291E+00   0.123663E-02   0.405067E-02   0.429987E-02   0.287598E+00
      18  -0.112084E+01   0.326007E+00   0.133853E-02   0.410584E-02   0.459164E-02   0.291515E+00
      19  -0.105518E+01   0.348128E+00   0.144871E-02   0.416143E-02   0.490321E-02   0.295461E+00
      20  -0.989532E+00   0.371751E+00   0.156974E-02   0.422256E-02   0.523592E-02   0.299802E+00
      21  -0.923879E+00   0.396976E+00   0.170187E-02   0.428709E-02   0.559121E-02   0.304384E+00
      22  -0.858227E+00   0.423913E+00   0.184621E-02   0.435516E-02   0.597061E-02   0.309217E+00
      23  -0.792574E+00   0.452678E+00   0.200374E-02   0.442642E-02   0.637575E-02   0.314276E+00
      24  -0.726922E+00   0.483395E+00   0.217897E-02   0.450765E-02   0.680838E-02   0.320043E+00
      25  -0.661269E+00   0.516196E+00   0.237568E-02   0.460228E-02   0.727037E-02   0.326762E+00
      26  -0.595616E+00   0.551223E+00   0.258701E-02   0.469322E-02   0.776370E-02   0.333218E+00
      27  -0.529964E+00   0.588626E+00   0.282086E-02   0.479228E-02   0.829051E-02   0.340252E+00
      28  -0.464311E+00   0.628568E+00   0.308229E-02   0.490367E-02   0.885307E-02   0.348161E+00
      29  -0.398658E+00   0.671220E+00   0.336686E-02   0.501603E-02   0.945380E-02   0.356138E+00
      30  -0.333006E+00   0.716766E+00   0.368797E-02   0.514529E-02   0.100953E-01   0.365316E+00
      31  -0.267353E+00   0.765403E+00   0.403937E-02   0.527744E-02   0.107803E-01   0.374699E+00
      32  -0.201700E+00   0.817340E+00   0.442866E-02   0.541838E-02   0.115118E-01   0.384705E+00
      33  -0.136048E+00   0.872801E+00   0.486980E-02   0.557950E-02   0.122930E-01   0.396145E+00
      34  -0.703950E-01   0.932026E+00   0.535200E-02   0.574233E-02   0.131271E-01   0.407705E+00
      35  -0.474235E-02   0.995269E+00   0.589503E-02   0.592305E-02   0.140179E-01   0.420537E+00
      36   0.609103E-01   0.106280E+01   0.649508E-02   0.611127E-02   0.149691E-01   0.433900E+00
      37   0.126563E+00   0.113492E+01   0.716557E-02   0.631372E-02   0.159848E-01   0.448274E+00
      38   0.192216E+00   0.121193E+01   0.791261E-02   0.652892E-02   0.170695E-01   0.463554E+00
      39   0.257868E+00   0.129417E+01   0.874830E-02   0.675978E-02   0.182277E-01   0.479945E+00
      40   0.323521E+00   0.138199E+01   0.967499E-02   0.700079E-02   0.194646E-01   0.497056E+00
      41   0.389174E+00   0.147576E+01   0.107138E-01   0.725984E-02   0.207854E-01   0.515449E+00
      42   0.454826E+00   0.157590E+01   0.118642E-01   0.752851E-02   0.221958E-01   0.534524E+00
      43   0.520479E+00   0.168283E+01   0.131468E-01   0.781231E-02   0.237019E-01   0.554674E+00
      44   0.586131E+00   0.179702E+01   0.145712E-01   0.810855E-02   0.253102E-01   0.575707E+00
      45   0.651784E+00   0.191896E+01   0.161557E-01   0.841898E-02   0.270276E-01   0.597748E+00
      46   0.717437E+00   0.204917E+01   0.179053E-01   0.873781E-02   0.288616E-01   0.620385E+00
      47   0.783089E+00   0.218822E+01   0.198394E-01   0.906646E-02   0.308200E-01   0.643719E+00
      48   0.848742E+00   0.233671E+01   0.219735E-01   0.940361E-02   0.329113E-01   0.667656E+00
      49   0.914395E+00   0.249526E+01   0.243185E-01   0.974586E-02   0.351446E-01   0.691956E+00
      50   0.980047E+00   0.266458E+01   0.268925E-01   0.100926E-01   0.375293E-01   0.716573E+00
      51   0.104570E+01   0.284539E+01   0.297156E-01   0.104434E-01   0.400759E-01   0.741483E+00
      52   0.111135E+01   0.303847E+01   0.327808E-01   0.107886E-01   0.427953E-01   0.765990E+00
      53   0.117701E+01   0.324464E+01   0.361210E-01   0.111325E-01   0.456992E-01   0.790407E+00
      54   0.124266E+01   0.346481E+01   0.397405E-01   0.114697E-01   0.488002E-01   0.814352E+00
      55   0.130831E+01   0.369992E+01   0.436456E-01   0.117964E-01   0.521115E-01   0.837542E+00
      56   0.137396E+01   0.395098E+01   0.478670E-01   0.121152E-01   0.556476E-01   0.860181E+00
      57   0.143962E+01   0.421908E+01   0.524054E-01   0.124211E-01   0.594236E-01   0.881895E+00
      58   0.150527E+01   0.450536E+01   0.572815E-01   0.127141E-01   0.634558E-01   0.902699E+00
      59   0.157092E+01   0.481108E+01   0.624915E-01   0.129891E-01   0.677617E-01   0.922226E+00
      60   0.163657E+01   0.513754E+01   0.680656E-01   0.132487E-01   0.723597E-01   0.940656E+00
      61   0.170223E+01   0.548615E+01   0.740173E-01   0.134917E-01   0.772697E-01   0.957908E+00
      62   0.176788E+01   0.585842E+01   0.803468E-01   0.137148E-01   0.825129E-01   0.973748E+00
      63   0.183353E+01   0.625594E+01   0.870764E-01   0.139190E-01   0.881119E-01   0.988248E+00
      64   0.189918E+01   0.668044E+01   0.941907E-01   0.140995E-01   0.940908E-01   0.100106E+01
      65   0.196484E+01   0.713375E+01   0.101753E+00   0.142636E-01   0.100475E+00   0.101272E+01
      66   0.203049E+01   0.761782E+01   0.109730E+00   0.144043E-01   0.107293E+00   0.102271E+01
      67   0.209614E+01   0.813473E+01   0.118176E+00   0.145274E-01   0.114574E+00   0.103144E+01
      68   0.216180E+01   0.868672E+01   0.127099E+00   0.146314E-01   0.122348E+00   0.103883E+01
      69   0.222745E+01   0.927616E+01   0.136520E+00   0.147173E-01   0.130650E+00   0.104493E+01
      70   0.229310E+01   0.990560E+01   0.146485E+00   0.147881E-01   0.139516E+00   0.104996E+01
      71   0.235875E+01   0.105778E+02   0.157051E+00   0.148473E-01   0.148982E+00   0.105416E+01
      72   0.242441E+01   0.112955E+02   0.168236E+00   0.148941E-01   0.159092E+00   0.105748E+01
      73   0.249006E+01   0.120620E+02   0.180082E+00   0.149297E-01   0.169887E+00   0.106001E+01
      74   0.255571E+01   0.128805E+02   0.192670E+00   0.149583E-01   0.181415E+00   0.106204E+01
      75   0.262136E+01   0.137545E+02   0.206023E+00   0.149786E-01   0.193725E+00   0.106348E+01
      76   0.268702E+01   0.146878E+02   0.220191E+00   0.149914E-01   0.206870E+00   0.106439E+01
      77   0.275267E+01   0.156844E+02   0.235295E+00   0.150018E-01   0.220908E+00   0.106513E+01
      78   0.281832E+01   0.167487E+02   0.251358E+00   0.150076E-01   0.235897E+00   0.106554E+01
      79   0.288397E+01   0.178852E+02   0.268553E+00   0.150154E-01   0.251904E+00   0.106609E+01
      80   0.294963E+01   0.190988E+02   0.286892E+00   0.150214E-01   0.268998E+00   0.106652E+01
      81   0.301528E+01   0.203948E+02   0.306406E+00   0.150237E-01   0.287251E+00   0.106668E+01
      82   0.308093E+01   0.217787E+02   0.327295E+00   0.150282E-01   0.306742E+00   0.106700E+01
      83   0.314658E+01   0.232565E+02   0.349650E+00   0.150345E-01   0.327556E+00   0.106745E+01
      84   0.321224E+01   0.248346E+02   0.373659E+00   0.150459E-01   0.349783E+00   0.106826E+01
      85   0.327789E+01   0.265198E+02   0.399230E+00   0.150541E-01   0.373518E+00   0.106884E+01
      86   0.334354E+01   0.283193E+02   0.426374E+00   0.150560E-01   0.398863E+00   0.106897E+01
      87   0.340920E+01   0.302409E+02   0.455270E+00   0.150548E-01   0.425928E+00   0.106889E+01
      88   0.347485E+01   0.322929E+02   0.486111E+00   0.150532E-01   0.454830E+00   0.106878E+01
      89   0.354050E+01   0.344842E+02   0.518949E+00   0.150489E-01   0.485693E+00   0.106847E+01
      90   0.360615E+01   0.368241E+02   0.554189E+00   0.150496E-01   0.518650E+00   0.106852E+01
      91   0.367181E+01   0.393229E+02   0.591755E+00   0.150486E-01   0.553843E+00   0.106845E+01
      92   0.373746E+01   0.419911E+02   0.631754E+00   0.150449E-01   0.591425E+00   0.106819E+01
      93   0.380311E+01   0.448405E+02   0.674460E+00   0.150413E-01   0.631556E+00   0.106793E+01
      94   0.386876E+01   0.478832E+02   0.719927E+00   0.150351E-01   0.674411E+00   0.106749E+01
      95   0.393442E+01   0.511323E+02   0.768348E+00   0.150267E-01   0.720173E+00   0.106689E+01
      96   0.400007E+01   0.546019E+02   0.819581E+00   0.150101E-01   0.769041E+00   0.106572E+01
      97   0.406572E+01   0.583070E+02   0.872182E+00   0.149584E-01   0.821225E+00   0.106205E+01
      98   0.413137E+01   0.622635E+02   0.909639E+00   0.146095E-01   0.876950E+00   0.103728E+01
      99   0.419703E+01   0.664884E+02   0.823788E+00   0.123900E-01   0.936456E+00   0.879687E+00
     100   0.426268E+01   0.710000E+02   0.221526E+00   0.312009E-02   0.100000E+01   0.221526E+00
