
    ilogbin    ln(x)=LNXMIN+ilogbin*DELLNX/NLOGBIN  x=exp(ln(x))   P(ln(x))  P(x)=P(ln(x))/x   x/L    P(x)*L
       0  -0.230259E+01   0.100000E+00   0.182617E-03   0.182617E-02   0.285714E-02   0.639159E-01
       1  -0.224401E+01   0.106033E+00   0.169424E-03   0.159784E-02   0.302951E-02   0.559246E-01
       2  -0.218543E+01   0.112430E+00   0.217335E-03   0.193307E-02   0.321228E-02   0.676576E-01
       3  -0.212685E+01   0.119213E+00   0.193032E-03   0.161923E-02   0.340607E-02   0.566730E-01
       4  -0.206827E+01   0.126405E+00   0.199282E-03   0.157654E-02   0.361156E-02   0.551788E-01
       5  -0.200969E+01   0.134030E+00   0.256914E-03   0.191683E-02   0.382944E-02   0.670891E-01
       6  -0.195111E+01   0.142116E+00   0.252053E-03   0.177357E-02   0.406047E-02   0.620749E-01
       7  -0.189253E+01   0.150690E+00   0.272190E-03   0.180629E-02   0.430543E-02   0.632200E-01
       8  -0.183395E+01   0.159781E+00   0.308991E-03   0.193384E-02   0.456517E-02   0.676843E-01
       9  -0.177537E+01   0.169421E+00   0.340931E-03   0.201234E-02   0.484059E-02   0.704318E-01
      10  -0.171679E+01   0.179642E+00   0.342320E-03   0.190557E-02   0.513262E-02   0.666950E-01
      11  -0.165821E+01   0.190479E+00   0.395786E-03   0.207784E-02   0.544226E-02   0.727245E-01
      12  -0.159963E+01   0.201971E+00   0.381204E-03   0.188742E-02   0.577059E-02   0.660599E-01
      13  -0.154105E+01   0.214155E+00   0.437447E-03   0.204266E-02   0.611872E-02   0.714933E-01
      14  -0.148247E+01   0.227075E+00   0.459667E-03   0.202430E-02   0.648786E-02   0.708503E-01
      15  -0.142390E+01   0.240774E+00   0.509661E-03   0.211676E-02   0.687927E-02   0.740865E-01
      16  -0.136532E+01   0.255300E+00   0.572154E-03   0.224110E-02   0.729429E-02   0.784386E-01
      17  -0.130674E+01   0.270702E+00   0.597151E-03   0.220593E-02   0.773434E-02   0.772076E-01
      18  -0.124816E+01   0.287033E+00   0.658949E-03   0.229572E-02   0.820095E-02   0.803503E-01
      19  -0.118958E+01   0.304350E+00   0.738106E-03   0.242519E-02   0.869571E-02   0.848816E-01
      20  -0.113100E+01   0.322711E+00   0.801293E-03   0.248300E-02   0.922031E-02   0.869052E-01
      21  -0.107242E+01   0.342180E+00   0.884616E-03   0.258524E-02   0.977656E-02   0.904833E-01
      22  -0.101384E+01   0.362823E+00   0.948497E-03   0.261421E-02   0.103664E-01   0.914975E-01
      23  -0.955260E+00   0.384712E+00   0.109154E-02   0.283728E-02   0.109918E-01   0.993048E-01
      24  -0.896681E+00   0.407921E+00   0.111306E-02   0.272862E-02   0.116549E-01   0.955016E-01
      25  -0.838102E+00   0.432531E+00   0.125263E-02   0.289604E-02   0.123580E-01   0.101361E+00
      26  -0.779522E+00   0.458625E+00   0.139081E-02   0.303255E-02   0.131036E-01   0.106139E+00
      27  -0.720943E+00   0.486293E+00   0.154079E-02   0.316843E-02   0.138941E-01   0.110895E+00
      28  -0.662364E+00   0.515631E+00   0.168313E-02   0.326422E-02   0.147323E-01   0.114248E+00
      29  -0.603784E+00   0.546739E+00   0.189352E-02   0.346331E-02   0.156211E-01   0.121216E+00
      30  -0.545205E+00   0.579723E+00   0.206503E-02   0.356210E-02   0.165635E-01   0.124673E+00
      31  -0.486626E+00   0.614697E+00   0.238791E-02   0.388469E-02   0.175628E-01   0.135964E+00
      32  -0.428046E+00   0.651781E+00   0.270037E-02   0.414306E-02   0.186223E-01   0.145007E+00
      33  -0.369467E+00   0.691102E+00   0.296145E-02   0.428511E-02   0.197458E-01   0.149979E+00
      34  -0.310888E+00   0.732796E+00   0.335099E-02   0.457288E-02   0.209370E-01   0.160051E+00
      35  -0.252308E+00   0.777005E+00   0.382037E-02   0.491680E-02   0.222001E-01   0.172088E+00
      36  -0.193729E+00   0.823881E+00   0.437031E-02   0.530454E-02   0.235395E-01   0.185659E+00
      37  -0.135150E+00   0.873585E+00   0.492580E-02   0.563860E-02   0.249596E-01   0.197351E+00
      38  -0.765705E-01   0.926288E+00   0.571876E-02   0.617385E-02   0.264654E-01   0.216085E+00
      39  -0.179912E-01   0.982170E+00   0.643603E-02   0.655287E-02   0.280620E-01   0.229351E+00
      40   0.405882E-01   0.104142E+01   0.758381E-02   0.728216E-02   0.297549E-01   0.254876E+00
      41   0.991675E-01   0.110425E+01   0.864202E-02   0.782613E-02   0.315500E-01   0.273915E+00
      42   0.157747E+00   0.117087E+01   0.993006E-02   0.848092E-02   0.334534E-01   0.296832E+00
      43   0.216326E+00   0.124151E+01   0.114542E-01   0.922603E-02   0.354716E-01   0.322911E+00
      44   0.274905E+00   0.131641E+01   0.132324E-01   0.100519E-01   0.376116E-01   0.351818E+00
      45   0.333485E+00   0.139582E+01   0.154127E-01   0.110420E-01   0.398807E-01   0.386471E+00
      46   0.392064E+00   0.148003E+01   0.179312E-01   0.121154E-01   0.422866E-01   0.424039E+00
      47   0.450643E+00   0.156932E+01   0.212620E-01   0.135485E-01   0.448378E-01   0.474199E+00
      48   0.509223E+00   0.166400E+01   0.250380E-01   0.150469E-01   0.475428E-01   0.526641E+00
      49   0.567802E+00   0.176438E+01   0.296992E-01   0.168326E-01   0.504110E-01   0.589142E+00
      50   0.626381E+00   0.187083E+01   0.346299E-01   0.185104E-01   0.534522E-01   0.647866E+00
      51   0.684961E+00   0.198369E+01   0.410840E-01   0.207108E-01   0.566770E-01   0.724879E+00
      52   0.743540E+00   0.210337E+01   0.492635E-01   0.234213E-01   0.600962E-01   0.819744E+00
      53   0.802119E+00   0.223026E+01   0.585277E-01   0.262425E-01   0.637218E-01   0.918488E+00
      54   0.860699E+00   0.236481E+01   0.704186E-01   0.297777E-01   0.675661E-01   0.104222E+01
      55   0.919278E+00   0.250748E+01   0.845412E-01   0.337156E-01   0.716423E-01   0.118005E+01
      56   0.977857E+00   0.265875E+01   0.101217E+00   0.380693E-01   0.759644E-01   0.133243E+01
      57   0.103644E+01   0.281915E+01   0.121024E+00   0.429293E-01   0.805473E-01   0.150253E+01
      58   0.109502E+01   0.298923E+01   0.145410E+00   0.486445E-01   0.854066E-01   0.170256E+01
      59   0.115360E+01   0.316957E+01   0.175439E+00   0.553510E-01   0.905591E-01   0.193728E+01
      60   0.121217E+01   0.336079E+01   0.211009E+00   0.627857E-01   0.960224E-01   0.219750E+01
      61   0.127075E+01   0.356354E+01   0.256196E+00   0.718938E-01   0.101815E+00   0.251628E+01
      62   0.132933E+01   0.377852E+01   0.309376E+00   0.818775E-01   0.107958E+00   0.286571E+01
      63   0.138791E+01   0.400648E+01   0.374227E+00   0.934054E-01   0.114471E+00   0.326919E+01
      64   0.144649E+01   0.424819E+01   0.451545E+00   0.106291E+00   0.121377E+00   0.372019E+01
      65   0.150507E+01   0.450448E+01   0.545979E+00   0.121208E+00   0.128699E+00   0.424228E+01
      66   0.156365E+01   0.477623E+01   0.659714E+00   0.138124E+00   0.136464E+00   0.483436E+01
      67   0.162223E+01   0.506437E+01   0.797738E+00   0.157520E+00   0.144696E+00   0.551318E+01
      68   0.168081E+01   0.536990E+01   0.964952E+00   0.179696E+00   0.153426E+00   0.628938E+01
      69   0.173939E+01   0.569386E+01   0.116204E+01   0.204086E+00   0.162682E+00   0.714300E+01
      70   0.179797E+01   0.603737E+01   0.140061E+01   0.231990E+00   0.172496E+00   0.811965E+01
      71   0.185655E+01   0.640160E+01   0.168062E+01   0.262531E+00   0.182903E+00   0.918857E+01
      72   0.191513E+01   0.678780E+01   0.201386E+01   0.296688E+00   0.193937E+00   0.103841E+02
      73   0.197371E+01   0.719730E+01   0.241379E+01   0.335374E+00   0.205637E+00   0.117381E+02
      74   0.203229E+01   0.763151E+01   0.288038E+01   0.377433E+00   0.218043E+00   0.132101E+02
      75   0.209086E+01   0.809191E+01   0.342450E+01   0.423200E+00   0.231197E+00   0.148120E+02
      76   0.214944E+01   0.858009E+01   0.406129E+01   0.473339E+00   0.245145E+00   0.165669E+02
      77   0.220802E+01   0.909772E+01   0.479464E+01   0.527016E+00   0.259935E+00   0.184456E+02
      78   0.226660E+01   0.964657E+01   0.563523E+01   0.584169E+00   0.275616E+00   0.204459E+02
      79   0.232518E+01   0.102285E+02   0.659501E+01   0.644765E+00   0.292244E+00   0.225668E+02
      80   0.238376E+01   0.108456E+02   0.767002E+01   0.707199E+00   0.309875E+00   0.247520E+02
      81   0.244234E+01   0.114999E+02   0.885127E+01   0.769680E+00   0.328569E+00   0.269388E+02
      82   0.250092E+01   0.121937E+02   0.101454E+02   0.832017E+00   0.348392E+00   0.291206E+02
      83   0.255950E+01   0.129293E+02   0.115350E+02   0.892159E+00   0.369410E+00   0.312256E+02
      84   0.261808E+01   0.137094E+02   0.129954E+02   0.947924E+00   0.391696E+00   0.331773E+02
      85   0.267666E+01   0.145364E+02   0.144961E+02   0.997222E+00   0.415327E+00   0.349028E+02
      86   0.273524E+01   0.154134E+02   0.159631E+02   0.103566E+01   0.440383E+00   0.362482E+02
      87   0.279382E+01   0.163433E+02   0.173370E+02   0.106080E+01   0.466951E+00   0.371280E+02
      88   0.285240E+01   0.173293E+02   0.184696E+02   0.106580E+01   0.495122E+00   0.373031E+02
      89   0.291098E+01   0.183747E+02   0.192418E+02   0.104719E+01   0.524992E+00   0.366517E+02
      90   0.296955E+01   0.194832E+02   0.195399E+02   0.100291E+01   0.556664E+00   0.351018E+02
      91   0.302813E+01   0.206586E+02   0.192481E+02   0.931721E+00   0.590247E+00   0.326102E+02
      92   0.308671E+01   0.219050E+02   0.182840E+02   0.834699E+00   0.625856E+00   0.292145E+02
      93   0.314529E+01   0.232265E+02   0.165790E+02   0.713798E+00   0.663614E+00   0.249829E+02
      94   0.320387E+01   0.246277E+02   0.141327E+02   0.573854E+00   0.703649E+00   0.200849E+02
      95   0.326245E+01   0.261135E+02   0.110916E+02   0.424747E+00   0.746099E+00   0.148661E+02
      96   0.332103E+01   0.276889E+02   0.775743E+01   0.280164E+00   0.791111E+00   0.980574E+01
      97   0.337961E+01   0.293593E+02   0.458677E+01   0.156229E+00   0.838838E+00   0.546800E+01
      98   0.343819E+01   0.311305E+02   0.206652E+01   0.663826E-01   0.889444E+00   0.232339E+01
      99   0.349677E+01   0.330086E+02   0.553968E+00   0.167825E-01   0.943103E+00   0.587389E+00
     100   0.355535E+01   0.350000E+02   0.441211E-01   0.126060E-02   0.100000E+01   0.441211E-01
