 Program bfbm2
 average displacement of reflected FBM
 STEPSIG=   1.0000000000000000     
 GAMMMA=   1.6000000000000001     
 BRANCHPROB=   1.0000000000000000E-003
 DEATHPROB=   9.7000000000000005E-004
 MEMORY=NONE
 NT=        16384
 L=   35.000000000000000     
 IRINIT=          43
 NCONF=       99840
 ==================================
     time  configs     <nwalker>    std.dev.nw           <r>         <r^2>     std.dev.r   std.dev.r^2
        1    99840  0.100000E+01  0.000000E+00  0.460489E-02  0.993820E+00  0.315498E-02  0.446491E-02
        2    99715  0.100082E+01  0.286647E-01  0.163537E-02  0.131023E+01  0.362488E-02  0.587839E-02
        3    99626  0.100174E+01  0.418755E-01  0.286269E-02  0.154201E+01  0.393420E-02  0.688772E-02
        4    99520  0.100262E+01  0.513401E-01  0.254024E-02  0.173193E+01  0.417166E-02  0.777326E-02
        5    99422  0.100367E+01  0.606453E-01  0.385293E-03  0.189267E+01  0.436311E-02  0.848257E-02
        6    99326  0.100471E+01  0.686272E-01  0.787731E-03  0.203178E+01  0.452280E-02  0.914006E-02
        7    99236  0.100582E+01  0.762281E-01 -0.336334E-02  0.215860E+01  0.466391E-02  0.971250E-02
        8    99146  0.100681E+01  0.825973E-01 -0.369363E-02  0.226848E+01  0.478331E-02  0.101725E-01
        9    99059  0.100780E+01  0.883352E-01  0.413701E-02  0.239425E+01  0.491628E-02  0.108007E-01
       10    98961  0.100887E+01  0.942035E-01  0.315674E-02  0.250351E+01  0.502970E-02  0.112731E-01
       11    98867  0.101002E+01  0.100222E+00  0.790925E-02  0.259841E+01  0.512653E-02  0.117005E-01
       12    98762  0.101089E+01  0.104683E+00  0.547275E-02  0.268989E+01  0.521879E-02  0.120524E-01
       13    98675  0.101196E+01  0.109996E+00  0.140016E-02  0.278336E+01  0.531105E-02  0.125273E-01
       14    98572  0.101310E+01  0.115109E+00  0.208357E-02  0.286778E+01  0.539381E-02  0.129024E-01
       15    98462  0.101414E+01  0.119511E+00  0.466949E-02  0.296099E+01  0.548381E-02  0.132984E-01
       16    98374  0.101515E+01  0.123624E+00  0.734942E-02  0.303793E+01  0.555706E-02  0.136813E-01
       17    98275  0.101614E+01  0.127772E+00  0.729021E-02  0.310768E+01  0.562332E-02  0.139465E-01
       18    98179  0.101708E+01  0.131447E+00  0.764937E-02  0.319085E+01  0.570085E-02  0.143529E-01
       19    98099  0.101794E+01  0.134719E+00  0.127506E-02  0.324851E+01  0.575453E-02  0.145628E-01
       20    98016  0.101898E+01  0.138446E+00  0.819746E-03  0.332957E+01  0.582835E-02  0.149498E-01
       21    97918  0.101975E+01  0.141401E+00  0.292686E-02  0.338812E+01  0.588230E-02  0.152430E-01
       22    97830  0.102086E+01  0.145195E+00  0.104301E-02  0.345987E+01  0.594694E-02  0.155764E-01
       23    97739  0.102165E+01  0.147907E+00  0.202475E-02  0.351224E+01  0.599457E-02  0.158753E-01
       24    97633  0.102272E+01  0.151659E+00 -0.206165E-02  0.357680E+01  0.605269E-02  0.160417E-01
       25    97536  0.102367E+01  0.154836E+00 -0.541977E-02  0.365137E+01  0.611849E-02  0.164606E-01
       26    97433  0.102446E+01  0.157362E+00  0.708899E-03  0.371727E+01  0.617673E-02  0.167282E-01
       27    97350  0.102559E+01  0.161187E+00  0.146846E-02  0.375631E+01  0.621173E-02  0.169215E-01
       28    97252  0.102654E+01  0.164276E+00  0.107327E-03  0.381404E+01  0.626244E-02  0.171090E-01
       29    97145  0.102771E+01  0.167987E+00 -0.229964E-02  0.387390E+01  0.631486E-02  0.174439E-01
       30    97054  0.102857E+01  0.170814E+00  0.258404E-02  0.393109E+01  0.636428E-02  0.177119E-01
       31    96960  0.102957E+01  0.173901E+00 -0.527170E-02  0.396886E+01  0.639787E-02  0.178999E-01
       32    96860  0.103061E+01  0.176992E+00 -0.826837E-02  0.402140E+01  0.644336E-02  0.181658E-01
       33    96775  0.103159E+01  0.179912E+00 -0.401511E-02  0.407635E+01  0.649013E-02  0.184580E-01
       34    96685  0.103256E+01  0.182650E+00 -0.586536E-02  0.413232E+01  0.653756E-02  0.186718E-01
       35    96596  0.103350E+01  0.185101E+00 -0.246616E-02  0.417738E+01  0.657616E-02  0.189418E-01
       36    96499  0.103446E+01  0.187994E+00 -0.134346E-02  0.424509E+01  0.663257E-02  0.192875E-01
       37    96390  0.103516E+01  0.190059E+00 -0.286780E-02  0.430843E+01  0.668564E-02  0.196636E-01
       38    96317  0.103608E+01  0.192890E+00  0.220113E-03  0.433916E+01  0.671199E-02  0.196303E-01
       39    96225  0.103707E+01  0.195527E+00  0.120114E-02  0.439870E+01  0.676111E-02  0.198860E-01
       40    96133  0.103790E+01  0.197899E+00 -0.750579E-03  0.443523E+01  0.679238E-02  0.201659E-01
       42    95961  0.104002E+01  0.203663E+00  0.132270E-02  0.453613E+01  0.687536E-02  0.205106E-01
       44    95779  0.104190E+01  0.208378E+00 -0.349518E-02  0.462418E+01  0.694835E-02  0.209434E-01
       46    95609  0.104387E+01  0.213450E+00 -0.722001E-03  0.470108E+01  0.701212E-02  0.213984E-01
       48    95440  0.104576E+01  0.218468E+00 -0.289130E-02  0.479650E+01  0.708919E-02  0.217458E-01
       50    95275  0.104779E+01  0.223458E+00 -0.198287E-04  0.486425E+01  0.714527E-02  0.219211E-01
       52    95078  0.104994E+01  0.228377E+00  0.290847E-02  0.493306E+01  0.720307E-02  0.223373E-01
       54    94888  0.105189E+01  0.232527E+00  0.808659E-03  0.500689E+01  0.726404E-02  0.226504E-01
       56    94734  0.105375E+01  0.236893E+00 -0.433808E-04  0.507353E+01  0.731817E-02  0.230404E-01
       58    94562  0.105561E+01  0.241094E+00  0.580395E-02  0.512748E+01  0.736363E-02  0.233422E-01
       60    94377  0.105733E+01  0.245341E+00  0.400833E-02  0.521935E+01  0.743660E-02  0.236125E-01
       63    94114  0.106041E+01  0.252484E+00  0.395713E-03  0.533744E+01  0.753077E-02  0.242193E-01
       66    93828  0.106374E+01  0.259692E+00  0.455371E-02  0.542673E+01  0.760505E-02  0.246192E-01
       69    93572  0.106672E+01  0.266556E+00  0.891243E-02  0.554966E+01  0.770118E-02  0.251974E-01
       72    93315  0.106974E+01  0.272989E+00  0.235924E-02  0.564931E+01  0.778075E-02  0.257628E-01
       75    93052  0.107306E+01  0.280078E+00  0.259946E-02  0.574794E+01  0.785947E-02  0.262445E-01
       78    92826  0.107569E+01  0.285574E+00  0.591800E-02  0.583654E+01  0.792943E-02  0.266469E-01
       81    92582  0.107831E+01  0.291229E+00 -0.131807E-02  0.595360E+01  0.801911E-02  0.272176E-01
       85    92267  0.108240E+01  0.299538E+00  0.401940E-02  0.607135E+01  0.811183E-02  0.276971E-01
       89    91921  0.108599E+01  0.306910E+00  0.128678E-01  0.620236E+01  0.821420E-02  0.282829E-01
       93    91622  0.108972E+01  0.313739E+00  0.983364E-02  0.629971E+01  0.829196E-02  0.288317E-01
       97    91295  0.109398E+01  0.321111E+00  0.670978E-02  0.646457E+01  0.841482E-02  0.296691E-01
      101    90991  0.109773E+01  0.327810E+00  0.183448E-01  0.657273E+01  0.849890E-02  0.302423E-01
      106    90599  0.110280E+01  0.336857E+00  0.988256E-02  0.669563E+01  0.859668E-02  0.306937E-01
      111    90165  0.110750E+01  0.345114E+00  0.118928E-01  0.684427E+01  0.871245E-02  0.313869E-01
      116    89781  0.111222E+01  0.353928E+00  0.776400E-02  0.696369E+01  0.880695E-02  0.320093E-01
      121    89384  0.111792E+01  0.363694E+00  0.163047E-01  0.708228E+01  0.890120E-02  0.324827E-01
      127    88928  0.112447E+01  0.374576E+00  0.126358E-01  0.725740E+01  0.903372E-02  0.333673E-01
      133    88479  0.113027E+01  0.383967E+00  0.922962E-02  0.744601E+01  0.917359E-02  0.344708E-01
      139    88042  0.113621E+01  0.393471E+00  0.434183E-02  0.760093E+01  0.929155E-02  0.350256E-01
      145    87606  0.114194E+01  0.402404E+00  0.104689E-01  0.774872E+01  0.940470E-02  0.359198E-01
      152    87107  0.114884E+01  0.412688E+00 -0.134639E-02  0.792131E+01  0.953613E-02  0.366659E-01
      159    86604  0.115571E+01  0.423754E+00 -0.468560E-02  0.805725E+01  0.964548E-02  0.372450E-01
      166    86082  0.116284E+01  0.435139E+00 -0.464418E-02  0.820802E+01  0.976478E-02  0.380856E-01
      174    85523  0.117049E+01  0.447010E+00 -0.147795E-02  0.840013E+01  0.991064E-02  0.390314E-01
      182    85007  0.117893E+01  0.459527E+00  0.591747E-02  0.854053E+01  0.100234E-01  0.399872E-01
      191    84407  0.118801E+01  0.472915E+00  0.868203E-03  0.877666E+01  0.101971E-01  0.410006E-01
      200    83807  0.119718E+01  0.485628E+00 -0.890261E-02  0.903663E+01  0.103839E-01  0.424744E-01
      210    83120  0.120722E+01  0.500612E+00 -0.412385E-03  0.924113E+01  0.105441E-01  0.435793E-01
      220    82458  0.121766E+01  0.515300E+00  0.546053E-02  0.942798E+01  0.106928E-01  0.445478E-01
      231    81765  0.122922E+01  0.531983E+00  0.341967E-02  0.969957E+01  0.108916E-01  0.461193E-01
      242    81017  0.124044E+01  0.546900E+00  0.288197E-02  0.989414E+01  0.110510E-01  0.470487E-01
      254    80272  0.125224E+01  0.563452E+00  0.478323E-02  0.101898E+02  0.112668E-01  0.485355E-01
      266    79598  0.126394E+01  0.579167E+00  0.932112E-02  0.104287E+02  0.114462E-01  0.501190E-01
      279    78797  0.127769E+01  0.597584E+00  0.131497E-01  0.107087E+02  0.116576E-01  0.516874E-01
      292    78007  0.129056E+01  0.614603E+00  0.140888E-01  0.109491E+02  0.118473E-01  0.529126E-01
      306    77251  0.130481E+01  0.632713E+00  0.150485E-01  0.111759E+02  0.120277E-01  0.543796E-01
      321    76401  0.131975E+01  0.651794E+00  0.201226E-01  0.115561E+02  0.122984E-01  0.564406E-01
      337    75493  0.133603E+01  0.672376E+00  0.225610E-01  0.118350E+02  0.125205E-01  0.578269E-01
      353    74661  0.135203E+01  0.691110E+00  0.169214E-01  0.121233E+02  0.127426E-01  0.591068E-01
      370    73755  0.136887E+01  0.711399E+00  0.205495E-01  0.125345E+02  0.130362E-01  0.621718E-01
      388    72821  0.138698E+01  0.734470E+00  0.193955E-01  0.128857E+02  0.133021E-01  0.636492E-01
      407    71843  0.140595E+01  0.757843E+00  0.200069E-01  0.132340E+02  0.135721E-01  0.652783E-01
      427    70852  0.142593E+01  0.782817E+00  0.235216E-01  0.136278E+02  0.138684E-01  0.680577E-01
      448    69841  0.144813E+01  0.809201E+00  0.174631E-01  0.140260E+02  0.141712E-01  0.705253E-01
      470    68830  0.147042E+01  0.834541E+00  0.285557E-01  0.143573E+02  0.144423E-01  0.724425E-01
      493    67756  0.149337E+01  0.860529E+00  0.375717E-01  0.148001E+02  0.147787E-01  0.743152E-01
      517    66748  0.151813E+01  0.889882E+00  0.348255E-01  0.151764E+02  0.150782E-01  0.766447E-01
      542    65725  0.154407E+01  0.919007E+00  0.333073E-01  0.156584E+02  0.154345E-01  0.794864E-01
      569    64590  0.157351E+01  0.952588E+00  0.325413E-01  0.161483E+02  0.158113E-01  0.825526E-01
      597    63474  0.160272E+01  0.985214E+00  0.246775E-01  0.166399E+02  0.161908E-01  0.855530E-01
      626    62363  0.163291E+01  0.101864E+01  0.350048E-01  0.171898E+02  0.166018E-01  0.894224E-01
      657    61236  0.166430E+01  0.105391E+01  0.155035E-01  0.176719E+02  0.169877E-01  0.924850E-01
      689    60114  0.169601E+01  0.109094E+01  0.218763E-01  0.181264E+02  0.173645E-01  0.948536E-01
      723    58975  0.172936E+01  0.112845E+01  0.216253E-01  0.188706E+02  0.178877E-01  0.991650E-01
      759    57813  0.176666E+01  0.116652E+01  0.928772E-02  0.195108E+02  0.183706E-01  0.102715E+00
      796    56705  0.180397E+01  0.120956E+01  0.489362E-02  0.201884E+02  0.188686E-01  0.107284E+00
      835    55543  0.184517E+01  0.124889E+01  0.300110E-02  0.208013E+02  0.193522E-01  0.110783E+00
      876    54381  0.188965E+01  0.129886E+01  0.124076E-01  0.215137E+02  0.198899E-01  0.113923E+00
      919    53229  0.193447E+01  0.134579E+01  0.180743E-01  0.223306E+02  0.204820E-01  0.119235E+00
      964    52038  0.197861E+01  0.139503E+01  0.138094E-01  0.231747E+02  0.211030E-01  0.124614E+00
     1012    50894  0.202411E+01  0.145117E+01  0.634509E-02  0.240837E+02  0.217534E-01  0.129785E+00
     1062    49660  0.207628E+01  0.150650E+01  0.184590E-01  0.248728E+02  0.223798E-01  0.134299E+00
     1115    48436  0.213147E+01  0.156377E+01  0.120211E-01  0.258439E+02  0.230990E-01  0.140039E+00
     1170    47254  0.218955E+01  0.161931E+01  0.219499E-01  0.266148E+02  0.237322E-01  0.144022E+00
     1228    46109  0.224594E+01  0.167446E+01  0.176691E-01  0.275057E+02  0.244239E-01  0.149107E+00
     1289    44866  0.231367E+01  0.174139E+01  0.225986E-01  0.285008E+02  0.252038E-01  0.154901E+00
     1353    43703  0.237652E+01  0.180532E+01  0.364674E-01  0.296911E+02  0.260644E-01  0.161731E+00
     1420    42547  0.244431E+01  0.187447E+01  0.254809E-01  0.307857E+02  0.268990E-01  0.168033E+00
     1491    41393  0.251378E+01  0.194671E+01  0.234848E-01  0.318031E+02  0.277184E-01  0.172849E+00
     1565    40246  0.259203E+01  0.202846E+01  0.263177E-01  0.328628E+02  0.285750E-01  0.179264E+00
     1643    39084  0.267168E+01  0.211733E+01  0.322833E-01  0.339800E+02  0.294853E-01  0.184950E+00
     1725    37936  0.275786E+01  0.220134E+01  0.420152E-01  0.351390E+02  0.304339E-01  0.192122E+00
     1811    36797  0.284991E+01  0.229027E+01  0.345881E-01  0.363627E+02  0.314351E-01  0.199013E+00
     1901    35691  0.295167E+01  0.239301E+01  0.280032E-01  0.376356E+02  0.324725E-01  0.204878E+00
     1996    34636  0.305359E+01  0.249919E+01  0.150099E-01  0.388395E+02  0.334867E-01  0.211758E+00
     2095    33535  0.315858E+01  0.260170E+01  0.343525E-01  0.400158E+02  0.345430E-01  0.218137E+00
     2199    32573  0.326620E+01  0.271701E+01  0.563671E-01  0.411902E+02  0.355591E-01  0.223950E+00
     2308    31498  0.337948E+01  0.282576E+01  0.592132E-01  0.425877E+02  0.367691E-01  0.231183E+00
     2423    30458  0.351366E+01  0.296166E+01  0.427840E-01  0.438269E+02  0.379324E-01  0.237815E+00
     2544    29474  0.364080E+01  0.309038E+01  0.230406E-01  0.449861E+02  0.390676E-01  0.242883E+00
     2671    28520  0.377514E+01  0.323807E+01  0.255497E-01  0.462975E+02  0.402903E-01  0.250037E+00
     2804    27636  0.391732E+01  0.337926E+01  0.343638E-01  0.473513E+02  0.413926E-01  0.255217E+00
     2944    26669  0.407829E+01  0.353039E+01  0.328817E-01  0.486134E+02  0.426943E-01  0.261119E+00
     3091    25810  0.420426E+01  0.366562E+01  0.382106E-01  0.498128E+02  0.439309E-01  0.267395E+00
     3245    24931  0.436713E+01  0.384409E+01  0.288213E-01  0.511362E+02  0.452888E-01  0.274237E+00
     3407    24067  0.455865E+01  0.402911E+01  0.477354E-01  0.522692E+02  0.466018E-01  0.279369E+00
     3577    23284  0.473523E+01  0.422368E+01  0.711375E-01  0.532766E+02  0.478320E-01  0.284103E+00
     3755    22491  0.492068E+01  0.442817E+01  0.613555E-01  0.544539E+02  0.492034E-01  0.290082E+00
     3942    21699  0.512816E+01  0.464940E+01  0.485759E-01  0.555248E+02  0.505841E-01  0.296121E+00
     4139    20940  0.535143E+01  0.487101E+01  0.527240E-01  0.568014E+02  0.520811E-01  0.303238E+00
     4345    20182  0.557323E+01  0.509682E+01  0.532955E-01  0.578440E+02  0.535348E-01  0.304670E+00
     4562    19467  0.583141E+01  0.538676E+01  0.756395E-01  0.586668E+02  0.548941E-01  0.309031E+00
     4790    18809  0.607422E+01  0.564078E+01  0.811068E-01  0.599374E+02  0.564472E-01  0.317874E+00
     5029    18141  0.634171E+01  0.588450E+01  0.847579E-01  0.602385E+02  0.576210E-01  0.316591E+00
     5280    17474  0.661646E+01  0.617946E+01  0.975640E-01  0.612483E+02  0.591994E-01  0.322410E+00
     5544    16808  0.693836E+01  0.653216E+01  0.637945E-01  0.618630E+02  0.606657E-01  0.325153E+00
     5821    16212  0.725728E+01  0.682984E+01  0.514147E-01  0.624675E+02  0.620726E-01  0.328387E+00
     6112    15587  0.760717E+01  0.718491E+01  0.414761E-01  0.625368E+02  0.633404E-01  0.327375E+00
     6417    14979  0.798244E+01  0.757967E+01  0.433559E-01  0.630768E+02  0.648914E-01  0.334865E+00
     6737    14407  0.837975E+01  0.792512E+01  0.478569E-01  0.634262E+02  0.663498E-01  0.335225E+00
     7073    13887  0.878404E+01  0.833518E+01  0.633356E-01  0.636569E+02  0.677025E-01  0.337717E+00
     7426    13349  0.923567E+01  0.875676E+01  0.716077E-01  0.638406E+02  0.691523E-01  0.340258E+00
     7797    12830  0.971278E+01  0.925092E+01  0.605463E-01  0.643822E+02  0.708365E-01  0.344975E+00
     8186    12369  0.101838E+02  0.976139E+01  0.558708E-01  0.642431E+02  0.720668E-01  0.346286E+00
     8595    11921  0.106685E+02  0.102307E+02  0.275661E-01  0.644929E+02  0.735524E-01  0.350080E+00
     9024    11484  0.111870E+02  0.108178E+02  0.330337E-01  0.652259E+02  0.753633E-01  0.352160E+00
     9475    11020  0.118624E+02  0.115096E+02  0.473281E-01  0.656516E+02  0.771835E-01  0.351233E+00
     9948    10622  0.124542E+02  0.120631E+02  0.460696E-01  0.658075E+02  0.787096E-01  0.352571E+00
    10445    10209  0.131596E+02  0.127645E+02  0.668446E-01  0.654270E+02  0.800520E-01  0.351606E+00
    10967     9839  0.139282E+02  0.135818E+02  0.425776E-01  0.660005E+02  0.819016E-01  0.359221E+00
    11515     9468  0.147051E+02  0.143630E+02  0.378582E-01  0.667583E+02  0.839690E-01  0.362952E+00
    12090     9114  0.154670E+02  0.151251E+02  0.116036E-01  0.659617E+02  0.850728E-01  0.356464E+00
    12694     8780  0.162933E+02  0.160235E+02  0.644926E-01  0.661350E+02  0.867870E-01  0.363070E+00
    13328     8448  0.172326E+02  0.170297E+02 -0.349479E-01  0.663204E+02  0.886018E-01  0.364829E+00
    13994     8132  0.182538E+02  0.179139E+02 -0.499875E-01  0.659950E+02  0.900842E-01  0.362589E+00
    14693     7833  0.193411E+02  0.188483E+02 -0.996300E-01  0.658957E+02  0.917132E-01  0.359469E+00
    15427     7563  0.205112E+02  0.200420E+02 -0.110685E+00  0.657061E+02  0.931999E-01  0.351715E+00
    16198     7257  0.219150E+02  0.213728E+02 -0.651392E-01  0.660777E+02  0.954190E-01  0.353985E+00
    16384     7197  0.221965E+02  0.217231E+02 -0.596069E-01  0.661509E+02  0.958695E-01  0.359802E+00
