 Program bfbm2
 Density distribution between NTSTART and NTEND
 GAMMMA=   1.6000000000000001     
 BRANCHPROB=   1.0000000000000000E-003
 DEATHPROB=   9.7000000000000005E-004
 MEMORY=NONE
 NT=        16384
 NTSTART=        13107
 NTEND=        16384
 L=   35.000000000000000     
 IRINIT=          43
 NCONF=       99840
 ==================================
    ibin    x=(L/2*ibin)/NBIN  x/L   P(x)  P(x)*L  P(|x|)   L/2-x 
    -500  -0.175000E+02  -0.500000E+00   0.393165E-03   0.137608E-01   0.390097E-03   0.350000E+02
    -499  -0.174650E+02  -0.499000E+00   0.833232E-03   0.291631E-01   0.815772E-03   0.349650E+02
    -498  -0.174300E+02  -0.498000E+00   0.858976E-03   0.300642E-01   0.852354E-03   0.349300E+02
    -497  -0.173950E+02  -0.497000E+00   0.912415E-03   0.319345E-01   0.902639E-03   0.348950E+02
    -496  -0.173600E+02  -0.496000E+00   0.974397E-03   0.341039E-01   0.958084E-03   0.348600E+02
    -495  -0.173250E+02  -0.495000E+00   0.102032E-02   0.357114E-01   0.100287E-02   0.348250E+02
    -494  -0.172900E+02  -0.494000E+00   0.108070E-02   0.378245E-01   0.106915E-02   0.347900E+02
    -493  -0.172550E+02  -0.493000E+00   0.111614E-02   0.390648E-01   0.111419E-02   0.347550E+02
    -492  -0.172200E+02  -0.492000E+00   0.120157E-02   0.420549E-01   0.118176E-02   0.347200E+02
    -491  -0.171850E+02  -0.491000E+00   0.126424E-02   0.442484E-01   0.124434E-02   0.346850E+02
    -490  -0.171500E+02  -0.490000E+00   0.133448E-02   0.467067E-01   0.131427E-02   0.346500E+02
    -489  -0.171150E+02  -0.489000E+00   0.138132E-02   0.483463E-01   0.137479E-02   0.346150E+02
    -488  -0.170800E+02  -0.488000E+00   0.145036E-02   0.507625E-01   0.142467E-02   0.345800E+02
    -487  -0.170450E+02  -0.487000E+00   0.154227E-02   0.539794E-01   0.152206E-02   0.345450E+02
    -486  -0.170100E+02  -0.486000E+00   0.160827E-02   0.562893E-01   0.159353E-02   0.345100E+02
    -485  -0.169750E+02  -0.485000E+00   0.169800E-02   0.594300E-01   0.166893E-02   0.344750E+02
    -484  -0.169400E+02  -0.484000E+00   0.176778E-02   0.618723E-01   0.175089E-02   0.344400E+02
    -483  -0.169050E+02  -0.483000E+00   0.184822E-02   0.646878E-01   0.182709E-02   0.344050E+02
    -482  -0.168700E+02  -0.482000E+00   0.193601E-02   0.677603E-01   0.190582E-02   0.343700E+02
    -481  -0.168350E+02  -0.481000E+00   0.202293E-02   0.708026E-01   0.200682E-02   0.343350E+02
    -480  -0.168000E+02  -0.480000E+00   0.212861E-02   0.745012E-01   0.209971E-02   0.343000E+02
    -479  -0.167650E+02  -0.479000E+00   0.222379E-02   0.778325E-01   0.220226E-02   0.342650E+02
    -478  -0.167300E+02  -0.478000E+00   0.233462E-02   0.817117E-01   0.229580E-02   0.342300E+02
    -477  -0.166950E+02  -0.477000E+00   0.241260E-02   0.844410E-01   0.239055E-02   0.341950E+02
    -476  -0.166600E+02  -0.476000E+00   0.254316E-02   0.890105E-01   0.250959E-02   0.341600E+02
    -475  -0.166250E+02  -0.475000E+00   0.265932E-02   0.930763E-01   0.262088E-02   0.341250E+02
    -474  -0.165900E+02  -0.474000E+00   0.277279E-02   0.970478E-01   0.272882E-02   0.340900E+02
    -473  -0.165550E+02  -0.473000E+00   0.286769E-02   0.100369E+00   0.284710E-02   0.340550E+02
    -472  -0.165200E+02  -0.472000E+00   0.300295E-02   0.105103E+00   0.296295E-02   0.340200E+02
    -471  -0.164850E+02  -0.471000E+00   0.311837E-02   0.109143E+00   0.307737E-02   0.339850E+02
    -470  -0.164500E+02  -0.470000E+00   0.322003E-02   0.112701E+00   0.319600E-02   0.339500E+02
    -469  -0.164150E+02  -0.469000E+00   0.337341E-02   0.118069E+00   0.333295E-02   0.339150E+02
    -468  -0.163800E+02  -0.468000E+00   0.349548E-02   0.122342E+00   0.346606E-02   0.338800E+02
    -467  -0.163450E+02  -0.467000E+00   0.362254E-02   0.126789E+00   0.358610E-02   0.338450E+02
    -466  -0.163100E+02  -0.466000E+00   0.377575E-02   0.132151E+00   0.372609E-02   0.338100E+02
    -465  -0.162750E+02  -0.465000E+00   0.390928E-02   0.136825E+00   0.385940E-02   0.337750E+02
    -464  -0.162400E+02  -0.464000E+00   0.403761E-02   0.141316E+00   0.400836E-02   0.337400E+02
    -463  -0.162050E+02  -0.463000E+00   0.420641E-02   0.147224E+00   0.415776E-02   0.337050E+02
    -462  -0.161700E+02  -0.462000E+00   0.436432E-02   0.152751E+00   0.430540E-02   0.336700E+02
    -461  -0.161350E+02  -0.461000E+00   0.448180E-02   0.156863E+00   0.442859E-02   0.336350E+02
    -460  -0.161000E+02  -0.460000E+00   0.469510E-02   0.164328E+00   0.461451E-02   0.336000E+02
    -459  -0.160650E+02  -0.459000E+00   0.482101E-02   0.168735E+00   0.475622E-02   0.335650E+02
    -458  -0.160300E+02  -0.458000E+00   0.497846E-02   0.174246E+00   0.490249E-02   0.335300E+02
    -457  -0.159950E+02  -0.457000E+00   0.514881E-02   0.180208E+00   0.510048E-02   0.334950E+02
    -456  -0.159600E+02  -0.456000E+00   0.529221E-02   0.185227E+00   0.524474E-02   0.334600E+02
    -455  -0.159250E+02  -0.455000E+00   0.551944E-02   0.193180E+00   0.544009E-02   0.334250E+02
    -454  -0.158900E+02  -0.454000E+00   0.569828E-02   0.199440E+00   0.561029E-02   0.333900E+02
    -453  -0.158550E+02  -0.453000E+00   0.583583E-02   0.204254E+00   0.577720E-02   0.333550E+02
    -452  -0.158200E+02  -0.452000E+00   0.604397E-02   0.211539E+00   0.596195E-02   0.333200E+02
    -451  -0.157850E+02  -0.451000E+00   0.618639E-02   0.216524E+00   0.612476E-02   0.332850E+02
    -450  -0.157500E+02  -0.450000E+00   0.643341E-02   0.225169E+00   0.634287E-02   0.332500E+02
    -449  -0.157150E+02  -0.449000E+00   0.659550E-02   0.230842E+00   0.651666E-02   0.332150E+02
    -448  -0.156800E+02  -0.448000E+00   0.677462E-02   0.237112E+00   0.670370E-02   0.331800E+02
    -447  -0.156450E+02  -0.447000E+00   0.697215E-02   0.244025E+00   0.689004E-02   0.331450E+02
    -446  -0.156100E+02  -0.446000E+00   0.716555E-02   0.250794E+00   0.708771E-02   0.331100E+02
    -445  -0.155750E+02  -0.445000E+00   0.739421E-02   0.258797E+00   0.729026E-02   0.330750E+02
    -444  -0.155400E+02  -0.444000E+00   0.756743E-02   0.264860E+00   0.748383E-02   0.330400E+02
    -443  -0.155050E+02  -0.443000E+00   0.774317E-02   0.271011E+00   0.765404E-02   0.330050E+02
    -442  -0.154700E+02  -0.442000E+00   0.798594E-02   0.279508E+00   0.789818E-02   0.329700E+02
    -441  -0.154350E+02  -0.441000E+00   0.821747E-02   0.287611E+00   0.811220E-02   0.329350E+02
    -440  -0.154000E+02  -0.440000E+00   0.841632E-02   0.294571E+00   0.830901E-02   0.329000E+02
    -439  -0.153650E+02  -0.439000E+00   0.862520E-02   0.301882E+00   0.850717E-02   0.328650E+02
    -438  -0.153300E+02  -0.438000E+00   0.880157E-02   0.308055E+00   0.873018E-02   0.328300E+02
    -437  -0.152950E+02  -0.437000E+00   0.905603E-02   0.316961E+00   0.896034E-02   0.327950E+02
    -436  -0.152600E+02  -0.436000E+00   0.927254E-02   0.324539E+00   0.916859E-02   0.327600E+02
    -435  -0.152250E+02  -0.435000E+00   0.946496E-02   0.331274E+00   0.937067E-02   0.327250E+02
    -434  -0.151900E+02  -0.434000E+00   0.968915E-02   0.339120E+00   0.958328E-02   0.326900E+02
    -433  -0.151550E+02  -0.433000E+00   0.993588E-02   0.347756E+00   0.981613E-02   0.326550E+02
    -432  -0.151200E+02  -0.432000E+00   0.101744E-01   0.356104E+00   0.100562E-01   0.326200E+02
    -431  -0.150850E+02  -0.431000E+00   0.104141E-01   0.364495E+00   0.103009E-01   0.325850E+02
    -430  -0.150500E+02  -0.430000E+00   0.105813E-01   0.370347E+00   0.104765E-01   0.325500E+02
    -429  -0.150150E+02  -0.429000E+00   0.108621E-01   0.380174E+00   0.107566E-01   0.325150E+02
    -428  -0.149800E+02  -0.428000E+00   0.110368E-01   0.386289E+00   0.109382E-01   0.324800E+02
    -427  -0.149450E+02  -0.427000E+00   0.112693E-01   0.394424E+00   0.111737E-01   0.324450E+02
    -426  -0.149100E+02  -0.426000E+00   0.115373E-01   0.403804E+00   0.114019E-01   0.324100E+02
    -425  -0.148750E+02  -0.425000E+00   0.118174E-01   0.413608E+00   0.116736E-01   0.323750E+02
    -424  -0.148400E+02  -0.424000E+00   0.119311E-01   0.417587E+00   0.118597E-01   0.323400E+02
    -423  -0.148050E+02  -0.423000E+00   0.121987E-01   0.426953E+00   0.121037E-01   0.323050E+02
    -422  -0.147700E+02  -0.422000E+00   0.124660E-01   0.436309E+00   0.123472E-01   0.322700E+02
    -421  -0.147350E+02  -0.421000E+00   0.127501E-01   0.446252E+00   0.126213E-01   0.322350E+02
    -420  -0.147000E+02  -0.420000E+00   0.130009E-01   0.455032E+00   0.128865E-01   0.322000E+02
    -419  -0.146650E+02  -0.419000E+00   0.131630E-01   0.460704E+00   0.130433E-01   0.321650E+02
    -418  -0.146300E+02  -0.418000E+00   0.133741E-01   0.468093E+00   0.132730E-01   0.321300E+02
    -417  -0.145950E+02  -0.417000E+00   0.136982E-01   0.479435E+00   0.135586E-01   0.320950E+02
    -416  -0.145600E+02  -0.416000E+00   0.138971E-01   0.486397E+00   0.137733E-01   0.320600E+02
    -415  -0.145250E+02  -0.415000E+00   0.141953E-01   0.496834E+00   0.140434E-01   0.320250E+02
    -414  -0.144900E+02  -0.414000E+00   0.144522E-01   0.505827E+00   0.143089E-01   0.319900E+02
    -413  -0.144550E+02  -0.413000E+00   0.146687E-01   0.513405E+00   0.145150E-01   0.319550E+02
    -412  -0.144200E+02  -0.412000E+00   0.149031E-01   0.521609E+00   0.147534E-01   0.319200E+02
    -411  -0.143850E+02  -0.411000E+00   0.151187E-01   0.529154E+00   0.149839E-01   0.318850E+02
    -410  -0.143500E+02  -0.410000E+00   0.153933E-01   0.538765E+00   0.152384E-01   0.318500E+02
    -409  -0.143150E+02  -0.409000E+00   0.155463E-01   0.544121E+00   0.154642E-01   0.318150E+02
    -408  -0.142800E+02  -0.408000E+00   0.158690E-01   0.555415E+00   0.157162E-01   0.317800E+02
    -407  -0.142450E+02  -0.407000E+00   0.160783E-01   0.562740E+00   0.159533E-01   0.317450E+02
    -406  -0.142100E+02  -0.406000E+00   0.163300E-01   0.571550E+00   0.161777E-01   0.317100E+02
    -405  -0.141750E+02  -0.405000E+00   0.166401E-01   0.582403E+00   0.164674E-01   0.316750E+02
    -404  -0.141400E+02  -0.404000E+00   0.167930E-01   0.587753E+00   0.166700E-01   0.316400E+02
    -403  -0.141050E+02  -0.403000E+00   0.171073E-01   0.598755E+00   0.169309E-01   0.316050E+02
    -402  -0.140700E+02  -0.402000E+00   0.173227E-01   0.606294E+00   0.171697E-01   0.315700E+02
    -401  -0.140350E+02  -0.401000E+00   0.175520E-01   0.614320E+00   0.173780E-01   0.315350E+02
    -400  -0.140000E+02  -0.400000E+00   0.178148E-01   0.623517E+00   0.176272E-01   0.315000E+02
    -399  -0.139650E+02  -0.399000E+00   0.180344E-01   0.631205E+00   0.178761E-01   0.314650E+02
    -398  -0.139300E+02  -0.398000E+00   0.182764E-01   0.639674E+00   0.181040E-01   0.314300E+02
    -397  -0.138950E+02  -0.397000E+00   0.184750E-01   0.646625E+00   0.183013E-01   0.313950E+02
    -396  -0.138600E+02  -0.396000E+00   0.187518E-01   0.656312E+00   0.185583E-01   0.313600E+02
    -395  -0.138250E+02  -0.395000E+00   0.189324E-01   0.662634E+00   0.188159E-01   0.313250E+02
    -394  -0.137900E+02  -0.394000E+00   0.192100E-01   0.672351E+00   0.190519E-01   0.312900E+02
    -393  -0.137550E+02  -0.393000E+00   0.194177E-01   0.679620E+00   0.192586E-01   0.312550E+02
    -392  -0.137200E+02  -0.392000E+00   0.196253E-01   0.686884E+00   0.194778E-01   0.312200E+02
    -391  -0.136850E+02  -0.391000E+00   0.199240E-01   0.697340E+00   0.197626E-01   0.311850E+02
    -390  -0.136500E+02  -0.390000E+00   0.201588E-01   0.705558E+00   0.199839E-01   0.311500E+02
    -389  -0.136150E+02  -0.389000E+00   0.203080E-01   0.710779E+00   0.201655E-01   0.311150E+02
    -388  -0.135800E+02  -0.388000E+00   0.205431E-01   0.719009E+00   0.204256E-01   0.310800E+02
    -387  -0.135450E+02  -0.387000E+00   0.208066E-01   0.728231E+00   0.206421E-01   0.310450E+02
    -386  -0.135100E+02  -0.386000E+00   0.210334E-01   0.736168E+00   0.208698E-01   0.310100E+02
    -385  -0.134750E+02  -0.385000E+00   0.212268E-01   0.742937E+00   0.210588E-01   0.309750E+02
    -384  -0.134400E+02  -0.384000E+00   0.214805E-01   0.751817E+00   0.213280E-01   0.309400E+02
    -383  -0.134050E+02  -0.383000E+00   0.217233E-01   0.760314E+00   0.215216E-01   0.309050E+02
    -382  -0.133700E+02  -0.382000E+00   0.219314E-01   0.767601E+00   0.217561E-01   0.308700E+02
    -381  -0.133350E+02  -0.381000E+00   0.221607E-01   0.775626E+00   0.219844E-01   0.308350E+02
    -380  -0.133000E+02  -0.380000E+00   0.223792E-01   0.783272E+00   0.221990E-01   0.308000E+02
    -379  -0.132650E+02  -0.379000E+00   0.225907E-01   0.790675E+00   0.224145E-01   0.307650E+02
    -378  -0.132300E+02  -0.378000E+00   0.228491E-01   0.799720E+00   0.226648E-01   0.307300E+02
    -377  -0.131950E+02  -0.377000E+00   0.229750E-01   0.804127E+00   0.227917E-01   0.306950E+02
    -376  -0.131600E+02  -0.376000E+00   0.232496E-01   0.813735E+00   0.230638E-01   0.306600E+02
    -375  -0.131250E+02  -0.375000E+00   0.234169E-01   0.819593E+00   0.232657E-01   0.306250E+02
    -374  -0.130900E+02  -0.374000E+00   0.236544E-01   0.827903E+00   0.234685E-01   0.305900E+02
    -373  -0.130550E+02  -0.373000E+00   0.238333E-01   0.834167E+00   0.236872E-01   0.305550E+02
    -372  -0.130200E+02  -0.372000E+00   0.240595E-01   0.842082E+00   0.238753E-01   0.305200E+02
    -371  -0.129850E+02  -0.371000E+00   0.242408E-01   0.848427E+00   0.240584E-01   0.304850E+02
    -370  -0.129500E+02  -0.370000E+00   0.244702E-01   0.856456E+00   0.243106E-01   0.304500E+02
    -369  -0.129150E+02  -0.369000E+00   0.246858E-01   0.864004E+00   0.244675E-01   0.304150E+02
    -368  -0.128800E+02  -0.368000E+00   0.248414E-01   0.869451E+00   0.246604E-01   0.303800E+02
    -367  -0.128450E+02  -0.367000E+00   0.250277E-01   0.875971E+00   0.248487E-01   0.303450E+02
    -366  -0.128100E+02  -0.366000E+00   0.251535E-01   0.880374E+00   0.249564E-01   0.303100E+02
    -365  -0.127750E+02  -0.365000E+00   0.253791E-01   0.888269E+00   0.252124E-01   0.302750E+02
    -364  -0.127400E+02  -0.364000E+00   0.255806E-01   0.895323E+00   0.254202E-01   0.302400E+02
    -363  -0.127050E+02  -0.363000E+00   0.257893E-01   0.902625E+00   0.255624E-01   0.302050E+02
    -362  -0.126700E+02  -0.362000E+00   0.260527E-01   0.911845E+00   0.258351E-01   0.301700E+02
    -361  -0.126350E+02  -0.361000E+00   0.261606E-01   0.915622E+00   0.260015E-01   0.301350E+02
    -360  -0.126000E+02  -0.360000E+00   0.263125E-01   0.920938E+00   0.261325E-01   0.301000E+02
    -359  -0.125650E+02  -0.359000E+00   0.265949E-01   0.930821E+00   0.263307E-01   0.300650E+02
    -358  -0.125300E+02  -0.358000E+00   0.266580E-01   0.933031E+00   0.264633E-01   0.300300E+02
    -357  -0.124950E+02  -0.357000E+00   0.269205E-01   0.942218E+00   0.266824E-01   0.299950E+02
    -356  -0.124600E+02  -0.356000E+00   0.271128E-01   0.948949E+00   0.268636E-01   0.299600E+02
    -355  -0.124250E+02  -0.355000E+00   0.272352E-01   0.953233E+00   0.270125E-01   0.299250E+02
    -354  -0.123900E+02  -0.354000E+00   0.274243E-01   0.959852E+00   0.272290E-01   0.298900E+02
    -353  -0.123550E+02  -0.353000E+00   0.275712E-01   0.964991E+00   0.273828E-01   0.298550E+02
    -352  -0.123200E+02  -0.352000E+00   0.277784E-01   0.972244E+00   0.275378E-01   0.298200E+02
    -351  -0.122850E+02  -0.351000E+00   0.278684E-01   0.975393E+00   0.276538E-01   0.297850E+02
    -350  -0.122500E+02  -0.350000E+00   0.280948E-01   0.983318E+00   0.278483E-01   0.297500E+02
    -349  -0.122150E+02  -0.349000E+00   0.282252E-01   0.987883E+00   0.279963E-01   0.297150E+02
    -348  -0.121800E+02  -0.348000E+00   0.283624E-01   0.992683E+00   0.281201E-01   0.296800E+02
    -347  -0.121450E+02  -0.347000E+00   0.285316E-01   0.998608E+00   0.282921E-01   0.296450E+02
    -346  -0.121100E+02  -0.346000E+00   0.287467E-01   0.100614E+01   0.285055E-01   0.296100E+02
    -345  -0.120750E+02  -0.345000E+00   0.288604E-01   0.101011E+01   0.286503E-01   0.295750E+02
    -344  -0.120400E+02  -0.344000E+00   0.289808E-01   0.101433E+01   0.287704E-01   0.295400E+02
    -343  -0.120050E+02  -0.343000E+00   0.291683E-01   0.102089E+01   0.289483E-01   0.295050E+02
    -342  -0.119700E+02  -0.342000E+00   0.292683E-01   0.102439E+01   0.290542E-01   0.294700E+02
    -341  -0.119350E+02  -0.341000E+00   0.294102E-01   0.102936E+01   0.292247E-01   0.294350E+02
    -340  -0.119000E+02  -0.340000E+00   0.296003E-01   0.103601E+01   0.293571E-01   0.294000E+02
    -339  -0.118650E+02  -0.339000E+00   0.296866E-01   0.103903E+01   0.295064E-01   0.293650E+02
    -338  -0.118300E+02  -0.338000E+00   0.297699E-01   0.104195E+01   0.295633E-01   0.293300E+02
    -337  -0.117950E+02  -0.337000E+00   0.300344E-01   0.105120E+01   0.297769E-01   0.292950E+02
    -336  -0.117600E+02  -0.336000E+00   0.302080E-01   0.105728E+01   0.299336E-01   0.292600E+02
    -335  -0.117250E+02  -0.335000E+00   0.303190E-01   0.106116E+01   0.300653E-01   0.292250E+02
    -334  -0.116900E+02  -0.334000E+00   0.304193E-01   0.106468E+01   0.301825E-01   0.291900E+02
    -333  -0.116550E+02  -0.333000E+00   0.305383E-01   0.106884E+01   0.303183E-01   0.291550E+02
    -332  -0.116200E+02  -0.332000E+00   0.306870E-01   0.107404E+01   0.304681E-01   0.291200E+02
    -331  -0.115850E+02  -0.331000E+00   0.307889E-01   0.107761E+01   0.305601E-01   0.290850E+02
    -330  -0.115500E+02  -0.330000E+00   0.308802E-01   0.108081E+01   0.306644E-01   0.290500E+02
    -329  -0.115150E+02  -0.329000E+00   0.311001E-01   0.108851E+01   0.308620E-01   0.290150E+02
    -328  -0.114800E+02  -0.328000E+00   0.311555E-01   0.109044E+01   0.308907E-01   0.289800E+02
    -327  -0.114450E+02  -0.327000E+00   0.313411E-01   0.109694E+01   0.310557E-01   0.289450E+02
    -326  -0.114100E+02  -0.326000E+00   0.314494E-01   0.110073E+01   0.312059E-01   0.289100E+02
    -325  -0.113750E+02  -0.325000E+00   0.315414E-01   0.110395E+01   0.312919E-01   0.288750E+02
    -324  -0.113400E+02  -0.324000E+00   0.317372E-01   0.111080E+01   0.314541E-01   0.288400E+02
    -323  -0.113050E+02  -0.323000E+00   0.317065E-01   0.110973E+01   0.314671E-01   0.288050E+02
    -322  -0.112700E+02  -0.322000E+00   0.318895E-01   0.111613E+01   0.316455E-01   0.287700E+02
    -321  -0.112350E+02  -0.321000E+00   0.319438E-01   0.111803E+01   0.317658E-01   0.287350E+02
    -320  -0.112000E+02  -0.320000E+00   0.321111E-01   0.112389E+01   0.318310E-01   0.287000E+02
    -319  -0.111650E+02  -0.319000E+00   0.322465E-01   0.112863E+01   0.319824E-01   0.286650E+02
    -318  -0.111300E+02  -0.318000E+00   0.323230E-01   0.113130E+01   0.320314E-01   0.286300E+02
    -317  -0.110950E+02  -0.317000E+00   0.324566E-01   0.113598E+01   0.321668E-01   0.285950E+02
    -316  -0.110600E+02  -0.316000E+00   0.325057E-01   0.113770E+01   0.322659E-01   0.285600E+02
    -315  -0.110250E+02  -0.315000E+00   0.326893E-01   0.114413E+01   0.323959E-01   0.285250E+02
    -314  -0.109900E+02  -0.314000E+00   0.326419E-01   0.114247E+01   0.324075E-01   0.284900E+02
    -313  -0.109550E+02  -0.313000E+00   0.327649E-01   0.114677E+01   0.325342E-01   0.284550E+02
    -312  -0.109200E+02  -0.312000E+00   0.328842E-01   0.115095E+01   0.326377E-01   0.284200E+02
    -311  -0.108850E+02  -0.311000E+00   0.329548E-01   0.115342E+01   0.326793E-01   0.283850E+02
    -310  -0.108500E+02  -0.310000E+00   0.330216E-01   0.115576E+01   0.327813E-01   0.283500E+02
    -309  -0.108150E+02  -0.309000E+00   0.330883E-01   0.115809E+01   0.328408E-01   0.283150E+02
    -308  -0.107800E+02  -0.308000E+00   0.331652E-01   0.116078E+01   0.329434E-01   0.282800E+02
    -307  -0.107450E+02  -0.307000E+00   0.332112E-01   0.116239E+01   0.330276E-01   0.282450E+02
    -306  -0.107100E+02  -0.306000E+00   0.333365E-01   0.116678E+01   0.331542E-01   0.282100E+02
    -305  -0.106750E+02  -0.305000E+00   0.334703E-01   0.117146E+01   0.331937E-01   0.281750E+02
    -304  -0.106400E+02  -0.304000E+00   0.335658E-01   0.117480E+01   0.333311E-01   0.281400E+02
    -303  -0.106050E+02  -0.303000E+00   0.336332E-01   0.117716E+01   0.333700E-01   0.281050E+02
    -302  -0.105700E+02  -0.302000E+00   0.336654E-01   0.117829E+01   0.334416E-01   0.280700E+02
    -301  -0.105350E+02  -0.301000E+00   0.337232E-01   0.118031E+01   0.335436E-01   0.280350E+02
    -300  -0.105000E+02  -0.300000E+00   0.338373E-01   0.118431E+01   0.336282E-01   0.280000E+02
    -299  -0.104650E+02  -0.299000E+00   0.338685E-01   0.118540E+01   0.336627E-01   0.279650E+02
    -298  -0.104300E+02  -0.298000E+00   0.340564E-01   0.119197E+01   0.337540E-01   0.279300E+02
    -297  -0.103950E+02  -0.297000E+00   0.340912E-01   0.119319E+01   0.338396E-01   0.278950E+02
    -296  -0.103600E+02  -0.296000E+00   0.341167E-01   0.119409E+01   0.338861E-01   0.278600E+02
    -295  -0.103250E+02  -0.295000E+00   0.342306E-01   0.119807E+01   0.339678E-01   0.278250E+02
    -294  -0.102900E+02  -0.294000E+00   0.342605E-01   0.119912E+01   0.339955E-01   0.277900E+02
    -293  -0.102550E+02  -0.293000E+00   0.343601E-01   0.120260E+01   0.340915E-01   0.277550E+02
    -292  -0.102200E+02  -0.292000E+00   0.344058E-01   0.120420E+01   0.341151E-01   0.277200E+02
    -291  -0.101850E+02  -0.291000E+00   0.343866E-01   0.120353E+01   0.341526E-01   0.276850E+02
    -290  -0.101500E+02  -0.290000E+00   0.345221E-01   0.120827E+01   0.342830E-01   0.276500E+02
    -289  -0.101150E+02  -0.289000E+00   0.345468E-01   0.120914E+01   0.343123E-01   0.276150E+02
    -288  -0.100800E+02  -0.288000E+00   0.346059E-01   0.121121E+01   0.343810E-01   0.275800E+02
    -287  -0.100450E+02  -0.287000E+00   0.347754E-01   0.121714E+01   0.345069E-01   0.275450E+02
    -286  -0.100100E+02  -0.286000E+00   0.348092E-01   0.121832E+01   0.345084E-01   0.275100E+02
    -285  -0.997500E+01  -0.285000E+00   0.348534E-01   0.121987E+01   0.345432E-01   0.274750E+02
    -284  -0.994000E+01  -0.284000E+00   0.349620E-01   0.122367E+01   0.346361E-01   0.274400E+02
    -283  -0.990500E+01  -0.283000E+00   0.349246E-01   0.122236E+01   0.346722E-01   0.274050E+02
    -282  -0.987000E+01  -0.282000E+00   0.350664E-01   0.122732E+01   0.347511E-01   0.273700E+02
    -281  -0.983500E+01  -0.281000E+00   0.350386E-01   0.122635E+01   0.347713E-01   0.273350E+02
    -280  -0.980000E+01  -0.280000E+00   0.351261E-01   0.122941E+01   0.348262E-01   0.273000E+02
    -279  -0.976500E+01  -0.279000E+00   0.351727E-01   0.123104E+01   0.348702E-01   0.272650E+02
    -278  -0.973000E+01  -0.278000E+00   0.351992E-01   0.123197E+01   0.348888E-01   0.272300E+02
    -277  -0.969500E+01  -0.277000E+00   0.352563E-01   0.123397E+01   0.349919E-01   0.271950E+02
    -276  -0.966000E+01  -0.276000E+00   0.352587E-01   0.123406E+01   0.349940E-01   0.271600E+02
    -275  -0.962500E+01  -0.275000E+00   0.353302E-01   0.123656E+01   0.350717E-01   0.271250E+02
    -274  -0.959000E+01  -0.274000E+00   0.353645E-01   0.123776E+01   0.351006E-01   0.270900E+02
    -273  -0.955500E+01  -0.273000E+00   0.354153E-01   0.123953E+01   0.351314E-01   0.270550E+02
    -272  -0.952000E+01  -0.272000E+00   0.354555E-01   0.124094E+01   0.351799E-01   0.270200E+02
    -271  -0.948500E+01  -0.271000E+00   0.353893E-01   0.123863E+01   0.351726E-01   0.269850E+02
    -270  -0.945000E+01  -0.270000E+00   0.355684E-01   0.124489E+01   0.352971E-01   0.269500E+02
    -269  -0.941500E+01  -0.269000E+00   0.355266E-01   0.124343E+01   0.352498E-01   0.269150E+02
    -268  -0.938000E+01  -0.268000E+00   0.356013E-01   0.124605E+01   0.353236E-01   0.268800E+02
    -267  -0.934500E+01  -0.267000E+00   0.356860E-01   0.124901E+01   0.353926E-01   0.268450E+02
    -266  -0.931000E+01  -0.266000E+00   0.356831E-01   0.124891E+01   0.354533E-01   0.268100E+02
    -265  -0.927500E+01  -0.265000E+00   0.357137E-01   0.124998E+01   0.354527E-01   0.267750E+02
    -264  -0.924000E+01  -0.264000E+00   0.357249E-01   0.125037E+01   0.354752E-01   0.267400E+02
    -263  -0.920500E+01  -0.263000E+00   0.357551E-01   0.125143E+01   0.355295E-01   0.267050E+02
    -262  -0.917000E+01  -0.262000E+00   0.358853E-01   0.125598E+01   0.355737E-01   0.266700E+02
    -261  -0.913500E+01  -0.261000E+00   0.358959E-01   0.125636E+01   0.355848E-01   0.266350E+02
    -260  -0.910000E+01  -0.260000E+00   0.358483E-01   0.125469E+01   0.356194E-01   0.266000E+02
    -259  -0.906500E+01  -0.259000E+00   0.358085E-01   0.125330E+01   0.355921E-01   0.265650E+02
    -258  -0.903000E+01  -0.258000E+00   0.358602E-01   0.125511E+01   0.356083E-01   0.265300E+02
    -257  -0.899500E+01  -0.257000E+00   0.359616E-01   0.125866E+01   0.356991E-01   0.264950E+02
    -256  -0.896000E+01  -0.256000E+00   0.359671E-01   0.125885E+01   0.357201E-01   0.264600E+02
    -255  -0.892500E+01  -0.255000E+00   0.360254E-01   0.126089E+01   0.357557E-01   0.264250E+02
    -254  -0.889000E+01  -0.254000E+00   0.360861E-01   0.126301E+01   0.357980E-01   0.263900E+02
    -253  -0.885500E+01  -0.253000E+00   0.360468E-01   0.126164E+01   0.357946E-01   0.263550E+02
    -252  -0.882000E+01  -0.252000E+00   0.361504E-01   0.126526E+01   0.358721E-01   0.263200E+02
    -251  -0.878500E+01  -0.251000E+00   0.361143E-01   0.126400E+01   0.358482E-01   0.262850E+02
    -250  -0.875000E+01  -0.250000E+00   0.360893E-01   0.126312E+01   0.358904E-01   0.262500E+02
    -249  -0.871500E+01  -0.249000E+00   0.360798E-01   0.126279E+01   0.358347E-01   0.262150E+02
    -248  -0.868000E+01  -0.248000E+00   0.360368E-01   0.126129E+01   0.358329E-01   0.261800E+02
    -247  -0.864500E+01  -0.247000E+00   0.362220E-01   0.126777E+01   0.359381E-01   0.261450E+02
    -246  -0.861000E+01  -0.246000E+00   0.362457E-01   0.126860E+01   0.359994E-01   0.261100E+02
    -245  -0.857500E+01  -0.245000E+00   0.361823E-01   0.126638E+01   0.359317E-01   0.260750E+02
    -244  -0.854000E+01  -0.244000E+00   0.362878E-01   0.127007E+01   0.360311E-01   0.260400E+02
    -243  -0.850500E+01  -0.243000E+00   0.362753E-01   0.126964E+01   0.360169E-01   0.260050E+02
    -242  -0.847000E+01  -0.242000E+00   0.363023E-01   0.127058E+01   0.360299E-01   0.259700E+02
    -241  -0.843500E+01  -0.241000E+00   0.363371E-01   0.127180E+01   0.360914E-01   0.259350E+02
    -240  -0.840000E+01  -0.240000E+00   0.363592E-01   0.127257E+01   0.360799E-01   0.259000E+02
    -239  -0.836500E+01  -0.239000E+00   0.363147E-01   0.127101E+01   0.360809E-01   0.258650E+02
    -238  -0.833000E+01  -0.238000E+00   0.363437E-01   0.127203E+01   0.361054E-01   0.258300E+02
    -237  -0.829500E+01  -0.237000E+00   0.363300E-01   0.127155E+01   0.360716E-01   0.257950E+02
    -236  -0.826000E+01  -0.236000E+00   0.363831E-01   0.127341E+01   0.361325E-01   0.257600E+02
    -235  -0.822500E+01  -0.235000E+00   0.364291E-01   0.127502E+01   0.361675E-01   0.257250E+02
    -234  -0.819000E+01  -0.234000E+00   0.364248E-01   0.127487E+01   0.361837E-01   0.256900E+02
    -233  -0.815500E+01  -0.233000E+00   0.364237E-01   0.127483E+01   0.361633E-01   0.256550E+02
    -232  -0.812000E+01  -0.232000E+00   0.364565E-01   0.127598E+01   0.361998E-01   0.256200E+02
    -231  -0.808500E+01  -0.231000E+00   0.364227E-01   0.127479E+01   0.361613E-01   0.255850E+02
    -230  -0.805000E+01  -0.230000E+00   0.364324E-01   0.127514E+01   0.361944E-01   0.255500E+02
    -229  -0.801500E+01  -0.229000E+00   0.365192E-01   0.127817E+01   0.362034E-01   0.255150E+02
    -228  -0.798000E+01  -0.228000E+00   0.365213E-01   0.127825E+01   0.362413E-01   0.254800E+02
    -227  -0.794500E+01  -0.227000E+00   0.365421E-01   0.127897E+01   0.362620E-01   0.254450E+02
    -226  -0.791000E+01  -0.226000E+00   0.364690E-01   0.127641E+01   0.362227E-01   0.254100E+02
    -225  -0.787500E+01  -0.225000E+00   0.364785E-01   0.127675E+01   0.362880E-01   0.253750E+02
    -224  -0.784000E+01  -0.224000E+00   0.364106E-01   0.127437E+01   0.362609E-01   0.253400E+02
    -223  -0.780500E+01  -0.223000E+00   0.365198E-01   0.127819E+01   0.363389E-01   0.253050E+02
    -222  -0.777000E+01  -0.222000E+00   0.364882E-01   0.127709E+01   0.362744E-01   0.252700E+02
    -221  -0.773500E+01  -0.221000E+00   0.365139E-01   0.127799E+01   0.362796E-01   0.252350E+02
    -220  -0.770000E+01  -0.220000E+00   0.365542E-01   0.127940E+01   0.363166E-01   0.252000E+02
    -219  -0.766500E+01  -0.219000E+00   0.365378E-01   0.127882E+01   0.363698E-01   0.251650E+02
    -218  -0.763000E+01  -0.218000E+00   0.365928E-01   0.128075E+01   0.363711E-01   0.251300E+02
    -217  -0.759500E+01  -0.217000E+00   0.366239E-01   0.128184E+01   0.363658E-01   0.250950E+02
    -216  -0.756000E+01  -0.216000E+00   0.365453E-01   0.127909E+01   0.363369E-01   0.250600E+02
    -215  -0.752500E+01  -0.215000E+00   0.366627E-01   0.128319E+01   0.364125E-01   0.250250E+02
    -214  -0.749000E+01  -0.214000E+00   0.366544E-01   0.128291E+01   0.364299E-01   0.249900E+02
    -213  -0.745500E+01  -0.213000E+00   0.365765E-01   0.128018E+01   0.363509E-01   0.249550E+02
    -212  -0.742000E+01  -0.212000E+00   0.366293E-01   0.128202E+01   0.364133E-01   0.249200E+02
    -211  -0.738500E+01  -0.211000E+00   0.366088E-01   0.128131E+01   0.363782E-01   0.248850E+02
    -210  -0.735000E+01  -0.210000E+00   0.365962E-01   0.128087E+01   0.363946E-01   0.248500E+02
    -209  -0.731500E+01  -0.209000E+00   0.366428E-01   0.128250E+01   0.364272E-01   0.248150E+02
    -208  -0.728000E+01  -0.208000E+00   0.365712E-01   0.127999E+01   0.363802E-01   0.247800E+02
    -207  -0.724500E+01  -0.207000E+00   0.365832E-01   0.128041E+01   0.364547E-01   0.247450E+02
    -206  -0.721000E+01  -0.206000E+00   0.366897E-01   0.128414E+01   0.364636E-01   0.247100E+02
    -205  -0.717500E+01  -0.205000E+00   0.366038E-01   0.128113E+01   0.363960E-01   0.246750E+02
    -204  -0.714000E+01  -0.204000E+00   0.366487E-01   0.128270E+01   0.364069E-01   0.246400E+02
    -203  -0.710500E+01  -0.203000E+00   0.366049E-01   0.128117E+01   0.364255E-01   0.246050E+02
    -202  -0.707000E+01  -0.202000E+00   0.366650E-01   0.128327E+01   0.364501E-01   0.245700E+02
    -201  -0.703500E+01  -0.201000E+00   0.365952E-01   0.128083E+01   0.364084E-01   0.245350E+02
    -200  -0.700000E+01  -0.200000E+00   0.366857E-01   0.128400E+01   0.364884E-01   0.245000E+02
    -199  -0.696500E+01  -0.199000E+00   0.366169E-01   0.128159E+01   0.364283E-01   0.244650E+02
    -198  -0.693000E+01  -0.198000E+00   0.366442E-01   0.128255E+01   0.364156E-01   0.244300E+02
    -197  -0.689500E+01  -0.197000E+00   0.366574E-01   0.128301E+01   0.364238E-01   0.243950E+02
    -196  -0.686000E+01  -0.196000E+00   0.366245E-01   0.128186E+01   0.364450E-01   0.243600E+02
    -195  -0.682500E+01  -0.195000E+00   0.366384E-01   0.128234E+01   0.364395E-01   0.243250E+02
    -194  -0.679000E+01  -0.194000E+00   0.366908E-01   0.128418E+01   0.364801E-01   0.242900E+02
    -193  -0.675500E+01  -0.193000E+00   0.367530E-01   0.128635E+01   0.365224E-01   0.242550E+02
    -192  -0.672000E+01  -0.192000E+00   0.366696E-01   0.128344E+01   0.364860E-01   0.242200E+02
    -191  -0.668500E+01  -0.191000E+00   0.365885E-01   0.128060E+01   0.364330E-01   0.241850E+02
    -190  -0.665000E+01  -0.190000E+00   0.367213E-01   0.128525E+01   0.364996E-01   0.241500E+02
    -189  -0.661500E+01  -0.189000E+00   0.365881E-01   0.128058E+01   0.364159E-01   0.241150E+02
    -188  -0.658000E+01  -0.188000E+00   0.367190E-01   0.128517E+01   0.364625E-01   0.240800E+02
    -187  -0.654500E+01  -0.187000E+00   0.366648E-01   0.128327E+01   0.365219E-01   0.240450E+02
    -186  -0.651000E+01  -0.186000E+00   0.366992E-01   0.128447E+01   0.364478E-01   0.240100E+02
    -185  -0.647500E+01  -0.185000E+00   0.366411E-01   0.128244E+01   0.364885E-01   0.239750E+02
    -184  -0.644000E+01  -0.184000E+00   0.366951E-01   0.128433E+01   0.364838E-01   0.239400E+02
    -183  -0.640500E+01  -0.183000E+00   0.366591E-01   0.128307E+01   0.364315E-01   0.239050E+02
    -182  -0.637000E+01  -0.182000E+00   0.366881E-01   0.128408E+01   0.364968E-01   0.238700E+02
    -181  -0.633500E+01  -0.181000E+00   0.366880E-01   0.128408E+01   0.364625E-01   0.238350E+02
    -180  -0.630000E+01  -0.180000E+00   0.366250E-01   0.128187E+01   0.364522E-01   0.238000E+02
    -179  -0.626500E+01  -0.179000E+00   0.366688E-01   0.128341E+01   0.364659E-01   0.237650E+02
    -178  -0.623000E+01  -0.178000E+00   0.367132E-01   0.128496E+01   0.365000E-01   0.237300E+02
    -177  -0.619500E+01  -0.177000E+00   0.367024E-01   0.128459E+01   0.364791E-01   0.236950E+02
    -176  -0.616000E+01  -0.176000E+00   0.366147E-01   0.128151E+01   0.364852E-01   0.236600E+02
    -175  -0.612500E+01  -0.175000E+00   0.366540E-01   0.128289E+01   0.364346E-01   0.236250E+02
    -174  -0.609000E+01  -0.174000E+00   0.366824E-01   0.128388E+01   0.364841E-01   0.235900E+02
    -173  -0.605500E+01  -0.173000E+00   0.366341E-01   0.128219E+01   0.364365E-01   0.235550E+02
    -172  -0.602000E+01  -0.172000E+00   0.366887E-01   0.128411E+01   0.365358E-01   0.235200E+02
    -171  -0.598500E+01  -0.171000E+00   0.366595E-01   0.128308E+01   0.365069E-01   0.234850E+02
    -170  -0.595000E+01  -0.170000E+00   0.367373E-01   0.128581E+01   0.364943E-01   0.234500E+02
    -169  -0.591500E+01  -0.169000E+00   0.367038E-01   0.128463E+01   0.365216E-01   0.234150E+02
    -168  -0.588000E+01  -0.168000E+00   0.367758E-01   0.128715E+01   0.365161E-01   0.233800E+02
    -167  -0.584500E+01  -0.167000E+00   0.365968E-01   0.128089E+01   0.364159E-01   0.233450E+02
    -166  -0.581000E+01  -0.166000E+00   0.366278E-01   0.128197E+01   0.364524E-01   0.233100E+02
    -165  -0.577500E+01  -0.165000E+00   0.366371E-01   0.128230E+01   0.364656E-01   0.232750E+02
    -164  -0.574000E+01  -0.164000E+00   0.367004E-01   0.128452E+01   0.365226E-01   0.232400E+02
    -163  -0.570500E+01  -0.163000E+00   0.366863E-01   0.128402E+01   0.364970E-01   0.232050E+02
    -162  -0.567000E+01  -0.162000E+00   0.366458E-01   0.128260E+01   0.364569E-01   0.231700E+02
    -161  -0.563500E+01  -0.161000E+00   0.366203E-01   0.128171E+01   0.364618E-01   0.231350E+02
    -160  -0.560000E+01  -0.160000E+00   0.367058E-01   0.128470E+01   0.365053E-01   0.231000E+02
    -159  -0.556500E+01  -0.159000E+00   0.366359E-01   0.128226E+01   0.364568E-01   0.230650E+02
    -158  -0.553000E+01  -0.158000E+00   0.366704E-01   0.128347E+01   0.364992E-01   0.230300E+02
    -157  -0.549500E+01  -0.157000E+00   0.366962E-01   0.128437E+01   0.364811E-01   0.229950E+02
    -156  -0.546000E+01  -0.156000E+00   0.366370E-01   0.128230E+01   0.364729E-01   0.229600E+02
    -155  -0.542500E+01  -0.155000E+00   0.366247E-01   0.128187E+01   0.364826E-01   0.229250E+02
    -154  -0.539000E+01  -0.154000E+00   0.365880E-01   0.128058E+01   0.364355E-01   0.228900E+02
    -153  -0.535500E+01  -0.153000E+00   0.366773E-01   0.128370E+01   0.365302E-01   0.228550E+02
    -152  -0.532000E+01  -0.152000E+00   0.366078E-01   0.128127E+01   0.364366E-01   0.228200E+02
    -151  -0.528500E+01  -0.151000E+00   0.366275E-01   0.128196E+01   0.364999E-01   0.227850E+02
    -150  -0.525000E+01  -0.150000E+00   0.365992E-01   0.128097E+01   0.364836E-01   0.227500E+02
    -149  -0.521500E+01  -0.149000E+00   0.366090E-01   0.128132E+01   0.364576E-01   0.227150E+02
    -148  -0.518000E+01  -0.148000E+00   0.366448E-01   0.128257E+01   0.364917E-01   0.226800E+02
    -147  -0.514500E+01  -0.147000E+00   0.366404E-01   0.128241E+01   0.364876E-01   0.226450E+02
    -146  -0.511000E+01  -0.146000E+00   0.365939E-01   0.128079E+01   0.365018E-01   0.226100E+02
    -145  -0.507500E+01  -0.145000E+00   0.365913E-01   0.128069E+01   0.364785E-01   0.225750E+02
    -144  -0.504000E+01  -0.144000E+00   0.366822E-01   0.128388E+01   0.365078E-01   0.225400E+02
    -143  -0.500500E+01  -0.143000E+00   0.366457E-01   0.128260E+01   0.365239E-01   0.225050E+02
    -142  -0.497000E+01  -0.142000E+00   0.366589E-01   0.128306E+01   0.365083E-01   0.224700E+02
    -141  -0.493500E+01  -0.141000E+00   0.366314E-01   0.128210E+01   0.364811E-01   0.224350E+02
    -140  -0.490000E+01  -0.140000E+00   0.366726E-01   0.128354E+01   0.365302E-01   0.224000E+02
    -139  -0.486500E+01  -0.139000E+00   0.366055E-01   0.128119E+01   0.364665E-01   0.223650E+02
    -138  -0.483000E+01  -0.138000E+00   0.365816E-01   0.128035E+01   0.364709E-01   0.223300E+02
    -137  -0.479500E+01  -0.137000E+00   0.366487E-01   0.128270E+01   0.365164E-01   0.222950E+02
    -136  -0.476000E+01  -0.136000E+00   0.365377E-01   0.127882E+01   0.364401E-01   0.222600E+02
    -135  -0.472500E+01  -0.135000E+00   0.365586E-01   0.127955E+01   0.364444E-01   0.222250E+02
    -134  -0.469000E+01  -0.134000E+00   0.365429E-01   0.127900E+01   0.364612E-01   0.221900E+02
    -133  -0.465500E+01  -0.133000E+00   0.365523E-01   0.127933E+01   0.364422E-01   0.221550E+02
    -132  -0.462000E+01  -0.132000E+00   0.365748E-01   0.128012E+01   0.364095E-01   0.221200E+02
    -131  -0.458500E+01  -0.131000E+00   0.366491E-01   0.128272E+01   0.365374E-01   0.220850E+02
    -130  -0.455000E+01  -0.130000E+00   0.366141E-01   0.128149E+01   0.364564E-01   0.220500E+02
    -129  -0.451500E+01  -0.129000E+00   0.365047E-01   0.127767E+01   0.364200E-01   0.220150E+02
    -128  -0.448000E+01  -0.128000E+00   0.366265E-01   0.128193E+01   0.365290E-01   0.219800E+02
    -127  -0.444500E+01  -0.127000E+00   0.365762E-01   0.128017E+01   0.364508E-01   0.219450E+02
    -126  -0.441000E+01  -0.126000E+00   0.365772E-01   0.128020E+01   0.364509E-01   0.219100E+02
    -125  -0.437500E+01  -0.125000E+00   0.365261E-01   0.127841E+01   0.364639E-01   0.218750E+02
    -124  -0.434000E+01  -0.124000E+00   0.366441E-01   0.128254E+01   0.364953E-01   0.218400E+02
    -123  -0.430500E+01  -0.123000E+00   0.366033E-01   0.128112E+01   0.364865E-01   0.218050E+02
    -122  -0.427000E+01  -0.122000E+00   0.365313E-01   0.127860E+01   0.364370E-01   0.217700E+02
    -121  -0.423500E+01  -0.121000E+00   0.365737E-01   0.128008E+01   0.364762E-01   0.217350E+02
    -120  -0.420000E+01  -0.120000E+00   0.365131E-01   0.127796E+01   0.364290E-01   0.217000E+02
    -119  -0.416500E+01  -0.119000E+00   0.365928E-01   0.128075E+01   0.364790E-01   0.216650E+02
    -118  -0.413000E+01  -0.118000E+00   0.365467E-01   0.127913E+01   0.364851E-01   0.216300E+02
    -117  -0.409500E+01  -0.117000E+00   0.364938E-01   0.127728E+01   0.364012E-01   0.215950E+02
    -116  -0.406000E+01  -0.116000E+00   0.365635E-01   0.127972E+01   0.364850E-01   0.215600E+02
    -115  -0.402500E+01  -0.115000E+00   0.365381E-01   0.127883E+01   0.364879E-01   0.215250E+02
    -114  -0.399000E+01  -0.114000E+00   0.365859E-01   0.128051E+01   0.364982E-01   0.214900E+02
    -113  -0.395500E+01  -0.113000E+00   0.366634E-01   0.128322E+01   0.364908E-01   0.214550E+02
    -112  -0.392000E+01  -0.112000E+00   0.364999E-01   0.127750E+01   0.364304E-01   0.214200E+02
    -111  -0.388500E+01  -0.111000E+00   0.364593E-01   0.127608E+01   0.364208E-01   0.213850E+02
    -110  -0.385000E+01  -0.110000E+00   0.365266E-01   0.127843E+01   0.364373E-01   0.213500E+02
    -109  -0.381500E+01  -0.109000E+00   0.364862E-01   0.127702E+01   0.364513E-01   0.213150E+02
    -108  -0.378000E+01  -0.108000E+00   0.365479E-01   0.127918E+01   0.364710E-01   0.212800E+02
    -107  -0.374500E+01  -0.107000E+00   0.364865E-01   0.127703E+01   0.364155E-01   0.212450E+02
    -106  -0.371000E+01  -0.106000E+00   0.365447E-01   0.127906E+01   0.364535E-01   0.212100E+02
    -105  -0.367500E+01  -0.105000E+00   0.365256E-01   0.127839E+01   0.364734E-01   0.211750E+02
    -104  -0.364000E+01  -0.104000E+00   0.365581E-01   0.127953E+01   0.364782E-01   0.211400E+02
    -103  -0.360500E+01  -0.103000E+00   0.365424E-01   0.127898E+01   0.364369E-01   0.211050E+02
    -102  -0.357000E+01  -0.102000E+00   0.364839E-01   0.127694E+01   0.364336E-01   0.210700E+02
    -101  -0.353500E+01  -0.101000E+00   0.365492E-01   0.127922E+01   0.364580E-01   0.210350E+02
    -100  -0.350000E+01  -0.100000E+00   0.365338E-01   0.127868E+01   0.364220E-01   0.210000E+02
     -99  -0.346500E+01  -0.990000E-01   0.363992E-01   0.127397E+01   0.363956E-01   0.209650E+02
     -98  -0.343000E+01  -0.980000E-01   0.365679E-01   0.127988E+01   0.364632E-01   0.209300E+02
     -97  -0.339500E+01  -0.970000E-01   0.365230E-01   0.127831E+01   0.364599E-01   0.208950E+02
     -96  -0.336000E+01  -0.960000E-01   0.364628E-01   0.127620E+01   0.364459E-01   0.208600E+02
     -95  -0.332500E+01  -0.950000E-01   0.364632E-01   0.127621E+01   0.364101E-01   0.208250E+02
     -94  -0.329000E+01  -0.940000E-01   0.364460E-01   0.127561E+01   0.363565E-01   0.207900E+02
     -93  -0.325500E+01  -0.930000E-01   0.365085E-01   0.127780E+01   0.364420E-01   0.207550E+02
     -92  -0.322000E+01  -0.920000E-01   0.365395E-01   0.127888E+01   0.364561E-01   0.207200E+02
     -91  -0.318500E+01  -0.910000E-01   0.365135E-01   0.127797E+01   0.364289E-01   0.206850E+02
     -90  -0.315000E+01  -0.900000E-01   0.364520E-01   0.127582E+01   0.364073E-01   0.206500E+02
     -89  -0.311500E+01  -0.890000E-01   0.365034E-01   0.127762E+01   0.364460E-01   0.206150E+02
     -88  -0.308000E+01  -0.880000E-01   0.364813E-01   0.127685E+01   0.364305E-01   0.205800E+02
     -87  -0.304500E+01  -0.870000E-01   0.365565E-01   0.127948E+01   0.364585E-01   0.205450E+02
     -86  -0.301000E+01  -0.860000E-01   0.364953E-01   0.127733E+01   0.363764E-01   0.205100E+02
     -85  -0.297500E+01  -0.850000E-01   0.364862E-01   0.127702E+01   0.364257E-01   0.204750E+02
     -84  -0.294000E+01  -0.840000E-01   0.364367E-01   0.127529E+01   0.364303E-01   0.204400E+02
     -83  -0.290500E+01  -0.830000E-01   0.365417E-01   0.127896E+01   0.364487E-01   0.204050E+02
     -82  -0.287000E+01  -0.820000E-01   0.365451E-01   0.127908E+01   0.364558E-01   0.203700E+02
     -81  -0.283500E+01  -0.810000E-01   0.364221E-01   0.127477E+01   0.363484E-01   0.203350E+02
     -80  -0.280000E+01  -0.800000E-01   0.364766E-01   0.127668E+01   0.364148E-01   0.203000E+02
     -79  -0.276500E+01  -0.790000E-01   0.364240E-01   0.127484E+01   0.364058E-01   0.202650E+02
     -78  -0.273000E+01  -0.780000E-01   0.364617E-01   0.127616E+01   0.363795E-01   0.202300E+02
     -77  -0.269500E+01  -0.770000E-01   0.364800E-01   0.127680E+01   0.363953E-01   0.201950E+02
     -76  -0.266000E+01  -0.760000E-01   0.363671E-01   0.127285E+01   0.363277E-01   0.201600E+02
     -75  -0.262500E+01  -0.750000E-01   0.364772E-01   0.127670E+01   0.364384E-01   0.201250E+02
     -74  -0.259000E+01  -0.740000E-01   0.364590E-01   0.127606E+01   0.364764E-01   0.200900E+02
     -73  -0.255500E+01  -0.730000E-01   0.363566E-01   0.127248E+01   0.363223E-01   0.200550E+02
     -72  -0.252000E+01  -0.720000E-01   0.364285E-01   0.127500E+01   0.363674E-01   0.200200E+02
     -71  -0.248500E+01  -0.710000E-01   0.364944E-01   0.127730E+01   0.363947E-01   0.199850E+02
     -70  -0.245000E+01  -0.700000E-01   0.364844E-01   0.127695E+01   0.364116E-01   0.199500E+02
     -69  -0.241500E+01  -0.690000E-01   0.364215E-01   0.127475E+01   0.363978E-01   0.199150E+02
     -68  -0.238000E+01  -0.680000E-01   0.364258E-01   0.127490E+01   0.363801E-01   0.198800E+02
     -67  -0.234500E+01  -0.670000E-01   0.364402E-01   0.127541E+01   0.363440E-01   0.198450E+02
     -66  -0.231000E+01  -0.660000E-01   0.363484E-01   0.127219E+01   0.363168E-01   0.198100E+02
     -65  -0.227500E+01  -0.650000E-01   0.365141E-01   0.127799E+01   0.364266E-01   0.197750E+02
     -64  -0.224000E+01  -0.640000E-01   0.365018E-01   0.127756E+01   0.364296E-01   0.197400E+02
     -63  -0.220500E+01  -0.630000E-01   0.364972E-01   0.127740E+01   0.364217E-01   0.197050E+02
     -62  -0.217000E+01  -0.620000E-01   0.363889E-01   0.127361E+01   0.363528E-01   0.196700E+02
     -61  -0.213500E+01  -0.610000E-01   0.364162E-01   0.127457E+01   0.363617E-01   0.196350E+02
     -60  -0.210000E+01  -0.600000E-01   0.364134E-01   0.127447E+01   0.363834E-01   0.196000E+02
     -59  -0.206500E+01  -0.590000E-01   0.364931E-01   0.127726E+01   0.364011E-01   0.195650E+02
     -58  -0.203000E+01  -0.580000E-01   0.364493E-01   0.127573E+01   0.363869E-01   0.195300E+02
     -57  -0.199500E+01  -0.570000E-01   0.364227E-01   0.127480E+01   0.364208E-01   0.194950E+02
     -56  -0.196000E+01  -0.560000E-01   0.364412E-01   0.127544E+01   0.363548E-01   0.194600E+02
     -55  -0.192500E+01  -0.550000E-01   0.363188E-01   0.127116E+01   0.363057E-01   0.194250E+02
     -54  -0.189000E+01  -0.540000E-01   0.364035E-01   0.127412E+01   0.363457E-01   0.193900E+02
     -53  -0.185500E+01  -0.530000E-01   0.365174E-01   0.127811E+01   0.364027E-01   0.193550E+02
     -52  -0.182000E+01  -0.520000E-01   0.363747E-01   0.127311E+01   0.363548E-01   0.193200E+02
     -51  -0.178500E+01  -0.510000E-01   0.364121E-01   0.127442E+01   0.363544E-01   0.192850E+02
     -50  -0.175000E+01  -0.500000E-01   0.363506E-01   0.127227E+01   0.363484E-01   0.192500E+02
     -49  -0.171500E+01  -0.490000E-01   0.364078E-01   0.127427E+01   0.363639E-01   0.192150E+02
     -48  -0.168000E+01  -0.480000E-01   0.364302E-01   0.127506E+01   0.363539E-01   0.191800E+02
     -47  -0.164500E+01  -0.470000E-01   0.363584E-01   0.127254E+01   0.363335E-01   0.191450E+02
     -46  -0.161000E+01  -0.460000E-01   0.363445E-01   0.127206E+01   0.363368E-01   0.191100E+02
     -45  -0.157500E+01  -0.450000E-01   0.364094E-01   0.127433E+01   0.363526E-01   0.190750E+02
     -44  -0.154000E+01  -0.440000E-01   0.362950E-01   0.127032E+01   0.362820E-01   0.190400E+02
     -43  -0.150500E+01  -0.430000E-01   0.364483E-01   0.127569E+01   0.363616E-01   0.190050E+02
     -42  -0.147000E+01  -0.420000E-01   0.363562E-01   0.127247E+01   0.363360E-01   0.189700E+02
     -41  -0.143500E+01  -0.410000E-01   0.363300E-01   0.127155E+01   0.363066E-01   0.189350E+02
     -40  -0.140000E+01  -0.400000E-01   0.364218E-01   0.127476E+01   0.363559E-01   0.189000E+02
     -39  -0.136500E+01  -0.390000E-01   0.363695E-01   0.127293E+01   0.363660E-01   0.188650E+02
     -38  -0.133000E+01  -0.380000E-01   0.363512E-01   0.127229E+01   0.362955E-01   0.188300E+02
     -37  -0.129500E+01  -0.370000E-01   0.363843E-01   0.127345E+01   0.363581E-01   0.187950E+02
     -36  -0.126000E+01  -0.360000E-01   0.362566E-01   0.126898E+01   0.362586E-01   0.187600E+02
     -35  -0.122500E+01  -0.350000E-01   0.363459E-01   0.127210E+01   0.363124E-01   0.187250E+02
     -34  -0.119000E+01  -0.340000E-01   0.364082E-01   0.127429E+01   0.363746E-01   0.186900E+02
     -33  -0.115500E+01  -0.330000E-01   0.363611E-01   0.127264E+01   0.363066E-01   0.186550E+02
     -32  -0.112000E+01  -0.320000E-01   0.363721E-01   0.127302E+01   0.363528E-01   0.186200E+02
     -31  -0.108500E+01  -0.310000E-01   0.364753E-01   0.127663E+01   0.363808E-01   0.185850E+02
     -30  -0.105000E+01  -0.300000E-01   0.364124E-01   0.127443E+01   0.363718E-01   0.185500E+02
     -29  -0.101500E+01  -0.290000E-01   0.363941E-01   0.127379E+01   0.363411E-01   0.185150E+02
     -28  -0.980000E+00  -0.280000E-01   0.363975E-01   0.127391E+01   0.363443E-01   0.184800E+02
     -27  -0.945000E+00  -0.270000E-01   0.363780E-01   0.127323E+01   0.363387E-01   0.184450E+02
     -26  -0.910000E+00  -0.260000E-01   0.363601E-01   0.127260E+01   0.362825E-01   0.184100E+02
     -25  -0.875000E+00  -0.250000E-01   0.362914E-01   0.127020E+01   0.362951E-01   0.183750E+02
     -24  -0.840000E+00  -0.240000E-01   0.364232E-01   0.127481E+01   0.363690E-01   0.183400E+02
     -23  -0.805000E+00  -0.230000E-01   0.363923E-01   0.127373E+01   0.363374E-01   0.183050E+02
     -22  -0.770000E+00  -0.220000E-01   0.363081E-01   0.127078E+01   0.363197E-01   0.182700E+02
     -21  -0.735000E+00  -0.210000E-01   0.362743E-01   0.126960E+01   0.363031E-01   0.182350E+02
     -20  -0.700000E+00  -0.200000E-01   0.364030E-01   0.127410E+01   0.363409E-01   0.182000E+02
     -19  -0.665000E+00  -0.190000E-01   0.363569E-01   0.127249E+01   0.363304E-01   0.181650E+02
     -18  -0.630000E+00  -0.180000E-01   0.363115E-01   0.127090E+01   0.363362E-01   0.181300E+02
     -17  -0.595000E+00  -0.170000E-01   0.363213E-01   0.127125E+01   0.362734E-01   0.180950E+02
     -16  -0.560000E+00  -0.160000E-01   0.363238E-01   0.127133E+01   0.363265E-01   0.180600E+02
     -15  -0.525000E+00  -0.150000E-01   0.363452E-01   0.127208E+01   0.362981E-01   0.180250E+02
     -14  -0.490000E+00  -0.140000E-01   0.362861E-01   0.127001E+01   0.362932E-01   0.179900E+02
     -13  -0.455000E+00  -0.130000E-01   0.364177E-01   0.127462E+01   0.363893E-01   0.179550E+02
     -12  -0.420000E+00  -0.120000E-01   0.362833E-01   0.126992E+01   0.362806E-01   0.179200E+02
     -11  -0.385000E+00  -0.110000E-01   0.362863E-01   0.127002E+01   0.363280E-01   0.178850E+02
     -10  -0.350000E+00  -0.100000E-01   0.363465E-01   0.127213E+01   0.363451E-01   0.178500E+02
      -9  -0.315000E+00  -0.900000E-02   0.363490E-01   0.127222E+01   0.363395E-01   0.178150E+02
      -8  -0.280000E+00  -0.800000E-02   0.363781E-01   0.127323E+01   0.363529E-01   0.177800E+02
      -7  -0.245000E+00  -0.700000E-02   0.362945E-01   0.127031E+01   0.362547E-01   0.177450E+02
      -6  -0.210000E+00  -0.600000E-02   0.362460E-01   0.126861E+01   0.362693E-01   0.177100E+02
      -5  -0.175000E+00  -0.500000E-02   0.363238E-01   0.127133E+01   0.363521E-01   0.176750E+02
      -4  -0.140000E+00  -0.400000E-02   0.362575E-01   0.126901E+01   0.362674E-01   0.176400E+02
      -3  -0.105000E+00  -0.300000E-02   0.362994E-01   0.127048E+01   0.362969E-01   0.176050E+02
      -2  -0.700000E-01  -0.200000E-02   0.363722E-01   0.127303E+01   0.363497E-01   0.175700E+02
      -1  -0.350000E-01  -0.100000E-02   0.362624E-01   0.126919E+01   0.363114E-01   0.175350E+02
       0   0.000000E+00   0.000000E+00   0.363382E-01   0.127184E+01   0.363382E-01   0.175000E+02
       1   0.350000E-01   0.100000E-02   0.363603E-01   0.127261E+01   0.363114E-01   0.174650E+02
       2   0.700000E-01   0.200000E-02   0.363271E-01   0.127145E+01   0.363497E-01   0.174300E+02
       3   0.105000E+00   0.300000E-02   0.362944E-01   0.127030E+01   0.362969E-01   0.173950E+02
       4   0.140000E+00   0.400000E-02   0.362773E-01   0.126970E+01   0.362674E-01   0.173600E+02
       5   0.175000E+00   0.500000E-02   0.363804E-01   0.127332E+01   0.363521E-01   0.173250E+02
       6   0.210000E+00   0.600000E-02   0.362926E-01   0.127024E+01   0.362693E-01   0.172900E+02
       7   0.245000E+00   0.700000E-02   0.362150E-01   0.126752E+01   0.362547E-01   0.172550E+02
       8   0.280000E+00   0.800000E-02   0.363277E-01   0.127147E+01   0.363529E-01   0.172200E+02
       9   0.315000E+00   0.900000E-02   0.363300E-01   0.127155E+01   0.363395E-01   0.171850E+02
      10   0.350000E+00   0.100000E-01   0.363437E-01   0.127203E+01   0.363451E-01   0.171500E+02
      11   0.385000E+00   0.110000E-01   0.363698E-01   0.127294E+01   0.363280E-01   0.171150E+02
      12   0.420000E+00   0.120000E-01   0.362780E-01   0.126973E+01   0.362806E-01   0.170800E+02
      13   0.455000E+00   0.130000E-01   0.363609E-01   0.127263E+01   0.363893E-01   0.170450E+02
      14   0.490000E+00   0.140000E-01   0.363004E-01   0.127052E+01   0.362932E-01   0.170100E+02
      15   0.525000E+00   0.150000E-01   0.362510E-01   0.126878E+01   0.362981E-01   0.169750E+02
      16   0.560000E+00   0.160000E-01   0.363291E-01   0.127152E+01   0.363265E-01   0.169400E+02
      17   0.595000E+00   0.170000E-01   0.362255E-01   0.126789E+01   0.362734E-01   0.169050E+02
      18   0.630000E+00   0.180000E-01   0.363609E-01   0.127263E+01   0.363362E-01   0.168700E+02
      19   0.665000E+00   0.190000E-01   0.363040E-01   0.127064E+01   0.363304E-01   0.168350E+02
      20   0.700000E+00   0.200000E-01   0.362789E-01   0.126976E+01   0.363409E-01   0.168000E+02
      21   0.735000E+00   0.210000E-01   0.363319E-01   0.127162E+01   0.363031E-01   0.167650E+02
      22   0.770000E+00   0.220000E-01   0.363313E-01   0.127160E+01   0.363197E-01   0.167300E+02
      23   0.805000E+00   0.230000E-01   0.362824E-01   0.126989E+01   0.363374E-01   0.166950E+02
      24   0.840000E+00   0.240000E-01   0.363148E-01   0.127102E+01   0.363690E-01   0.166600E+02
      25   0.875000E+00   0.250000E-01   0.362988E-01   0.127046E+01   0.362951E-01   0.166250E+02
      26   0.910000E+00   0.260000E-01   0.362049E-01   0.126717E+01   0.362825E-01   0.165900E+02
      27   0.945000E+00   0.270000E-01   0.362995E-01   0.127048E+01   0.363387E-01   0.165550E+02
      28   0.980000E+00   0.280000E-01   0.362910E-01   0.127019E+01   0.363443E-01   0.165200E+02
      29   0.101500E+01   0.290000E-01   0.362881E-01   0.127008E+01   0.363411E-01   0.164850E+02
      30   0.105000E+01   0.300000E-01   0.363311E-01   0.127159E+01   0.363718E-01   0.164500E+02
      31   0.108500E+01   0.310000E-01   0.362864E-01   0.127002E+01   0.363808E-01   0.164150E+02
      32   0.112000E+01   0.320000E-01   0.363335E-01   0.127167E+01   0.363528E-01   0.163800E+02
      33   0.115500E+01   0.330000E-01   0.362521E-01   0.126882E+01   0.363066E-01   0.163450E+02
      34   0.119000E+01   0.340000E-01   0.363410E-01   0.127194E+01   0.363746E-01   0.163100E+02
      35   0.122500E+01   0.350000E-01   0.362789E-01   0.126976E+01   0.363124E-01   0.162750E+02
      36   0.126000E+01   0.360000E-01   0.362605E-01   0.126912E+01   0.362586E-01   0.162400E+02
      37   0.129500E+01   0.370000E-01   0.363319E-01   0.127162E+01   0.363581E-01   0.162050E+02
      38   0.133000E+01   0.380000E-01   0.362397E-01   0.126839E+01   0.362955E-01   0.161700E+02
      39   0.136500E+01   0.390000E-01   0.363624E-01   0.127268E+01   0.363660E-01   0.161350E+02
      40   0.140000E+01   0.400000E-01   0.362901E-01   0.127015E+01   0.363559E-01   0.161000E+02
      41   0.143500E+01   0.410000E-01   0.362831E-01   0.126991E+01   0.363066E-01   0.160650E+02
      42   0.147000E+01   0.420000E-01   0.363158E-01   0.127105E+01   0.363360E-01   0.160300E+02
      43   0.150500E+01   0.430000E-01   0.362750E-01   0.126962E+01   0.363616E-01   0.159950E+02
      44   0.154000E+01   0.440000E-01   0.362689E-01   0.126941E+01   0.362820E-01   0.159600E+02
      45   0.157500E+01   0.450000E-01   0.362958E-01   0.127035E+01   0.363526E-01   0.159250E+02
      46   0.161000E+01   0.460000E-01   0.363292E-01   0.127152E+01   0.363368E-01   0.158900E+02
      47   0.164500E+01   0.470000E-01   0.363086E-01   0.127080E+01   0.363335E-01   0.158550E+02
      48   0.168000E+01   0.480000E-01   0.362775E-01   0.126971E+01   0.363539E-01   0.158200E+02
      49   0.171500E+01   0.490000E-01   0.363199E-01   0.127120E+01   0.363639E-01   0.157850E+02
      50   0.175000E+01   0.500000E-01   0.363463E-01   0.127212E+01   0.363484E-01   0.157500E+02
      51   0.178500E+01   0.510000E-01   0.362966E-01   0.127038E+01   0.363544E-01   0.157150E+02
      52   0.182000E+01   0.520000E-01   0.363348E-01   0.127172E+01   0.363548E-01   0.156800E+02
      53   0.185500E+01   0.530000E-01   0.362881E-01   0.127008E+01   0.364027E-01   0.156450E+02
      54   0.189000E+01   0.540000E-01   0.362878E-01   0.127007E+01   0.363457E-01   0.156100E+02
      55   0.192500E+01   0.550000E-01   0.362926E-01   0.127024E+01   0.363057E-01   0.155750E+02
      56   0.196000E+01   0.560000E-01   0.362685E-01   0.126940E+01   0.363548E-01   0.155400E+02
      57   0.199500E+01   0.570000E-01   0.364188E-01   0.127466E+01   0.364208E-01   0.155050E+02
      58   0.203000E+01   0.580000E-01   0.363245E-01   0.127136E+01   0.363869E-01   0.154700E+02
      59   0.206500E+01   0.590000E-01   0.363090E-01   0.127082E+01   0.364011E-01   0.154350E+02
      60   0.210000E+01   0.600000E-01   0.363534E-01   0.127237E+01   0.363834E-01   0.154000E+02
      61   0.213500E+01   0.610000E-01   0.363072E-01   0.127075E+01   0.363617E-01   0.153650E+02
      62   0.217000E+01   0.620000E-01   0.363167E-01   0.127108E+01   0.363528E-01   0.153300E+02
      63   0.220500E+01   0.630000E-01   0.363461E-01   0.127211E+01   0.364217E-01   0.152950E+02
      64   0.224000E+01   0.640000E-01   0.363574E-01   0.127251E+01   0.364296E-01   0.152600E+02
      65   0.227500E+01   0.650000E-01   0.363390E-01   0.127187E+01   0.364266E-01   0.152250E+02
      66   0.231000E+01   0.660000E-01   0.362853E-01   0.126999E+01   0.363168E-01   0.151900E+02
      67   0.234500E+01   0.670000E-01   0.362478E-01   0.126867E+01   0.363440E-01   0.151550E+02
      68   0.238000E+01   0.680000E-01   0.363343E-01   0.127170E+01   0.363801E-01   0.151200E+02
      69   0.241500E+01   0.690000E-01   0.363741E-01   0.127309E+01   0.363978E-01   0.150850E+02
      70   0.245000E+01   0.700000E-01   0.363389E-01   0.127186E+01   0.364116E-01   0.150500E+02
      71   0.248500E+01   0.710000E-01   0.362951E-01   0.127033E+01   0.363947E-01   0.150150E+02
      72   0.252000E+01   0.720000E-01   0.363062E-01   0.127072E+01   0.363674E-01   0.149800E+02
      73   0.255500E+01   0.730000E-01   0.362879E-01   0.127008E+01   0.363223E-01   0.149450E+02
      74   0.259000E+01   0.740000E-01   0.364938E-01   0.127728E+01   0.364764E-01   0.149100E+02
      75   0.262500E+01   0.750000E-01   0.363996E-01   0.127399E+01   0.364384E-01   0.148750E+02
      76   0.266000E+01   0.760000E-01   0.362883E-01   0.127009E+01   0.363277E-01   0.148400E+02
      77   0.269500E+01   0.770000E-01   0.363105E-01   0.127087E+01   0.363953E-01   0.148050E+02
      78   0.273000E+01   0.780000E-01   0.362973E-01   0.127041E+01   0.363795E-01   0.147700E+02
      79   0.276500E+01   0.790000E-01   0.363875E-01   0.127356E+01   0.364058E-01   0.147350E+02
      80   0.280000E+01   0.800000E-01   0.363530E-01   0.127235E+01   0.364148E-01   0.147000E+02
      81   0.283500E+01   0.810000E-01   0.362748E-01   0.126962E+01   0.363484E-01   0.146650E+02
      82   0.287000E+01   0.820000E-01   0.363665E-01   0.127283E+01   0.364558E-01   0.146300E+02
      83   0.290500E+01   0.830000E-01   0.363558E-01   0.127245E+01   0.364487E-01   0.145950E+02
      84   0.294000E+01   0.840000E-01   0.364239E-01   0.127484E+01   0.364303E-01   0.145600E+02
      85   0.297500E+01   0.850000E-01   0.363652E-01   0.127278E+01   0.364257E-01   0.145250E+02
      86   0.301000E+01   0.860000E-01   0.362576E-01   0.126901E+01   0.363764E-01   0.144900E+02
      87   0.304500E+01   0.870000E-01   0.363605E-01   0.127262E+01   0.364585E-01   0.144550E+02
      88   0.308000E+01   0.880000E-01   0.363796E-01   0.127329E+01   0.364305E-01   0.144200E+02
      89   0.311500E+01   0.890000E-01   0.363886E-01   0.127360E+01   0.364460E-01   0.143850E+02
      90   0.315000E+01   0.900000E-01   0.363625E-01   0.127269E+01   0.364073E-01   0.143500E+02
      91   0.318500E+01   0.910000E-01   0.363444E-01   0.127205E+01   0.364289E-01   0.143150E+02
      92   0.322000E+01   0.920000E-01   0.363726E-01   0.127304E+01   0.364561E-01   0.142800E+02
      93   0.325500E+01   0.930000E-01   0.363754E-01   0.127314E+01   0.364420E-01   0.142450E+02
      94   0.329000E+01   0.940000E-01   0.362670E-01   0.126935E+01   0.363565E-01   0.142100E+02
      95   0.332500E+01   0.950000E-01   0.363570E-01   0.127249E+01   0.364101E-01   0.141750E+02
      96   0.336000E+01   0.960000E-01   0.364289E-01   0.127501E+01   0.364459E-01   0.141400E+02
      97   0.339500E+01   0.970000E-01   0.363967E-01   0.127389E+01   0.364599E-01   0.141050E+02
      98   0.343000E+01   0.980000E-01   0.363584E-01   0.127254E+01   0.364632E-01   0.140700E+02
      99   0.346500E+01   0.990000E-01   0.363920E-01   0.127372E+01   0.363956E-01   0.140350E+02
     100   0.350000E+01   0.100000E+00   0.363102E-01   0.127086E+01   0.364220E-01   0.140000E+02
     101   0.353500E+01   0.101000E+00   0.363668E-01   0.127284E+01   0.364580E-01   0.139650E+02
     102   0.357000E+01   0.102000E+00   0.363833E-01   0.127342E+01   0.364336E-01   0.139300E+02
     103   0.360500E+01   0.103000E+00   0.363315E-01   0.127160E+01   0.364369E-01   0.138950E+02
     104   0.364000E+01   0.104000E+00   0.363983E-01   0.127394E+01   0.364782E-01   0.138600E+02
     105   0.367500E+01   0.105000E+00   0.364212E-01   0.127474E+01   0.364734E-01   0.138250E+02
     106   0.371000E+01   0.106000E+00   0.363623E-01   0.127268E+01   0.364535E-01   0.137900E+02
     107   0.374500E+01   0.107000E+00   0.363446E-01   0.127206E+01   0.364155E-01   0.137550E+02
     108   0.378000E+01   0.108000E+00   0.363940E-01   0.127379E+01   0.364710E-01   0.137200E+02
     109   0.381500E+01   0.109000E+00   0.364164E-01   0.127458E+01   0.364513E-01   0.136850E+02
     110   0.385000E+01   0.110000E+00   0.363480E-01   0.127218E+01   0.364373E-01   0.136500E+02
     111   0.388500E+01   0.111000E+00   0.363822E-01   0.127338E+01   0.364208E-01   0.136150E+02
     112   0.392000E+01   0.112000E+00   0.363609E-01   0.127263E+01   0.364304E-01   0.135800E+02
     113   0.395500E+01   0.113000E+00   0.363181E-01   0.127113E+01   0.364908E-01   0.135450E+02
     114   0.399000E+01   0.114000E+00   0.364105E-01   0.127437E+01   0.364982E-01   0.135100E+02
     115   0.402500E+01   0.115000E+00   0.364378E-01   0.127532E+01   0.364879E-01   0.134750E+02
     116   0.406000E+01   0.116000E+00   0.364066E-01   0.127423E+01   0.364850E-01   0.134400E+02
     117   0.409500E+01   0.117000E+00   0.363085E-01   0.127080E+01   0.364012E-01   0.134050E+02
     118   0.413000E+01   0.118000E+00   0.364235E-01   0.127482E+01   0.364851E-01   0.133700E+02
     119   0.416500E+01   0.119000E+00   0.363652E-01   0.127278E+01   0.364790E-01   0.133350E+02
     120   0.420000E+01   0.120000E+00   0.363450E-01   0.127207E+01   0.364290E-01   0.133000E+02
     121   0.423500E+01   0.121000E+00   0.363787E-01   0.127325E+01   0.364762E-01   0.132650E+02
     122   0.427000E+01   0.122000E+00   0.363426E-01   0.127199E+01   0.364370E-01   0.132300E+02
     123   0.430500E+01   0.123000E+00   0.363697E-01   0.127294E+01   0.364865E-01   0.131950E+02
     124   0.434000E+01   0.124000E+00   0.363465E-01   0.127213E+01   0.364953E-01   0.131600E+02
     125   0.437500E+01   0.125000E+00   0.364018E-01   0.127406E+01   0.364639E-01   0.131250E+02
     126   0.441000E+01   0.126000E+00   0.363247E-01   0.127136E+01   0.364509E-01   0.130900E+02
     127   0.444500E+01   0.127000E+00   0.363253E-01   0.127139E+01   0.364508E-01   0.130550E+02
     128   0.448000E+01   0.128000E+00   0.364315E-01   0.127510E+01   0.365290E-01   0.130200E+02
     129   0.451500E+01   0.129000E+00   0.363352E-01   0.127173E+01   0.364200E-01   0.129850E+02
     130   0.455000E+01   0.130000E+00   0.362987E-01   0.127045E+01   0.364564E-01   0.129500E+02
     131   0.458500E+01   0.131000E+00   0.364257E-01   0.127490E+01   0.365374E-01   0.129150E+02
     132   0.462000E+01   0.132000E+00   0.362442E-01   0.126855E+01   0.364095E-01   0.128800E+02
     133   0.465500E+01   0.133000E+00   0.363322E-01   0.127163E+01   0.364422E-01   0.128450E+02
     134   0.469000E+01   0.134000E+00   0.363796E-01   0.127328E+01   0.364612E-01   0.128100E+02
     135   0.472500E+01   0.135000E+00   0.363301E-01   0.127155E+01   0.364444E-01   0.127750E+02
     136   0.476000E+01   0.136000E+00   0.363425E-01   0.127199E+01   0.364401E-01   0.127400E+02
     137   0.479500E+01   0.137000E+00   0.363842E-01   0.127345E+01   0.365164E-01   0.127050E+02
     138   0.483000E+01   0.138000E+00   0.363602E-01   0.127261E+01   0.364709E-01   0.126700E+02
     139   0.486500E+01   0.139000E+00   0.363275E-01   0.127146E+01   0.364665E-01   0.126350E+02
     140   0.490000E+01   0.140000E+00   0.363879E-01   0.127358E+01   0.365302E-01   0.126000E+02
     141   0.493500E+01   0.141000E+00   0.363309E-01   0.127158E+01   0.364811E-01   0.125650E+02
     142   0.497000E+01   0.142000E+00   0.363577E-01   0.127252E+01   0.365083E-01   0.125300E+02
     143   0.500500E+01   0.143000E+00   0.364021E-01   0.127407E+01   0.365239E-01   0.124950E+02
     144   0.504000E+01   0.144000E+00   0.363334E-01   0.127167E+01   0.365078E-01   0.124600E+02
     145   0.507500E+01   0.145000E+00   0.363658E-01   0.127280E+01   0.364785E-01   0.124250E+02
     146   0.511000E+01   0.146000E+00   0.364096E-01   0.127434E+01   0.365018E-01   0.123900E+02
     147   0.514500E+01   0.147000E+00   0.363347E-01   0.127172E+01   0.364876E-01   0.123550E+02
     148   0.518000E+01   0.148000E+00   0.363386E-01   0.127185E+01   0.364917E-01   0.123200E+02
     149   0.521500E+01   0.149000E+00   0.363062E-01   0.127072E+01   0.364576E-01   0.122850E+02
     150   0.525000E+01   0.150000E+00   0.363679E-01   0.127288E+01   0.364836E-01   0.122500E+02
     151   0.528500E+01   0.151000E+00   0.363722E-01   0.127303E+01   0.364999E-01   0.122150E+02
     152   0.532000E+01   0.152000E+00   0.362654E-01   0.126929E+01   0.364366E-01   0.121800E+02
     153   0.535500E+01   0.153000E+00   0.363831E-01   0.127341E+01   0.365302E-01   0.121450E+02
     154   0.539000E+01   0.154000E+00   0.362831E-01   0.126991E+01   0.364355E-01   0.121100E+02
     155   0.542500E+01   0.155000E+00   0.363405E-01   0.127192E+01   0.364826E-01   0.120750E+02
     156   0.546000E+01   0.156000E+00   0.363088E-01   0.127081E+01   0.364729E-01   0.120400E+02
     157   0.549500E+01   0.157000E+00   0.362660E-01   0.126931E+01   0.364811E-01   0.120050E+02
     158   0.553000E+01   0.158000E+00   0.363279E-01   0.127148E+01   0.364992E-01   0.119700E+02
     159   0.556500E+01   0.159000E+00   0.362777E-01   0.126972E+01   0.364568E-01   0.119350E+02
     160   0.560000E+01   0.160000E+00   0.363049E-01   0.127067E+01   0.365053E-01   0.119000E+02
     161   0.563500E+01   0.161000E+00   0.363032E-01   0.127061E+01   0.364618E-01   0.118650E+02
     162   0.567000E+01   0.162000E+00   0.362681E-01   0.126938E+01   0.364569E-01   0.118300E+02
     163   0.570500E+01   0.163000E+00   0.363078E-01   0.127077E+01   0.364970E-01   0.117950E+02
     164   0.574000E+01   0.164000E+00   0.363448E-01   0.127207E+01   0.365226E-01   0.117600E+02
     165   0.577500E+01   0.165000E+00   0.362940E-01   0.127029E+01   0.364656E-01   0.117250E+02
     166   0.581000E+01   0.166000E+00   0.362770E-01   0.126969E+01   0.364524E-01   0.116900E+02
     167   0.584500E+01   0.167000E+00   0.362350E-01   0.126822E+01   0.364159E-01   0.116550E+02
     168   0.588000E+01   0.168000E+00   0.362564E-01   0.126897E+01   0.365161E-01   0.116200E+02
     169   0.591500E+01   0.169000E+00   0.363394E-01   0.127188E+01   0.365216E-01   0.115850E+02
     170   0.595000E+01   0.170000E+00   0.362512E-01   0.126879E+01   0.364943E-01   0.115500E+02
     171   0.598500E+01   0.171000E+00   0.363544E-01   0.127240E+01   0.365069E-01   0.115150E+02
     172   0.602000E+01   0.172000E+00   0.363830E-01   0.127340E+01   0.365358E-01   0.114800E+02
     173   0.605500E+01   0.173000E+00   0.362390E-01   0.126836E+01   0.364365E-01   0.114450E+02
     174   0.609000E+01   0.174000E+00   0.362858E-01   0.127000E+01   0.364841E-01   0.114100E+02
     175   0.612500E+01   0.175000E+00   0.362153E-01   0.126754E+01   0.364346E-01   0.113750E+02
     176   0.616000E+01   0.176000E+00   0.363558E-01   0.127245E+01   0.364852E-01   0.113400E+02
     177   0.619500E+01   0.177000E+00   0.362557E-01   0.126895E+01   0.364791E-01   0.113050E+02
     178   0.623000E+01   0.178000E+00   0.362867E-01   0.127004E+01   0.365000E-01   0.112700E+02
     179   0.626500E+01   0.179000E+00   0.362630E-01   0.126921E+01   0.364659E-01   0.112350E+02
     180   0.630000E+01   0.180000E+00   0.362795E-01   0.126978E+01   0.364522E-01   0.112000E+02
     181   0.633500E+01   0.181000E+00   0.362371E-01   0.126830E+01   0.364625E-01   0.111650E+02
     182   0.637000E+01   0.182000E+00   0.363054E-01   0.127069E+01   0.364968E-01   0.111300E+02
     183   0.640500E+01   0.183000E+00   0.362039E-01   0.126714E+01   0.364315E-01   0.110950E+02
     184   0.644000E+01   0.184000E+00   0.362724E-01   0.126953E+01   0.364838E-01   0.110600E+02
     185   0.647500E+01   0.185000E+00   0.363359E-01   0.127176E+01   0.364885E-01   0.110250E+02
     186   0.651000E+01   0.186000E+00   0.361963E-01   0.126687E+01   0.364478E-01   0.109900E+02
     187   0.654500E+01   0.187000E+00   0.363791E-01   0.127327E+01   0.365219E-01   0.109550E+02
     188   0.658000E+01   0.188000E+00   0.362061E-01   0.126721E+01   0.364625E-01   0.109200E+02
     189   0.661500E+01   0.189000E+00   0.362437E-01   0.126853E+01   0.364159E-01   0.108850E+02
     190   0.665000E+01   0.190000E+00   0.362780E-01   0.126973E+01   0.364996E-01   0.108500E+02
     191   0.668500E+01   0.191000E+00   0.362776E-01   0.126972E+01   0.364330E-01   0.108150E+02
     192   0.672000E+01   0.192000E+00   0.363023E-01   0.127058E+01   0.364860E-01   0.107800E+02
     193   0.675500E+01   0.193000E+00   0.362918E-01   0.127021E+01   0.365224E-01   0.107450E+02
     194   0.679000E+01   0.194000E+00   0.362693E-01   0.126943E+01   0.364801E-01   0.107100E+02
     195   0.682500E+01   0.195000E+00   0.362407E-01   0.126842E+01   0.364395E-01   0.106750E+02
     196   0.686000E+01   0.196000E+00   0.362654E-01   0.126929E+01   0.364450E-01   0.106400E+02
     197   0.689500E+01   0.197000E+00   0.361902E-01   0.126666E+01   0.364238E-01   0.106050E+02
     198   0.693000E+01   0.198000E+00   0.361870E-01   0.126654E+01   0.364156E-01   0.105700E+02
     199   0.696500E+01   0.199000E+00   0.362397E-01   0.126839E+01   0.364283E-01   0.105350E+02
     200   0.700000E+01   0.200000E+00   0.362911E-01   0.127019E+01   0.364884E-01   0.105000E+02
     201   0.703500E+01   0.201000E+00   0.362217E-01   0.126776E+01   0.364084E-01   0.104650E+02
     202   0.707000E+01   0.202000E+00   0.362353E-01   0.126823E+01   0.364501E-01   0.104300E+02
     203   0.710500E+01   0.203000E+00   0.362461E-01   0.126862E+01   0.364255E-01   0.103950E+02
     204   0.714000E+01   0.204000E+00   0.361651E-01   0.126578E+01   0.364069E-01   0.103600E+02
     205   0.717500E+01   0.205000E+00   0.361882E-01   0.126659E+01   0.363960E-01   0.103250E+02
     206   0.721000E+01   0.206000E+00   0.362376E-01   0.126832E+01   0.364636E-01   0.102900E+02
     207   0.724500E+01   0.207000E+00   0.363262E-01   0.127142E+01   0.364547E-01   0.102550E+02
     208   0.728000E+01   0.208000E+00   0.361893E-01   0.126662E+01   0.363802E-01   0.102200E+02
     209   0.731500E+01   0.209000E+00   0.362117E-01   0.126741E+01   0.364272E-01   0.101850E+02
     210   0.735000E+01   0.210000E+00   0.361931E-01   0.126676E+01   0.363946E-01   0.101500E+02
     211   0.738500E+01   0.211000E+00   0.361476E-01   0.126517E+01   0.363782E-01   0.101150E+02
     212   0.742000E+01   0.212000E+00   0.361973E-01   0.126691E+01   0.364133E-01   0.100800E+02
     213   0.745500E+01   0.213000E+00   0.361253E-01   0.126438E+01   0.363509E-01   0.100450E+02
     214   0.749000E+01   0.214000E+00   0.362053E-01   0.126719E+01   0.364299E-01   0.100100E+02
     215   0.752500E+01   0.215000E+00   0.361623E-01   0.126568E+01   0.364125E-01   0.997500E+01
     216   0.756000E+01   0.216000E+00   0.361285E-01   0.126450E+01   0.363369E-01   0.994000E+01
     217   0.759500E+01   0.217000E+00   0.361077E-01   0.126377E+01   0.363658E-01   0.990500E+01
     218   0.763000E+01   0.218000E+00   0.361493E-01   0.126523E+01   0.363711E-01   0.987000E+01
     219   0.766500E+01   0.219000E+00   0.362018E-01   0.126706E+01   0.363698E-01   0.983500E+01
     220   0.770000E+01   0.220000E+00   0.360789E-01   0.126276E+01   0.363166E-01   0.980000E+01
     221   0.773500E+01   0.221000E+00   0.360452E-01   0.126158E+01   0.362796E-01   0.976500E+01
     222   0.777000E+01   0.222000E+00   0.360606E-01   0.126212E+01   0.362744E-01   0.973000E+01
     223   0.780500E+01   0.223000E+00   0.361580E-01   0.126553E+01   0.363389E-01   0.969500E+01
     224   0.784000E+01   0.224000E+00   0.361111E-01   0.126389E+01   0.362609E-01   0.966000E+01
     225   0.787500E+01   0.225000E+00   0.360976E-01   0.126342E+01   0.362880E-01   0.962500E+01
     226   0.791000E+01   0.226000E+00   0.359765E-01   0.125918E+01   0.362227E-01   0.959000E+01
     227   0.794500E+01   0.227000E+00   0.359818E-01   0.125936E+01   0.362620E-01   0.955500E+01
     228   0.798000E+01   0.228000E+00   0.359613E-01   0.125865E+01   0.362413E-01   0.952000E+01
     229   0.801500E+01   0.229000E+00   0.358875E-01   0.125606E+01   0.362034E-01   0.948500E+01
     230   0.805000E+01   0.230000E+00   0.359563E-01   0.125847E+01   0.361944E-01   0.945000E+01
     231   0.808500E+01   0.231000E+00   0.358998E-01   0.125649E+01   0.361613E-01   0.941500E+01
     232   0.812000E+01   0.232000E+00   0.359431E-01   0.125801E+01   0.361998E-01   0.938000E+01
     233   0.815500E+01   0.233000E+00   0.359028E-01   0.125660E+01   0.361633E-01   0.934500E+01
     234   0.819000E+01   0.234000E+00   0.359425E-01   0.125799E+01   0.361837E-01   0.931000E+01
     235   0.822500E+01   0.235000E+00   0.359060E-01   0.125671E+01   0.361675E-01   0.927500E+01
     236   0.826000E+01   0.236000E+00   0.358819E-01   0.125587E+01   0.361325E-01   0.924000E+01
     237   0.829500E+01   0.237000E+00   0.358131E-01   0.125346E+01   0.360716E-01   0.920500E+01
     238   0.833000E+01   0.238000E+00   0.358670E-01   0.125535E+01   0.361054E-01   0.917000E+01
     239   0.836500E+01   0.239000E+00   0.358472E-01   0.125465E+01   0.360809E-01   0.913500E+01
     240   0.840000E+01   0.240000E+00   0.358005E-01   0.125302E+01   0.360799E-01   0.910000E+01
     241   0.843500E+01   0.241000E+00   0.358458E-01   0.125460E+01   0.360914E-01   0.906500E+01
     242   0.847000E+01   0.242000E+00   0.357574E-01   0.125151E+01   0.360299E-01   0.903000E+01
     243   0.850500E+01   0.243000E+00   0.357585E-01   0.125155E+01   0.360169E-01   0.899500E+01
     244   0.854000E+01   0.244000E+00   0.357744E-01   0.125210E+01   0.360311E-01   0.896000E+01
     245   0.857500E+01   0.245000E+00   0.356810E-01   0.124884E+01   0.359317E-01   0.892500E+01
     246   0.861000E+01   0.246000E+00   0.357530E-01   0.125136E+01   0.359994E-01   0.889000E+01
     247   0.864500E+01   0.247000E+00   0.356541E-01   0.124789E+01   0.359381E-01   0.885500E+01
     248   0.868000E+01   0.248000E+00   0.356291E-01   0.124702E+01   0.358329E-01   0.882000E+01
     249   0.871500E+01   0.249000E+00   0.355897E-01   0.124564E+01   0.358347E-01   0.878500E+01
     250   0.875000E+01   0.250000E+00   0.356915E-01   0.124920E+01   0.358904E-01   0.875000E+01
     251   0.878500E+01   0.251000E+00   0.355820E-01   0.124537E+01   0.358482E-01   0.871500E+01
     252   0.882000E+01   0.252000E+00   0.355939E-01   0.124579E+01   0.358721E-01   0.868000E+01
     253   0.885500E+01   0.253000E+00   0.355424E-01   0.124399E+01   0.357946E-01   0.864500E+01
     254   0.889000E+01   0.254000E+00   0.355098E-01   0.124284E+01   0.357980E-01   0.861000E+01
     255   0.892500E+01   0.255000E+00   0.354860E-01   0.124201E+01   0.357557E-01   0.857500E+01
     256   0.896000E+01   0.256000E+00   0.354731E-01   0.124156E+01   0.357201E-01   0.854000E+01
     257   0.899500E+01   0.257000E+00   0.354367E-01   0.124028E+01   0.356991E-01   0.850500E+01
     258   0.903000E+01   0.258000E+00   0.353565E-01   0.123748E+01   0.356083E-01   0.847000E+01
     259   0.906500E+01   0.259000E+00   0.353756E-01   0.123815E+01   0.355921E-01   0.843500E+01
     260   0.910000E+01   0.260000E+00   0.353905E-01   0.123867E+01   0.356194E-01   0.840000E+01
     261   0.913500E+01   0.261000E+00   0.352737E-01   0.123458E+01   0.355848E-01   0.836500E+01
     262   0.917000E+01   0.262000E+00   0.352622E-01   0.123418E+01   0.355737E-01   0.833000E+01
     263   0.920500E+01   0.263000E+00   0.353038E-01   0.123563E+01   0.355295E-01   0.829500E+01
     264   0.924000E+01   0.264000E+00   0.352254E-01   0.123289E+01   0.354752E-01   0.826000E+01
     265   0.927500E+01   0.265000E+00   0.351918E-01   0.123171E+01   0.354527E-01   0.822500E+01
     266   0.931000E+01   0.266000E+00   0.352235E-01   0.123282E+01   0.354533E-01   0.819000E+01
     267   0.934500E+01   0.267000E+00   0.350993E-01   0.122848E+01   0.353926E-01   0.815500E+01
     268   0.938000E+01   0.268000E+00   0.350458E-01   0.122660E+01   0.353236E-01   0.812000E+01
     269   0.941500E+01   0.269000E+00   0.349730E-01   0.122405E+01   0.352498E-01   0.808500E+01
     270   0.945000E+01   0.270000E+00   0.350258E-01   0.122590E+01   0.352971E-01   0.805000E+01
     271   0.948500E+01   0.271000E+00   0.349558E-01   0.122345E+01   0.351726E-01   0.801500E+01
     272   0.952000E+01   0.272000E+00   0.349043E-01   0.122165E+01   0.351799E-01   0.798000E+01
     273   0.955500E+01   0.273000E+00   0.348476E-01   0.121966E+01   0.351314E-01   0.794500E+01
     274   0.959000E+01   0.274000E+00   0.348366E-01   0.121928E+01   0.351006E-01   0.791000E+01
     275   0.962500E+01   0.275000E+00   0.348132E-01   0.121846E+01   0.350717E-01   0.787500E+01
     276   0.966000E+01   0.276000E+00   0.347292E-01   0.121552E+01   0.349940E-01   0.784000E+01
     277   0.969500E+01   0.277000E+00   0.347276E-01   0.121547E+01   0.349919E-01   0.780500E+01
     278   0.973000E+01   0.278000E+00   0.345785E-01   0.121025E+01   0.348888E-01   0.777000E+01
     279   0.976500E+01   0.279000E+00   0.345676E-01   0.120987E+01   0.348702E-01   0.773500E+01
     280   0.980000E+01   0.280000E+00   0.345264E-01   0.120842E+01   0.348262E-01   0.770000E+01
     281   0.983500E+01   0.281000E+00   0.345039E-01   0.120764E+01   0.347713E-01   0.766500E+01
     282   0.987000E+01   0.282000E+00   0.344358E-01   0.120525E+01   0.347511E-01   0.763000E+01
     283   0.990500E+01   0.283000E+00   0.344198E-01   0.120469E+01   0.346722E-01   0.759500E+01
     284   0.994000E+01   0.284000E+00   0.343102E-01   0.120086E+01   0.346361E-01   0.756000E+01
     285   0.997500E+01   0.285000E+00   0.342331E-01   0.119816E+01   0.345432E-01   0.752500E+01
     286   0.100100E+02   0.286000E+00   0.342076E-01   0.119727E+01   0.345084E-01   0.749000E+01
     287   0.100450E+02   0.287000E+00   0.342385E-01   0.119835E+01   0.345069E-01   0.745500E+01
     288   0.100800E+02   0.288000E+00   0.341561E-01   0.119546E+01   0.343810E-01   0.742000E+01
     289   0.101150E+02   0.289000E+00   0.340779E-01   0.119273E+01   0.343123E-01   0.738500E+01
     290   0.101500E+02   0.290000E+00   0.340439E-01   0.119154E+01   0.342830E-01   0.735000E+01
     291   0.101850E+02   0.291000E+00   0.339186E-01   0.118715E+01   0.341526E-01   0.731500E+01
     292   0.102200E+02   0.292000E+00   0.338244E-01   0.118386E+01   0.341151E-01   0.728000E+01
     293   0.102550E+02   0.293000E+00   0.338230E-01   0.118380E+01   0.340915E-01   0.724500E+01
     294   0.102900E+02   0.294000E+00   0.337305E-01   0.118057E+01   0.339955E-01   0.721000E+01
     295   0.103250E+02   0.295000E+00   0.337050E-01   0.117967E+01   0.339678E-01   0.717500E+01
     296   0.103600E+02   0.296000E+00   0.336554E-01   0.117794E+01   0.338861E-01   0.714000E+01
     297   0.103950E+02   0.297000E+00   0.335880E-01   0.117558E+01   0.338396E-01   0.710500E+01
     298   0.104300E+02   0.298000E+00   0.334515E-01   0.117080E+01   0.337540E-01   0.707000E+01
     299   0.104650E+02   0.299000E+00   0.334568E-01   0.117099E+01   0.336627E-01   0.703500E+01
     300   0.105000E+02   0.300000E+00   0.334191E-01   0.116967E+01   0.336282E-01   0.700000E+01
     301   0.105350E+02   0.301000E+00   0.333640E-01   0.116774E+01   0.335436E-01   0.696500E+01
     302   0.105700E+02   0.302000E+00   0.332177E-01   0.116262E+01   0.334416E-01   0.693000E+01
     303   0.106050E+02   0.303000E+00   0.331069E-01   0.115874E+01   0.333700E-01   0.689500E+01
     304   0.106400E+02   0.304000E+00   0.330964E-01   0.115837E+01   0.333311E-01   0.686000E+01
     305   0.106750E+02   0.305000E+00   0.329172E-01   0.115210E+01   0.331937E-01   0.682500E+01
     306   0.107100E+02   0.306000E+00   0.329719E-01   0.115402E+01   0.331542E-01   0.679000E+01
     307   0.107450E+02   0.307000E+00   0.328441E-01   0.114954E+01   0.330276E-01   0.675500E+01
     308   0.107800E+02   0.308000E+00   0.327216E-01   0.114526E+01   0.329434E-01   0.672000E+01
     309   0.108150E+02   0.309000E+00   0.325934E-01   0.114077E+01   0.328408E-01   0.668500E+01
     310   0.108500E+02   0.310000E+00   0.325410E-01   0.113894E+01   0.327813E-01   0.665000E+01
     311   0.108850E+02   0.311000E+00   0.324038E-01   0.113413E+01   0.326793E-01   0.661500E+01
     312   0.109200E+02   0.312000E+00   0.323911E-01   0.113369E+01   0.326377E-01   0.658000E+01
     313   0.109550E+02   0.313000E+00   0.323035E-01   0.113062E+01   0.325342E-01   0.654500E+01
     314   0.109900E+02   0.314000E+00   0.321732E-01   0.112606E+01   0.324075E-01   0.651000E+01
     315   0.110250E+02   0.315000E+00   0.321026E-01   0.112359E+01   0.323959E-01   0.647500E+01
     316   0.110600E+02   0.316000E+00   0.320261E-01   0.112092E+01   0.322659E-01   0.644000E+01
     317   0.110950E+02   0.317000E+00   0.318770E-01   0.111570E+01   0.321668E-01   0.640500E+01
     318   0.111300E+02   0.318000E+00   0.317397E-01   0.111089E+01   0.320314E-01   0.637000E+01
     319   0.111650E+02   0.319000E+00   0.317183E-01   0.111014E+01   0.319824E-01   0.633500E+01
     320   0.112000E+02   0.320000E+00   0.315509E-01   0.110428E+01   0.318310E-01   0.630000E+01
     321   0.112350E+02   0.321000E+00   0.315879E-01   0.110558E+01   0.317658E-01   0.626500E+01
     322   0.112700E+02   0.322000E+00   0.314015E-01   0.109905E+01   0.316455E-01   0.623000E+01
     323   0.113050E+02   0.323000E+00   0.312277E-01   0.109297E+01   0.314671E-01   0.619500E+01
     324   0.113400E+02   0.324000E+00   0.311710E-01   0.109099E+01   0.314541E-01   0.616000E+01
     325   0.113750E+02   0.325000E+00   0.310425E-01   0.108649E+01   0.312919E-01   0.612500E+01
     326   0.114100E+02   0.326000E+00   0.309623E-01   0.108368E+01   0.312059E-01   0.609000E+01
     327   0.114450E+02   0.327000E+00   0.307702E-01   0.107696E+01   0.310557E-01   0.605500E+01
     328   0.114800E+02   0.328000E+00   0.306259E-01   0.107191E+01   0.308907E-01   0.602000E+01
     329   0.115150E+02   0.329000E+00   0.306238E-01   0.107183E+01   0.308620E-01   0.598500E+01
     330   0.115500E+02   0.330000E+00   0.304487E-01   0.106570E+01   0.306644E-01   0.595000E+01
     331   0.115850E+02   0.331000E+00   0.303312E-01   0.106159E+01   0.305601E-01   0.591500E+01
     332   0.116200E+02   0.332000E+00   0.302492E-01   0.105872E+01   0.304681E-01   0.588000E+01
     333   0.116550E+02   0.333000E+00   0.300982E-01   0.105344E+01   0.303183E-01   0.584500E+01
     334   0.116900E+02   0.334000E+00   0.299458E-01   0.104810E+01   0.301825E-01   0.581000E+01
     335   0.117250E+02   0.335000E+00   0.298116E-01   0.104341E+01   0.300653E-01   0.577500E+01
     336   0.117600E+02   0.336000E+00   0.296591E-01   0.103807E+01   0.299336E-01   0.574000E+01
     337   0.117950E+02   0.337000E+00   0.295195E-01   0.103318E+01   0.297769E-01   0.570500E+01
     338   0.118300E+02   0.338000E+00   0.293568E-01   0.102749E+01   0.295633E-01   0.567000E+01
     339   0.118650E+02   0.339000E+00   0.293262E-01   0.102642E+01   0.295064E-01   0.563500E+01
     340   0.119000E+02   0.340000E+00   0.291140E-01   0.101899E+01   0.293571E-01   0.560000E+01
     341   0.119350E+02   0.341000E+00   0.290393E-01   0.101638E+01   0.292247E-01   0.556500E+01
     342   0.119700E+02   0.342000E+00   0.288401E-01   0.100940E+01   0.290542E-01   0.553000E+01
     343   0.120050E+02   0.343000E+00   0.287284E-01   0.100549E+01   0.289483E-01   0.549500E+01
     344   0.120400E+02   0.344000E+00   0.285600E-01   0.999599E+00   0.287704E-01   0.546000E+01
     345   0.120750E+02   0.345000E+00   0.284401E-01   0.995405E+00   0.286503E-01   0.542500E+01
     346   0.121100E+02   0.346000E+00   0.282642E-01   0.989248E+00   0.285055E-01   0.539000E+01
     347   0.121450E+02   0.347000E+00   0.280526E-01   0.981843E+00   0.282921E-01   0.535500E+01
     348   0.121800E+02   0.348000E+00   0.278778E-01   0.975722E+00   0.281201E-01   0.532000E+01
     349   0.122150E+02   0.349000E+00   0.277674E-01   0.971861E+00   0.279963E-01   0.528500E+01
     350   0.122500E+02   0.350000E+00   0.276017E-01   0.966061E+00   0.278483E-01   0.525000E+01
     351   0.122850E+02   0.351000E+00   0.274392E-01   0.960372E+00   0.276538E-01   0.521500E+01
     352   0.123200E+02   0.352000E+00   0.272973E-01   0.955405E+00   0.275378E-01   0.518000E+01
     353   0.123550E+02   0.353000E+00   0.271944E-01   0.951804E+00   0.273828E-01   0.514500E+01
     354   0.123900E+02   0.354000E+00   0.270338E-01   0.946181E+00   0.272290E-01   0.511000E+01
     355   0.124250E+02   0.355000E+00   0.267898E-01   0.937642E+00   0.270125E-01   0.507500E+01
     356   0.124600E+02   0.356000E+00   0.266144E-01   0.931506E+00   0.268636E-01   0.504000E+01
     357   0.124950E+02   0.357000E+00   0.264444E-01   0.925553E+00   0.266824E-01   0.500500E+01
     358   0.125300E+02   0.358000E+00   0.262685E-01   0.919398E+00   0.264633E-01   0.497000E+01
     359   0.125650E+02   0.359000E+00   0.260665E-01   0.912326E+00   0.263307E-01   0.493500E+01
     360   0.126000E+02   0.360000E+00   0.259525E-01   0.908339E+00   0.261325E-01   0.490000E+01
     361   0.126350E+02   0.361000E+00   0.258423E-01   0.904482E+00   0.260015E-01   0.486500E+01
     362   0.126700E+02   0.362000E+00   0.256175E-01   0.896613E+00   0.258351E-01   0.483000E+01
     363   0.127050E+02   0.363000E+00   0.253355E-01   0.886743E+00   0.255624E-01   0.479500E+01
     364   0.127400E+02   0.364000E+00   0.252598E-01   0.884094E+00   0.254202E-01   0.476000E+01
     365   0.127750E+02   0.365000E+00   0.250456E-01   0.876597E+00   0.252124E-01   0.472500E+01
     366   0.128100E+02   0.366000E+00   0.247593E-01   0.866577E+00   0.249564E-01   0.469000E+01
     367   0.128450E+02   0.367000E+00   0.246697E-01   0.863438E+00   0.248487E-01   0.465500E+01
     368   0.128800E+02   0.368000E+00   0.244793E-01   0.856776E+00   0.246604E-01   0.462000E+01
     369   0.129150E+02   0.369000E+00   0.242493E-01   0.848724E+00   0.244675E-01   0.458500E+01
     370   0.129500E+02   0.370000E+00   0.241509E-01   0.845282E+00   0.243106E-01   0.455000E+01
     371   0.129850E+02   0.371000E+00   0.238761E-01   0.835662E+00   0.240584E-01   0.451500E+01
     372   0.130200E+02   0.372000E+00   0.236911E-01   0.829188E+00   0.238753E-01   0.448000E+01
     373   0.130550E+02   0.373000E+00   0.235410E-01   0.823936E+00   0.236872E-01   0.444500E+01
     374   0.130900E+02   0.374000E+00   0.232825E-01   0.814889E+00   0.234685E-01   0.441000E+01
     375   0.131250E+02   0.375000E+00   0.231145E-01   0.809007E+00   0.232657E-01   0.437500E+01
     376   0.131600E+02   0.376000E+00   0.228780E-01   0.800731E+00   0.230638E-01   0.434000E+01
     377   0.131950E+02   0.377000E+00   0.226083E-01   0.791289E+00   0.227917E-01   0.430500E+01
     378   0.132300E+02   0.378000E+00   0.224806E-01   0.786820E+00   0.226648E-01   0.427000E+01
     379   0.132650E+02   0.379000E+00   0.222383E-01   0.778339E+00   0.224145E-01   0.423500E+01
     380   0.133000E+02   0.380000E+00   0.220188E-01   0.770657E+00   0.221990E-01   0.420000E+01
     381   0.133350E+02   0.381000E+00   0.218081E-01   0.763282E+00   0.219844E-01   0.416500E+01
     382   0.133700E+02   0.382000E+00   0.215808E-01   0.755329E+00   0.217561E-01   0.413000E+01
     383   0.134050E+02   0.383000E+00   0.213199E-01   0.746196E+00   0.215216E-01   0.409500E+01
     384   0.134400E+02   0.384000E+00   0.211756E-01   0.741147E+00   0.213280E-01   0.406000E+01
     385   0.134750E+02   0.385000E+00   0.208908E-01   0.731179E+00   0.210588E-01   0.402500E+01
     386   0.135100E+02   0.386000E+00   0.207063E-01   0.724719E+00   0.208698E-01   0.399000E+01
     387   0.135450E+02   0.387000E+00   0.204776E-01   0.716716E+00   0.206421E-01   0.395500E+01
     388   0.135800E+02   0.388000E+00   0.203081E-01   0.710783E+00   0.204256E-01   0.392000E+01
     389   0.136150E+02   0.389000E+00   0.200230E-01   0.700804E+00   0.201655E-01   0.388500E+01
     390   0.136500E+02   0.390000E+00   0.198090E-01   0.693314E+00   0.199839E-01   0.385000E+01
     391   0.136850E+02   0.391000E+00   0.196012E-01   0.686043E+00   0.197626E-01   0.381500E+01
     392   0.137200E+02   0.392000E+00   0.193304E-01   0.676565E+00   0.194778E-01   0.378000E+01
     393   0.137550E+02   0.393000E+00   0.190995E-01   0.668482E+00   0.192586E-01   0.374500E+01
     394   0.137900E+02   0.394000E+00   0.188937E-01   0.661281E+00   0.190519E-01   0.371000E+01
     395   0.138250E+02   0.395000E+00   0.186994E-01   0.654480E+00   0.188159E-01   0.367500E+01
     396   0.138600E+02   0.396000E+00   0.183648E-01   0.642766E+00   0.185583E-01   0.364000E+01
     397   0.138950E+02   0.397000E+00   0.181277E-01   0.634468E+00   0.183013E-01   0.360500E+01
     398   0.139300E+02   0.398000E+00   0.179316E-01   0.627607E+00   0.181040E-01   0.357000E+01
     399   0.139650E+02   0.399000E+00   0.177178E-01   0.620123E+00   0.178761E-01   0.353500E+01
     400   0.140000E+02   0.400000E+00   0.174397E-01   0.610390E+00   0.176272E-01   0.350000E+01
     401   0.140350E+02   0.401000E+00   0.172041E-01   0.602142E+00   0.173780E-01   0.346500E+01
     402   0.140700E+02   0.402000E+00   0.170167E-01   0.595584E+00   0.171697E-01   0.343000E+01
     403   0.141050E+02   0.403000E+00   0.167545E-01   0.586407E+00   0.169309E-01   0.339500E+01
     404   0.141400E+02   0.404000E+00   0.165470E-01   0.579146E+00   0.166700E-01   0.336000E+01
     405   0.141750E+02   0.405000E+00   0.162947E-01   0.570314E+00   0.164674E-01   0.332500E+01
     406   0.142100E+02   0.406000E+00   0.160254E-01   0.560890E+00   0.161777E-01   0.329000E+01
     407   0.142450E+02   0.407000E+00   0.158284E-01   0.553993E+00   0.159533E-01   0.325500E+01
     408   0.142800E+02   0.408000E+00   0.155634E-01   0.544719E+00   0.157162E-01   0.322000E+01
     409   0.143150E+02   0.409000E+00   0.153820E-01   0.538372E+00   0.154642E-01   0.318500E+01
     410   0.143500E+02   0.410000E+00   0.150835E-01   0.527924E+00   0.152384E-01   0.315000E+01
     411   0.143850E+02   0.411000E+00   0.148491E-01   0.519720E+00   0.149839E-01   0.311500E+01
     412   0.144200E+02   0.412000E+00   0.146037E-01   0.511131E+00   0.147534E-01   0.308000E+01
     413   0.144550E+02   0.413000E+00   0.143614E-01   0.502648E+00   0.145150E-01   0.304500E+01
     414   0.144900E+02   0.414000E+00   0.141656E-01   0.495797E+00   0.143089E-01   0.301000E+01
     415   0.145250E+02   0.415000E+00   0.138915E-01   0.486202E+00   0.140434E-01   0.297500E+01
     416   0.145600E+02   0.416000E+00   0.136495E-01   0.477733E+00   0.137733E-01   0.294000E+01
     417   0.145950E+02   0.417000E+00   0.134191E-01   0.469670E+00   0.135586E-01   0.290500E+01
     418   0.146300E+02   0.418000E+00   0.131718E-01   0.461015E+00   0.132730E-01   0.287000E+01
     419   0.146650E+02   0.419000E+00   0.129236E-01   0.452325E+00   0.130433E-01   0.283500E+01
     420   0.147000E+02   0.420000E+00   0.127720E-01   0.447021E+00   0.128865E-01   0.280000E+01
     421   0.147350E+02   0.421000E+00   0.124925E-01   0.437238E+00   0.126213E-01   0.276500E+01
     422   0.147700E+02   0.422000E+00   0.122284E-01   0.427992E+00   0.123472E-01   0.273000E+01
     423   0.148050E+02   0.423000E+00   0.120088E-01   0.420308E+00   0.121037E-01   0.269500E+01
     424   0.148400E+02   0.424000E+00   0.117883E-01   0.412590E+00   0.118597E-01   0.266000E+01
     425   0.148750E+02   0.425000E+00   0.115299E-01   0.403545E+00   0.116736E-01   0.262500E+01
     426   0.149100E+02   0.426000E+00   0.112665E-01   0.394326E+00   0.114019E-01   0.259000E+01
     427   0.149450E+02   0.427000E+00   0.110782E-01   0.387736E+00   0.111737E-01   0.255500E+01
     428   0.149800E+02   0.428000E+00   0.108396E-01   0.379385E+00   0.109382E-01   0.252000E+01
     429   0.150150E+02   0.429000E+00   0.106512E-01   0.372791E+00   0.107566E-01   0.248500E+01
     430   0.150500E+02   0.430000E+00   0.103716E-01   0.363008E+00   0.104765E-01   0.245000E+01
     431   0.150850E+02   0.431000E+00   0.101876E-01   0.356566E+00   0.103009E-01   0.241500E+01
     432   0.151200E+02   0.432000E+00   0.993794E-02   0.347828E+00   0.100562E-01   0.238000E+01
     433   0.151550E+02   0.433000E+00   0.969638E-02   0.339373E+00   0.981613E-02   0.234500E+01
     434   0.151900E+02   0.434000E+00   0.947741E-02   0.331709E+00   0.958328E-02   0.231000E+01
     435   0.152250E+02   0.435000E+00   0.927638E-02   0.324673E+00   0.937067E-02   0.227500E+01
     436   0.152600E+02   0.436000E+00   0.906463E-02   0.317262E+00   0.916859E-02   0.224000E+01
     437   0.152950E+02   0.437000E+00   0.886464E-02   0.310262E+00   0.896034E-02   0.220500E+01
     438   0.153300E+02   0.438000E+00   0.865880E-02   0.303058E+00   0.873018E-02   0.217000E+01
     439   0.153650E+02   0.439000E+00   0.838914E-02   0.293620E+00   0.850717E-02   0.213500E+01
     440   0.154000E+02   0.440000E+00   0.820170E-02   0.287060E+00   0.830901E-02   0.210000E+01
     441   0.154350E+02   0.441000E+00   0.800692E-02   0.280242E+00   0.811220E-02   0.206500E+01
     442   0.154700E+02   0.442000E+00   0.781043E-02   0.273365E+00   0.789818E-02   0.203000E+01
     443   0.155050E+02   0.443000E+00   0.756491E-02   0.264772E+00   0.765404E-02   0.199500E+01
     444   0.155400E+02   0.444000E+00   0.740023E-02   0.259008E+00   0.748383E-02   0.196000E+01
     445   0.155750E+02   0.445000E+00   0.718631E-02   0.251521E+00   0.729026E-02   0.192500E+01
     446   0.156100E+02   0.446000E+00   0.700988E-02   0.245346E+00   0.708771E-02   0.189000E+01
     447   0.156450E+02   0.447000E+00   0.680794E-02   0.238278E+00   0.689004E-02   0.185500E+01
     448   0.156800E+02   0.448000E+00   0.663277E-02   0.232147E+00   0.670370E-02   0.182000E+01
     449   0.157150E+02   0.449000E+00   0.643782E-02   0.225324E+00   0.651666E-02   0.178500E+01
     450   0.157500E+02   0.450000E+00   0.625233E-02   0.218832E+00   0.634287E-02   0.175000E+01
     451   0.157850E+02   0.451000E+00   0.606312E-02   0.212209E+00   0.612476E-02   0.171500E+01
     452   0.158200E+02   0.452000E+00   0.587992E-02   0.205797E+00   0.596195E-02   0.168000E+01
     453   0.158550E+02   0.453000E+00   0.571858E-02   0.200150E+00   0.577720E-02   0.164500E+01
     454   0.158900E+02   0.454000E+00   0.552231E-02   0.193281E+00   0.561029E-02   0.161000E+01
     455   0.159250E+02   0.455000E+00   0.536073E-02   0.187626E+00   0.544009E-02   0.157500E+01
     456   0.159600E+02   0.456000E+00   0.519726E-02   0.181904E+00   0.524474E-02   0.154000E+01
     457   0.159950E+02   0.457000E+00   0.505214E-02   0.176825E+00   0.510048E-02   0.150500E+01
     458   0.160300E+02   0.458000E+00   0.482652E-02   0.168928E+00   0.490249E-02   0.147000E+01
     459   0.160650E+02   0.459000E+00   0.469143E-02   0.164200E+00   0.475622E-02   0.143500E+01
     460   0.161000E+02   0.460000E+00   0.453392E-02   0.158687E+00   0.461451E-02   0.140000E+01
     461   0.161350E+02   0.461000E+00   0.437538E-02   0.153138E+00   0.442859E-02   0.136500E+01
     462   0.161700E+02   0.462000E+00   0.424649E-02   0.148627E+00   0.430540E-02   0.133000E+01
     463   0.162050E+02   0.463000E+00   0.410911E-02   0.143819E+00   0.415776E-02   0.129500E+01
     464   0.162400E+02   0.464000E+00   0.397912E-02   0.139269E+00   0.400836E-02   0.126000E+01
     465   0.162750E+02   0.465000E+00   0.380952E-02   0.133333E+00   0.385940E-02   0.122500E+01
     466   0.163100E+02   0.466000E+00   0.367644E-02   0.128675E+00   0.372609E-02   0.119000E+01
     467   0.163450E+02   0.467000E+00   0.354966E-02   0.124238E+00   0.358610E-02   0.115500E+01
     468   0.163800E+02   0.468000E+00   0.343665E-02   0.120283E+00   0.346606E-02   0.112000E+01
     469   0.164150E+02   0.469000E+00   0.329250E-02   0.115238E+00   0.333295E-02   0.108500E+01
     470   0.164500E+02   0.470000E+00   0.317198E-02   0.111019E+00   0.319600E-02   0.105000E+01
     471   0.164850E+02   0.471000E+00   0.303638E-02   0.106273E+00   0.307737E-02   0.101500E+01
     472   0.165200E+02   0.472000E+00   0.292296E-02   0.102304E+00   0.296295E-02   0.980000E+00
     473   0.165550E+02   0.473000E+00   0.282652E-02   0.989282E-01   0.284710E-02   0.945000E+00
     474   0.165900E+02   0.474000E+00   0.268484E-02   0.939693E-01   0.272882E-02   0.910000E+00
     475   0.166250E+02   0.475000E+00   0.258243E-02   0.903852E-01   0.262088E-02   0.875000E+00
     476   0.166600E+02   0.476000E+00   0.247601E-02   0.866605E-01   0.250959E-02   0.840000E+00
     477   0.166950E+02   0.477000E+00   0.236851E-02   0.828977E-01   0.239055E-02   0.805000E+00
     478   0.167300E+02   0.478000E+00   0.225698E-02   0.789944E-01   0.229580E-02   0.770000E+00
     479   0.167650E+02   0.479000E+00   0.218072E-02   0.763254E-01   0.220226E-02   0.735000E+00
     480   0.168000E+02   0.480000E+00   0.207081E-02   0.724783E-01   0.209971E-02   0.700000E+00
     481   0.168350E+02   0.481000E+00   0.199071E-02   0.696748E-01   0.200682E-02   0.665000E+00
     482   0.168700E+02   0.482000E+00   0.187563E-02   0.656471E-01   0.190582E-02   0.630000E+00
     483   0.169050E+02   0.483000E+00   0.180597E-02   0.632088E-01   0.182709E-02   0.595000E+00
     484   0.169400E+02   0.484000E+00   0.173401E-02   0.606902E-01   0.175089E-02   0.560000E+00
     485   0.169750E+02   0.485000E+00   0.163986E-02   0.573950E-01   0.166893E-02   0.525000E+00
     486   0.170100E+02   0.486000E+00   0.157879E-02   0.552578E-01   0.159353E-02   0.490000E+00
     487   0.170450E+02   0.487000E+00   0.150185E-02   0.525646E-01   0.152206E-02   0.455000E+00
     488   0.170800E+02   0.488000E+00   0.139898E-02   0.489644E-01   0.142467E-02   0.420000E+00
     489   0.171150E+02   0.489000E+00   0.136825E-02   0.478887E-01   0.137479E-02   0.385000E+00
     490   0.171500E+02   0.490000E+00   0.129405E-02   0.452919E-01   0.131427E-02   0.350000E+00
     491   0.171850E+02   0.491000E+00   0.122445E-02   0.428556E-01   0.124434E-02   0.315000E+00
     492   0.172200E+02   0.492000E+00   0.116195E-02   0.406682E-01   0.118176E-02   0.280000E+00
     493   0.172550E+02   0.493000E+00   0.111224E-02   0.389283E-01   0.111419E-02   0.245000E+00
     494   0.172900E+02   0.494000E+00   0.105759E-02   0.370158E-01   0.106915E-02   0.210000E+00
     495   0.173250E+02   0.495000E+00   0.985406E-03   0.344892E-01   0.100287E-02   0.175000E+00
     496   0.173600E+02   0.496000E+00   0.941772E-03   0.329620E-01   0.958084E-03   0.140000E+00
     497   0.173950E+02   0.497000E+00   0.892863E-03   0.312502E-01   0.902639E-03   0.105000E+00
     498   0.174300E+02   0.498000E+00   0.845731E-03   0.296006E-01   0.852354E-03   0.700000E-01
     499   0.174650E+02   0.499000E+00   0.798313E-03   0.279410E-01   0.815772E-03   0.350000E-01
     500   0.175000E+02   0.500000E+00   0.387030E-03   0.135460E-01   0.390097E-03   0.000000E+00
