
    ilogbin    ln(x)=LNXMIN+ilogbin*DELLNX/NLOGBIN  x  P(ln(x))  P(x)   x/L    P(x)*L
       0  -0.230259E+01   0.100000E+00   0.856796E-04   0.856796E-03   0.285714E-02   0.299879E-01
       1  -0.224401E+01   0.106033E+00   0.938673E-04   0.885266E-03   0.302951E-02   0.309843E-01
       2  -0.218543E+01   0.112430E+00   0.995885E-04   0.885784E-03   0.321228E-02   0.310024E-01
       3  -0.212685E+01   0.119213E+00   0.111099E-03   0.931942E-03   0.340607E-02   0.326180E-01
       4  -0.206827E+01   0.126405E+00   0.114491E-03   0.905749E-03   0.361156E-02   0.317012E-01
       5  -0.200969E+01   0.134030E+00   0.129256E-03   0.964378E-03   0.382944E-02   0.337532E-01
       6  -0.195111E+01   0.142116E+00   0.133333E-03   0.938194E-03   0.406047E-02   0.328368E-01
       7  -0.189253E+01   0.150690E+00   0.142411E-03   0.945060E-03   0.430543E-02   0.330771E-01
       8  -0.183395E+01   0.159781E+00   0.152586E-03   0.954968E-03   0.456517E-02   0.334239E-01
       9  -0.177537E+01   0.169421E+00   0.167111E-03   0.986369E-03   0.484059E-02   0.345229E-01
      10  -0.171679E+01   0.179642E+00   0.180712E-03   0.100596E-02   0.513262E-02   0.352085E-01
      11  -0.165821E+01   0.190479E+00   0.193730E-03   0.101707E-02   0.544226E-02   0.355973E-01
      12  -0.159963E+01   0.201971E+00   0.207570E-03   0.102772E-02   0.577059E-02   0.359704E-01
      13  -0.154105E+01   0.214155E+00   0.227234E-03   0.106107E-02   0.611872E-02   0.371375E-01
      14  -0.148247E+01   0.227075E+00   0.249125E-03   0.109711E-02   0.648786E-02   0.383987E-01
      15  -0.142390E+01   0.240774E+00   0.267899E-03   0.111265E-02   0.687927E-02   0.389429E-01
      16  -0.136532E+01   0.255300E+00   0.287323E-03   0.112543E-02   0.729429E-02   0.393902E-01
      17  -0.130674E+01   0.270702E+00   0.304966E-03   0.112657E-02   0.773434E-02   0.394301E-01
      18  -0.124816E+01   0.287033E+00   0.340937E-03   0.118780E-02   0.820095E-02   0.415729E-01
      19  -0.118958E+01   0.304350E+00   0.370228E-03   0.121646E-02   0.869571E-02   0.425759E-01
      20  -0.113100E+01   0.322711E+00   0.396778E-03   0.122952E-02   0.922031E-02   0.430330E-01
      21  -0.107242E+01   0.342180E+00   0.443712E-03   0.129672E-02   0.977656E-02   0.453852E-01
      22  -0.101384E+01   0.362823E+00   0.470501E-03   0.129678E-02   0.103664E-01   0.453873E-01
      23  -0.955260E+00   0.384712E+00   0.530008E-03   0.137767E-02   0.109918E-01   0.482186E-01
      24  -0.896681E+00   0.407921E+00   0.568720E-03   0.139419E-02   0.116549E-01   0.487966E-01
      25  -0.838102E+00   0.432531E+00   0.615448E-03   0.142290E-02   0.123580E-01   0.498015E-01
      26  -0.779522E+00   0.458625E+00   0.694276E-03   0.151382E-02   0.131036E-01   0.529837E-01
      27  -0.720943E+00   0.486293E+00   0.763203E-03   0.156943E-02   0.138941E-01   0.549300E-01
      28  -0.662364E+00   0.515631E+00   0.833843E-03   0.161713E-02   0.147323E-01   0.565996E-01
      29  -0.603784E+00   0.546739E+00   0.929526E-03   0.170013E-02   0.156211E-01   0.595045E-01
      30  -0.545205E+00   0.579723E+00   0.102603E-02   0.176987E-02   0.165635E-01   0.619453E-01
      31  -0.486626E+00   0.614697E+00   0.114230E-02   0.185832E-02   0.175628E-01   0.650412E-01
      32  -0.428046E+00   0.651781E+00   0.126717E-02   0.194417E-02   0.186223E-01   0.680460E-01
      33  -0.369467E+00   0.691102E+00   0.142188E-02   0.205742E-02   0.197458E-01   0.720095E-01
      34  -0.310888E+00   0.732796E+00   0.158958E-02   0.216920E-02   0.209370E-01   0.759219E-01
      35  -0.252308E+00   0.777005E+00   0.177269E-02   0.228144E-02   0.222001E-01   0.798503E-01
      36  -0.193729E+00   0.823881E+00   0.199941E-02   0.242682E-02   0.235395E-01   0.849386E-01
      37  -0.135150E+00   0.873585E+00   0.225299E-02   0.257901E-02   0.249596E-01   0.902655E-01
      38  -0.765705E-01   0.926288E+00   0.255655E-02   0.275999E-02   0.264654E-01   0.965998E-01
      39  -0.179912E-01   0.982170E+00   0.287011E-02   0.292222E-02   0.280620E-01   0.102278E+00
      40   0.405882E-01   0.104142E+01   0.327549E-02   0.314521E-02   0.297549E-01   0.110082E+00
      41   0.991675E-01   0.110425E+01   0.372544E-02   0.337372E-02   0.315500E-01   0.118080E+00
      42   0.157747E+00   0.117087E+01   0.422355E-02   0.360719E-02   0.334534E-01   0.126252E+00
      43   0.216326E+00   0.124151E+01   0.483506E-02   0.389451E-02   0.354716E-01   0.136308E+00
      44   0.274905E+00   0.131641E+01   0.552378E-02   0.419611E-02   0.376116E-01   0.146864E+00
      45   0.333485E+00   0.139582E+01   0.630055E-02   0.451386E-02   0.398807E-01   0.157985E+00
      46   0.392064E+00   0.148003E+01   0.726972E-02   0.491186E-02   0.422866E-01   0.171915E+00
      47   0.450643E+00   0.156932E+01   0.837235E-02   0.533501E-02   0.448378E-01   0.186725E+00
      48   0.509223E+00   0.166400E+01   0.966395E-02   0.580767E-02   0.475428E-01   0.203269E+00
      49   0.567802E+00   0.176438E+01   0.111789E-01   0.633585E-02   0.504110E-01   0.221755E+00
      50   0.626381E+00   0.187083E+01   0.129137E-01   0.690265E-02   0.534522E-01   0.241593E+00
      51   0.684961E+00   0.198369E+01   0.149334E-01   0.752806E-02   0.566770E-01   0.263482E+00
      52   0.743540E+00   0.210337E+01   0.173267E-01   0.823760E-02   0.600962E-01   0.288316E+00
      53   0.802119E+00   0.223026E+01   0.201040E-01   0.901416E-02   0.637218E-01   0.315496E+00
      54   0.860699E+00   0.236481E+01   0.232926E-01   0.984967E-02   0.675661E-01   0.344739E+00
      55   0.919278E+00   0.250748E+01   0.270155E-01   0.107740E-01   0.716423E-01   0.377088E+00
      56   0.977857E+00   0.265875E+01   0.312678E-01   0.117603E-01   0.759644E-01   0.411611E+00
      57   0.103644E+01   0.281915E+01   0.362748E-01   0.128673E-01   0.805473E-01   0.450355E+00
      58   0.109502E+01   0.298923E+01   0.418544E-01   0.140017E-01   0.854066E-01   0.490060E+00
      59   0.115360E+01   0.316957E+01   0.483267E-01   0.152471E-01   0.905591E-01   0.533648E+00
      60   0.121217E+01   0.336079E+01   0.555839E-01   0.165390E-01   0.960224E-01   0.578863E+00
      61   0.127075E+01   0.356354E+01   0.637617E-01   0.178928E-01   0.101815E+00   0.626248E+00
      62   0.132933E+01   0.377852E+01   0.731277E-01   0.193535E-01   0.107958E+00   0.677372E+00
      63   0.138791E+01   0.400648E+01   0.834035E-01   0.208171E-01   0.114471E+00   0.728600E+00
      64   0.144649E+01   0.424819E+01   0.948559E-01   0.223286E-01   0.121377E+00   0.781500E+00
      65   0.150507E+01   0.450448E+01   0.107441E+00   0.238520E-01   0.128699E+00   0.834821E+00
      66   0.156365E+01   0.477623E+01   0.120920E+00   0.253171E-01   0.136464E+00   0.886098E+00
      67   0.162223E+01   0.506437E+01   0.135518E+00   0.267591E-01   0.144696E+00   0.936569E+00
      68   0.168081E+01   0.536990E+01   0.151248E+00   0.281659E-01   0.153426E+00   0.985805E+00
      69   0.173939E+01   0.569386E+01   0.168017E+00   0.295085E-01   0.162682E+00   0.103280E+01
      70   0.179797E+01   0.603737E+01   0.185696E+00   0.307578E-01   0.172496E+00   0.107652E+01
      71   0.185655E+01   0.640160E+01   0.204220E+00   0.319015E-01   0.182903E+00   0.111655E+01
      72   0.191513E+01   0.678780E+01   0.223300E+00   0.328972E-01   0.193937E+00   0.115140E+01
      73   0.197371E+01   0.719730E+01   0.242835E+00   0.337397E-01   0.205637E+00   0.118089E+01
      74   0.203229E+01   0.763151E+01   0.262871E+00   0.344455E-01   0.218043E+00   0.120559E+01
      75   0.209086E+01   0.809191E+01   0.283630E+00   0.350511E-01   0.231197E+00   0.122679E+01
      76   0.214944E+01   0.858009E+01   0.304517E+00   0.354911E-01   0.245145E+00   0.124219E+01
      77   0.220802E+01   0.909772E+01   0.325869E+00   0.358188E-01   0.259935E+00   0.125366E+01
      78   0.226660E+01   0.964657E+01   0.347706E+00   0.360445E-01   0.275616E+00   0.126156E+01
      79   0.232518E+01   0.102285E+02   0.370415E+00   0.362138E-01   0.292244E+00   0.126748E+01
      80   0.238376E+01   0.108456E+02   0.393314E+00   0.362648E-01   0.309875E+00   0.126927E+01
      81   0.244234E+01   0.114999E+02   0.417351E+00   0.362917E-01   0.328569E+00   0.127021E+01
      82   0.250092E+01   0.121937E+02   0.443082E+00   0.363369E-01   0.348392E+00   0.127179E+01
      83   0.255950E+01   0.129293E+02   0.470082E+00   0.363578E-01   0.369410E+00   0.127252E+01
      84   0.261808E+01   0.137094E+02   0.498764E+00   0.363812E-01   0.391696E+00   0.127334E+01
      85   0.267666E+01   0.145364E+02   0.528539E+00   0.363596E-01   0.415327E+00   0.127259E+01
      86   0.273524E+01   0.154134E+02   0.559866E+00   0.363233E-01   0.440383E+00   0.127132E+01
      87   0.279382E+01   0.163433E+02   0.593287E+00   0.363016E-01   0.466951E+00   0.127056E+01
      88   0.285240E+01   0.173293E+02   0.629364E+00   0.363180E-01   0.495122E+00   0.127113E+01
      89   0.291098E+01   0.183747E+02   0.668147E+00   0.363623E-01   0.524992E+00   0.127268E+01
      90   0.296955E+01   0.194832E+02   0.709570E+00   0.364195E-01   0.556664E+00   0.127468E+01
      91   0.302813E+01   0.206586E+02   0.753981E+00   0.364971E-01   0.590247E+00   0.127740E+01
      92   0.308671E+01   0.219050E+02   0.801326E+00   0.365819E-01   0.625856E+00   0.128037E+01
      93   0.314529E+01   0.232265E+02   0.851503E+00   0.366609E-01   0.663614E+00   0.128313E+01
      94   0.320387E+01   0.246277E+02   0.901979E+00   0.366246E-01   0.703649E+00   0.128186E+01
      95   0.326245E+01   0.261135E+02   0.944285E+00   0.361608E-01   0.746099E+00   0.126563E+01
      96   0.332103E+01   0.276889E+02   0.950582E+00   0.343308E-01   0.791111E+00   0.120158E+01
      97   0.337961E+01   0.293593E+02   0.867005E+00   0.295308E-01   0.838838E+00   0.103358E+01
      98   0.343819E+01   0.311305E+02   0.624108E+00   0.200481E-01   0.889444E+00   0.701684E+00
      99   0.349677E+01   0.330086E+02   0.262687E+00   0.795813E-02   0.943103E+00   0.278535E+00
     100   0.355535E+01   0.350000E+02   0.300660E-01   0.859029E-03   0.100000E+01   0.300660E-01
