Program Mean-density FBM Gaussian Binned (procs as sets)
Integrated density distribution
force_weight= -0.25000000000000000
STEPDIS= GAU
STEPSIG= 1.0000000000000000
GAMMMA= 0.50000000000000000
NT= 16384
L= 1000000.0000000000
NWALKERS_PER_SET= 64
NSETS= 120
IRINIT= 1
NCONF= 7680
FORCE_TYPE= LINEAR
FORCE_TEST= NONE
GRAD_FORM= SYMM
GRAD_DX= 1
GRAD_TEST= NONE
KILL_FBM_TIME= 16384
WINDOW_WIDTH= 7
WALKER_SIGMA= 0.50000000000000000
WALKER_WIDTH= 1.5000000000000000
NBINS= 5000000
NTSTART= 0
NTEND= 16384
REBIN_BINWIDTH_FACTOR= 100
x_rms(t_last=14749)= 1344.313951426526
==================================
 ibin            x               x/x_rms         P(|x|)          (x_rms/t_last)P
 -5.398600E+04   -5.398600E+03   -4.015877E+00    3.997487E-04    3.643554E-05  
 -5.388600E+04   -5.388600E+03   -4.008439E+00    3.059209E-04    2.788350E-05  
 -5.378600E+04   -5.378600E+03   -4.001000E+00    3.643557E-04    3.320960E-05  
 -5.368600E+04   -5.368600E+03   -3.993561E+00    4.353831E-04    3.968348E-05  
 -5.358600E+04   -5.358600E+03   -3.986122E+00    2.266678E-04    2.065989E-05  
 -5.348600E+04   -5.348600E+03   -3.978684E+00    1.918922E-04    1.749023E-05  
 -5.338600E+04   -5.338600E+03   -3.971245E+00    1.364066E-04    1.243293E-05  
 -5.328600E+04   -5.328600E+03   -3.963806E+00    2.552648E-04    2.326639E-05  
 -5.318600E+04   -5.318600E+03   -3.956367E+00    2.381335E-04    2.170494E-05  
 -5.308600E+04   -5.308600E+03   -3.948929E+00    2.372113E-04    2.162089E-05  
 -5.298600E+04   -5.298600E+03   -3.941490E+00    2.060684E-04    1.878233E-05  
 -5.288600E+04   -5.288600E+03   -3.934051E+00    4.000597E-04    3.646388E-05  
 -5.278600E+04   -5.278600E+03   -3.926613E+00    7.420197E-04    6.763221E-05  
 -5.268600E+04   -5.268600E+03   -3.919174E+00    6.760174E-04    6.161635E-05  
 -5.258600E+04   -5.258600E+03   -3.911735E+00    2.149410E-04    1.959103E-05  
 -5.248600E+04   -5.248600E+03   -3.904296E+00    3.632622E-04    3.310993E-05  
 -5.238600E+04   -5.238600E+03   -3.896858E+00    2.883739E-04    2.628416E-05  
 -5.228600E+04   -5.228600E+03   -3.889419E+00    1.782247E-04    1.624449E-05  
 -5.218600E+04   -5.218600E+03   -3.881980E+00    2.431863E-04    2.216549E-05  
 -5.208600E+04   -5.208600E+03   -3.874541E+00    1.896868E-04    1.728921E-05  
 -5.198600E+04   -5.198600E+03   -3.867103E+00    2.438872E-04    2.222937E-05  
 -5.188600E+04   -5.188600E+03   -3.859664E+00    9.071387E-04    8.268217E-05  
 -5.178600E+04   -5.178600E+03   -3.852225E+00    7.091958E-04    6.464044E-05  
 -5.168600E+04   -5.168600E+03   -3.844786E+00    9.390382E-04    8.558968E-05  
 -5.158600E+04   -5.158600E+03   -3.837348E+00    6.901097E-04    6.290082E-05  
 -5.148600E+04   -5.148600E+03   -3.829909E+00    3.593385E-04    3.275231E-05  
 -5.138600E+04   -5.138600E+03   -3.822470E+00    1.043093E-03    9.507390E-05  
 -5.128600E+04   -5.128600E+03   -3.815031E+00    7.218048E-04    6.578970E-05  
 -5.118600E+04   -5.118600E+03   -3.807593E+00    5.711937E-04    5.206208E-05  
 -5.108600E+04   -5.108600E+03   -3.800154E+00    6.786669E-04    6.185785E-05  
 -5.098600E+04   -5.098600E+03   -3.792715E+00    1.035455E-03    9.437768E-05  
 -5.088600E+04   -5.088600E+03   -3.785276E+00    7.824814E-04    7.132013E-05  
 -5.078600E+04   -5.078600E+03   -3.777838E+00    1.050508E-03    9.574969E-05  
 -5.068600E+04   -5.068600E+03   -3.770399E+00    1.539868E-03    1.403530E-04  
 -5.058600E+04   -5.058600E+03   -3.762960E+00    2.003127E-03    1.825773E-04  
 -5.048600E+04   -5.048600E+03   -3.755522E+00    1.980118E-03    1.804800E-04  
 -5.038600E+04   -5.038600E+03   -3.748083E+00    2.016107E-03    1.837603E-04  
 -5.028600E+04   -5.028600E+03   -3.740644E+00    8.409677E-04    7.665093E-05  
 -5.018600E+04   -5.018600E+03   -3.733205E+00    1.285998E-03    1.172137E-04  
 -5.008600E+04   -5.008600E+03   -3.725767E+00    7.860202E-04    7.164269E-05  
 -4.998600E+04   -4.998600E+03   -3.718328E+00    1.533141E-03    1.397399E-04  
 -4.988600E+04   -4.988600E+03   -3.710889E+00    1.540158E-03    1.403794E-04  
 -4.978600E+04   -4.978600E+03   -3.703450E+00    9.767264E-04    8.902481E-05  
 -4.968600E+04   -4.968600E+03   -3.696012E+00    8.700327E-04    7.930010E-05  
 -4.958600E+04   -4.958600E+03   -3.688573E+00    1.365376E-03    1.244487E-04  
 -4.948600E+04   -4.948600E+03   -3.681134E+00    7.155976E-04    6.522394E-05  
 -4.938600E+04   -4.938600E+03   -3.673695E+00    6.256945E-04    5.702961E-05  
 -4.928600E+04   -4.928600E+03   -3.666257E+00    9.824459E-04    8.954612E-05  
 -4.918600E+04   -4.918600E+03   -3.658818E+00    1.712175E-03    1.560581E-04  
 -4.908600E+04   -4.908600E+03   -3.651379E+00    1.407054E-03    1.282475E-04  
 -4.898600E+04   -4.898600E+03   -3.643940E+00    1.915321E-03    1.745741E-04  
 -4.888600E+04   -4.888600E+03   -3.636502E+00    2.215164E-03    2.019036E-04  
 -4.878600E+04   -4.878600E+03   -3.629063E+00    1.695930E-03    1.545775E-04  
 -4.868600E+04   -4.868600E+03   -3.621624E+00    1.119664E-03    1.020530E-04  
 -4.858600E+04   -4.858600E+03   -3.614186E+00    1.346956E-03    1.227698E-04  
 -4.848600E+04   -4.848600E+03   -3.606747E+00    3.028019E-03    2.759921E-04  
 -4.838600E+04   -4.838600E+03   -3.599308E+00    5.158307E-03    4.701596E-04  
 -4.828600E+04   -4.828600E+03   -3.591869E+00    4.151947E-03    3.784338E-04  
 -4.818600E+04   -4.818600E+03   -3.584431E+00    1.698019E-03    1.547679E-04  
 -4.808600E+04   -4.808600E+03   -3.576992E+00    1.215273E-03    1.107674E-04  
 -4.798600E+04   -4.798600E+03   -3.569553E+00    1.716788E-03    1.564786E-04  
 -4.788600E+04   -4.788600E+03   -3.562114E+00    1.656671E-03    1.509991E-04  
 -4.778600E+04   -4.778600E+03   -3.554676E+00    1.828294E-03    1.666419E-04  
 -4.768600E+04   -4.768600E+03   -3.547237E+00    1.903768E-03    1.735210E-04  
 -4.758600E+04   -4.758600E+03   -3.539798E+00    9.427947E-04    8.593207E-05  
 -4.748600E+04   -4.748600E+03   -3.532359E+00    1.534473E-03    1.398612E-04  
 -4.738600E+04   -4.738600E+03   -3.524921E+00    2.239446E-03    2.041168E-04  
 -4.728600E+04   -4.728600E+03   -3.517482E+00    2.532455E-03    2.308234E-04  
 -4.718600E+04   -4.718600E+03   -3.510043E+00    2.432023E-03    2.216694E-04  
 -4.708600E+04   -4.708600E+03   -3.502604E+00    1.408116E-03    1.283443E-04  
 -4.698600E+04   -4.698600E+03   -3.495166E+00    1.676924E-03    1.528451E-04  
 -4.688600E+04   -4.688600E+03   -3.487727E+00    1.808638E-03    1.648503E-04  
 -4.678600E+04   -4.678600E+03   -3.480288E+00    1.959598E-03    1.786097E-04  
 -4.668600E+04   -4.668600E+03   -3.472849E+00    2.783641E-03    2.537180E-04  
 -4.658600E+04   -4.658600E+03   -3.465411E+00    2.879256E-03    2.624330E-04  
 -4.648600E+04   -4.648600E+03   -3.457972E+00    3.749590E-03    3.417605E-04  
 -4.638600E+04   -4.638600E+03   -3.450533E+00    4.701510E-03    4.285243E-04  
 -4.628600E+04   -4.628600E+03   -3.443095E+00    5.887856E-03    5.366551E-04  
 -4.618600E+04   -4.618600E+03   -3.435656E+00    4.871969E-03    4.440610E-04  
 -4.608600E+04   -4.608600E+03   -3.428217E+00    4.721192E-03    4.303183E-04  
 -4.598600E+04   -4.598600E+03   -3.420778E+00    5.102931E-03    4.651123E-04  
 -4.588600E+04   -4.588600E+03   -3.413340E+00    3.728241E-03    3.398147E-04  
 -4.578600E+04   -4.578600E+03   -3.405901E+00    6.022231E-03    5.489029E-04  
 -4.568600E+04   -4.568600E+03   -3.398462E+00    5.527080E-03    5.037719E-04  
 -4.558600E+04   -4.558600E+03   -3.391023E+00    5.606518E-03    5.110123E-04  
 -4.548600E+04   -4.548600E+03   -3.383585E+00    6.518169E-03    5.941057E-04  
 -4.538600E+04   -4.538600E+03   -3.376146E+00    7.626515E-03    6.951272E-04  
 -4.528600E+04   -4.528600E+03   -3.368707E+00    7.570218E-03    6.899959E-04  
 -4.518600E+04   -4.518600E+03   -3.361268E+00    6.110159E-03    5.569172E-04  
 -4.508600E+04   -4.508600E+03   -3.353830E+00    9.276572E-03    8.455234E-04  
 -4.498600E+04   -4.498600E+03   -3.346391E+00    6.382804E-03    5.817678E-04  
 -4.488600E+04   -4.488600E+03   -3.338952E+00    6.694923E-03    6.102162E-04  
 -4.478600E+04   -4.478600E+03   -3.331513E+00    5.123164E-03    4.669565E-04  
 -4.468600E+04   -4.468600E+03   -3.324075E+00    5.429664E-03    4.948928E-04  
 -4.458600E+04   -4.458600E+03   -3.316636E+00    6.412628E-03    5.844861E-04  
 -4.448600E+04   -4.448600E+03   -3.309197E+00    6.535898E-03    5.957216E-04  
 -4.438600E+04   -4.438600E+03   -3.301758E+00    6.318510E-03    5.759076E-04  
 -4.428600E+04   -4.428600E+03   -3.294320E+00    6.336245E-03    5.775241E-04  
 -4.418600E+04   -4.418600E+03   -3.286881E+00    5.095719E-03    4.644549E-04  
 -4.408600E+04   -4.408600E+03   -3.279442E+00    4.486565E-03    4.089330E-04  
 -4.398600E+04   -4.398600E+03   -3.272004E+00    3.633293E-03    3.311605E-04  
 -4.388600E+04   -4.388600E+03   -3.264565E+00    4.763756E-03    4.341978E-04  
 -4.378600E+04   -4.378600E+03   -3.257126E+00    6.463535E-03    5.891261E-04  
 -4.368600E+04   -4.368600E+03   -3.249687E+00    6.087737E-03    5.548735E-04  
 -4.358600E+04   -4.358600E+03   -3.242249E+00    5.782447E-03    5.270475E-04  
 -4.348600E+04   -4.348600E+03   -3.234810E+00    5.837599E-03    5.320744E-04  
 -4.338600E+04   -4.338600E+03   -3.227371E+00    7.039322E-03    6.416068E-04  
 -4.328600E+04   -4.328600E+03   -3.219932E+00    7.430367E-03    6.772490E-04  
 -4.318600E+04   -4.318600E+03   -3.212494E+00    8.449973E-03    7.701822E-04  
 -4.308600E+04   -4.308600E+03   -3.205055E+00    7.690488E-03    7.009580E-04  
 -4.298600E+04   -4.298600E+03   -3.197616E+00    6.838936E-03    6.233424E-04  
 -4.288600E+04   -4.288600E+03   -3.190177E+00    7.467853E-03    6.806657E-04  
 -4.278600E+04   -4.278600E+03   -3.182739E+00    7.159594E-03    6.525691E-04  
 -4.268600E+04   -4.268600E+03   -3.175300E+00    8.041125E-03    7.329173E-04  
 -4.258600E+04   -4.258600E+03   -3.167861E+00    6.356630E-03    5.793820E-04  
 -4.248600E+04   -4.248600E+03   -3.160422E+00    6.249374E-03    5.696061E-04  
 -4.238600E+04   -4.238600E+03   -3.152984E+00    7.898146E-03    7.198853E-04  
 -4.228600E+04   -4.228600E+03   -3.145545E+00    7.607296E-03    6.933755E-04  
 -4.218600E+04   -4.218600E+03   -3.138106E+00    8.638248E-03    7.873427E-04  
 -4.208600E+04   -4.208600E+03   -3.130668E+00    8.282218E-03    7.548919E-04  
 -4.198600E+04   -4.198600E+03   -3.123229E+00    7.916497E-03    7.215579E-04  
 -4.188600E+04   -4.188600E+03   -3.115790E+00    6.690816E-03    6.098418E-04  
 -4.178600E+04   -4.178600E+03   -3.108351E+00    9.798832E-03    8.931254E-04  
 -4.168600E+04   -4.168600E+03   -3.100913E+00    1.016639E-02    9.266265E-04  
 -4.158600E+04   -4.158600E+03   -3.093474E+00    1.408064E-02    1.283395E-03  
 -4.148600E+04   -4.148600E+03   -3.086035E+00    1.509870E-02    1.376187E-03  
 -4.138600E+04   -4.138600E+03   -3.078596E+00    1.429862E-02    1.303264E-03  
 -4.128600E+04   -4.128600E+03   -3.071158E+00    1.536316E-02    1.400292E-03  
 -4.118600E+04   -4.118600E+03   -3.063719E+00    1.721348E-02    1.568942E-03  
 -4.108600E+04   -4.108600E+03   -3.056280E+00    1.625009E-02    1.481132E-03  
 -4.098600E+04   -4.098600E+03   -3.048841E+00    2.160687E-02    1.969382E-03  
 -4.088600E+04   -4.088600E+03   -3.041403E+00    1.592734E-02    1.451715E-03  
 -4.078600E+04   -4.078600E+03   -3.033964E+00    1.595742E-02    1.454457E-03  
 -4.068600E+04   -4.068600E+03   -3.026525E+00    1.402307E-02    1.278148E-03  
 -4.058600E+04   -4.058600E+03   -3.019086E+00    1.533774E-02    1.397975E-03  
 -4.048600E+04   -4.048600E+03   -3.011648E+00    1.570440E-02    1.431395E-03  
 -4.038600E+04   -4.038600E+03   -3.004209E+00    1.420023E-02    1.294296E-03  
 -4.028600E+04   -4.028600E+03   -2.996770E+00    1.256379E-02    1.145140E-03  
 -4.018600E+04   -4.018600E+03   -2.989331E+00    1.166706E-02    1.063407E-03  
 -4.008600E+04   -4.008600E+03   -2.981893E+00    1.333866E-02    1.215767E-03  
 -3.998600E+04   -3.998600E+03   -2.974454E+00    1.752017E-02    1.596895E-03  
 -3.988600E+04   -3.988600E+03   -2.967015E+00    1.479592E-02    1.348590E-03  
 -3.978600E+04   -3.978600E+03   -2.959577E+00    1.596164E-02    1.454841E-03  
 -3.968600E+04   -3.968600E+03   -2.952138E+00    1.536720E-02    1.400661E-03  
 -3.958600E+04   -3.958600E+03   -2.944699E+00    1.794178E-02    1.635324E-03  
 -3.948600E+04   -3.948600E+03   -2.937260E+00    1.551876E-02    1.414474E-03  
 -3.938600E+04   -3.938600E+03   -2.929822E+00    1.648801E-02    1.502818E-03  
 -3.928600E+04   -3.928600E+03   -2.922383E+00    1.115990E-02    1.017181E-03  
 -3.918600E+04   -3.918600E+03   -2.914944E+00    1.325182E-02    1.207852E-03  
 -3.908600E+04   -3.908600E+03   -2.907505E+00    1.636534E-02    1.491637E-03  
 -3.898600E+04   -3.898600E+03   -2.900067E+00    1.875436E-02    1.709387E-03  
 -3.888600E+04   -3.888600E+03   -2.892628E+00    1.934210E-02    1.762957E-03  
 -3.878600E+04   -3.878600E+03   -2.885189E+00    2.197237E-02    2.002696E-03  
 -3.868600E+04   -3.868600E+03   -2.877750E+00    1.710767E-02    1.559297E-03  
 -3.858600E+04   -3.858600E+03   -2.870312E+00    1.913652E-02    1.744219E-03  
 -3.848600E+04   -3.848600E+03   -2.862873E+00    1.915413E-02    1.745824E-03  
 -3.838600E+04   -3.838600E+03   -2.855434E+00    2.305756E-02    2.101607E-03  
 -3.828600E+04   -3.828600E+03   -2.847995E+00    2.331880E-02    2.125417E-03  
 -3.818600E+04   -3.818600E+03   -2.840557E+00    2.001576E-02    1.824358E-03  
 -3.808600E+04   -3.808600E+03   -2.833118E+00    1.830100E-02    1.668064E-03  
 -3.798600E+04   -3.798600E+03   -2.825679E+00    1.972892E-02    1.798215E-03  
 -3.788600E+04   -3.788600E+03   -2.818240E+00    2.586307E-02    2.357318E-03  
 -3.778600E+04   -3.778600E+03   -2.810802E+00    2.542129E-02    2.317052E-03  
 -3.768600E+04   -3.768600E+03   -2.803363E+00    2.877624E-02    2.622843E-03  
 -3.758600E+04   -3.758600E+03   -2.795924E+00    2.519055E-02    2.296021E-03  
 -3.748600E+04   -3.748600E+03   -2.788486E+00    2.122872E-02    1.934915E-03  
 -3.738600E+04   -3.738600E+03   -2.781047E+00    2.100917E-02    1.914905E-03  
 -3.728600E+04   -3.728600E+03   -2.773608E+00    2.253821E-02    2.054270E-03  
 -3.718600E+04   -3.718600E+03   -2.766169E+00    2.250622E-02    2.051355E-03  
 -3.708600E+04   -3.708600E+03   -2.758731E+00    2.143295E-02    1.953530E-03  
 -3.698600E+04   -3.698600E+03   -2.751292E+00    2.078536E-02    1.894505E-03  
 -3.688600E+04   -3.688600E+03   -2.743853E+00    2.481049E-02    2.261379E-03  
 -3.678600E+04   -3.678600E+03   -2.736414E+00    2.306081E-02    2.101903E-03  
 -3.668600E+04   -3.668600E+03   -2.728976E+00    2.378257E-02    2.167689E-03  
 -3.658600E+04   -3.658600E+03   -2.721537E+00    1.853118E-02    1.689045E-03  
 -3.648600E+04   -3.648600E+03   -2.714098E+00    1.876111E-02    1.710002E-03  
 -3.638600E+04   -3.638600E+03   -2.706659E+00    2.041814E-02    1.861034E-03  
 -3.628600E+04   -3.628600E+03   -2.699221E+00    2.461351E-02    2.243426E-03  
 -3.618600E+04   -3.618600E+03   -2.691782E+00    2.809554E-02    2.560799E-03  
 -3.608600E+04   -3.608600E+03   -2.684343E+00    3.071044E-02    2.799137E-03  
 -3.598600E+04   -3.598600E+03   -2.676904E+00    3.411591E-02    3.109533E-03  
 -3.588600E+04   -3.588600E+03   -2.669466E+00    3.473929E-02    3.166351E-03  
 -3.578600E+04   -3.578600E+03   -2.662027E+00    3.801447E-02    3.464871E-03  
 -3.568600E+04   -3.568600E+03   -2.654588E+00    3.137323E-02    2.859548E-03  
 -3.558600E+04   -3.558600E+03   -2.647149E+00    3.379856E-02    3.080607E-03  
 -3.548600E+04   -3.548600E+03   -2.639711E+00    3.342736E-02    3.046774E-03  
 -3.538600E+04   -3.538600E+03   -2.632272E+00    3.623230E-02    3.302433E-03  
 -3.528600E+04   -3.528600E+03   -2.624833E+00    3.808341E-02    3.471155E-03  
 -3.518600E+04   -3.518600E+03   -2.617395E+00    3.804360E-02    3.467526E-03  
 -3.508600E+04   -3.508600E+03   -2.609956E+00    3.775348E-02    3.441083E-03  
 -3.498600E+04   -3.498600E+03   -2.602517E+00    3.964790E-02    3.613751E-03  
 -3.488600E+04   -3.488600E+03   -2.595078E+00    4.041522E-02    3.683690E-03  
 -3.478600E+04   -3.478600E+03   -2.587640E+00    4.122361E-02    3.757372E-03  
 -3.468600E+04   -3.468600E+03   -2.580201E+00    4.215731E-02    3.842475E-03  
 -3.458600E+04   -3.458600E+03   -2.572762E+00    4.000903E-02    3.646667E-03  
 -3.448600E+04   -3.448600E+03   -2.565323E+00    4.490246E-02    4.092684E-03  
 -3.438600E+04   -3.438600E+03   -2.557885E+00    4.448796E-02    4.054905E-03  
 -3.428600E+04   -3.428600E+03   -2.550446E+00    4.540592E-02    4.138573E-03  
 -3.418600E+04   -3.418600E+03   -2.543007E+00    4.644343E-02    4.233138E-03  
 -3.408600E+04   -3.408600E+03   -2.535568E+00    4.921022E-02    4.485320E-03  
 -3.398600E+04   -3.398600E+03   -2.528130E+00    4.721012E-02    4.303019E-03  
 -3.388600E+04   -3.388600E+03   -2.520691E+00    4.912236E-02    4.477312E-03  
 -3.378600E+04   -3.378600E+03   -2.513252E+00    4.580457E-02    4.174908E-03  
 -3.368600E+04   -3.368600E+03   -2.505813E+00    4.925452E-02    4.489358E-03  
 -3.358600E+04   -3.358600E+03   -2.498375E+00    5.127297E-02    4.673332E-03  
 -3.348600E+04   -3.348600E+03   -2.490936E+00    5.034634E-02    4.588873E-03  
 -3.338600E+04   -3.338600E+03   -2.483497E+00    5.899656E-02    5.377307E-03  
 -3.328600E+04   -3.328600E+03   -2.476059E+00    6.473929E-02    5.900734E-03  
 -3.318600E+04   -3.318600E+03   -2.468620E+00    5.984833E-02    5.454943E-03  
 -3.308600E+04   -3.308600E+03   -2.461181E+00    6.333772E-02    5.772987E-03  
 -3.298600E+04   -3.298600E+03   -2.453742E+00    6.181469E-02    5.634168E-03  
 -3.288600E+04   -3.288600E+03   -2.446304E+00    5.955167E-02    5.427903E-03  
 -3.278600E+04   -3.278600E+03   -2.438865E+00    6.132397E-02    5.589441E-03  
 -3.268600E+04   -3.268600E+03   -2.431426E+00    5.873541E-02    5.353504E-03  
 -3.258600E+04   -3.258600E+03   -2.423987E+00    6.888000E-02    6.278144E-03  
 -3.248600E+04   -3.248600E+03   -2.416549E+00    7.264375E-02    6.621195E-03  
 -3.238600E+04   -3.238600E+03   -2.409110E+00    7.456522E-02    6.796329E-03  
 -3.228600E+04   -3.228600E+03   -2.401671E+00    7.625367E-02    6.950225E-03  
 -3.218600E+04   -3.218600E+03   -2.394232E+00    8.076457E-02    7.361376E-03  
 -3.208600E+04   -3.208600E+03   -2.386794E+00    7.623327E-02    6.948366E-03  
 -3.198600E+04   -3.198600E+03   -2.379355E+00    6.953658E-02    6.337989E-03  
 -3.188600E+04   -3.188600E+03   -2.371916E+00    7.833711E-02    7.140123E-03  
 -3.178600E+04   -3.178600E+03   -2.364477E+00    8.373185E-02    7.631832E-03  
 -3.168600E+04   -3.168600E+03   -2.357039E+00    8.524320E-02    7.769586E-03  
 -3.158600E+04   -3.158600E+03   -2.349600E+00    8.722553E-02    7.950268E-03  
 -3.148600E+04   -3.148600E+03   -2.342161E+00    9.717959E-02    8.857541E-03  
 -3.138600E+04   -3.138600E+03   -2.334722E+00    1.061817E-01    9.678048E-03  
 -3.128600E+04   -3.128600E+03   -2.327284E+00    1.063665E-01    9.694892E-03  
 -3.118600E+04   -3.118600E+03   -2.319845E+00    1.111137E-01    1.012758E-02  
 -3.108600E+04   -3.108600E+03   -2.312406E+00    1.079649E-01    9.840582E-03  
 -3.098600E+04   -3.098600E+03   -2.304968E+00    1.093724E-01    9.968866E-03  
 -3.088600E+04   -3.088600E+03   -2.297529E+00    1.113455E-01    1.014871E-02  
 -3.078600E+04   -3.078600E+03   -2.290090E+00    1.167827E-01    1.064429E-02  
 -3.068600E+04   -3.068600E+03   -2.282651E+00    1.192702E-01    1.087101E-02  
 -3.058600E+04   -3.058600E+03   -2.275213E+00    1.131788E-01    1.031580E-02  
 -3.048600E+04   -3.048600E+03   -2.267774E+00    1.086069E-01    9.899099E-03  
 -3.038600E+04   -3.038600E+03   -2.260335E+00    1.148081E-01    1.046431E-02  
 -3.028600E+04   -3.028600E+03   -2.252896E+00    1.205363E-01    1.098641E-02  
 -3.018600E+04   -3.018600E+03   -2.245458E+00    1.087189E-01    9.909306E-03  
 -3.008600E+04   -3.008600E+03   -2.238019E+00    1.049618E-01    9.566859E-03  
 -2.998600E+04   -2.998600E+03   -2.230580E+00    1.098772E-01    1.001488E-02  
 -2.988600E+04   -2.988600E+03   -2.223141E+00    1.101037E-01    1.003552E-02  
 -2.978600E+04   -2.978600E+03   -2.215703E+00    1.177748E-01    1.073472E-02  
 -2.968600E+04   -2.968600E+03   -2.208264E+00    1.265832E-01    1.153757E-02  
 -2.958600E+04   -2.958600E+03   -2.200825E+00    1.281770E-01    1.168284E-02  
 -2.948600E+04   -2.948600E+03   -2.193386E+00    1.311739E-01    1.195599E-02  
 -2.938600E+04   -2.938600E+03   -2.185948E+00    1.332102E-01    1.214159E-02  
 -2.928600E+04   -2.928600E+03   -2.178509E+00    1.412516E-01    1.287453E-02  
 -2.918600E+04   -2.918600E+03   -2.171070E+00    1.430829E-01    1.304145E-02  
 -2.908600E+04   -2.908600E+03   -2.163631E+00    1.541891E-01    1.405374E-02  
 -2.898600E+04   -2.898600E+03   -2.156193E+00    1.522739E-01    1.387917E-02  
 -2.888600E+04   -2.888600E+03   -2.148754E+00    1.359430E-01    1.239067E-02  
 -2.878600E+04   -2.878600E+03   -2.141315E+00    1.513508E-01    1.379504E-02  
 -2.868600E+04   -2.868600E+03   -2.133877E+00    1.516407E-01    1.382146E-02  
 -2.858600E+04   -2.858600E+03   -2.126438E+00    1.603273E-01    1.461321E-02  
 -2.848600E+04   -2.848600E+03   -2.118999E+00    1.526459E-01    1.391308E-02  
 -2.838600E+04   -2.838600E+03   -2.111560E+00    1.623470E-01    1.479729E-02  
 -2.828600E+04   -2.828600E+03   -2.104122E+00    1.548665E-01    1.411548E-02  
 -2.818600E+04   -2.818600E+03   -2.096683E+00    1.587695E-01    1.447122E-02  
 -2.808600E+04   -2.808600E+03   -2.089244E+00    1.570939E-01    1.431850E-02  
 -2.798600E+04   -2.798600E+03   -2.081805E+00    1.532300E-01    1.396631E-02  
 -2.788600E+04   -2.788600E+03   -2.074367E+00    1.582841E-01    1.442698E-02  
 -2.778600E+04   -2.778600E+03   -2.066928E+00    1.639431E-01    1.494278E-02  
 -2.768600E+04   -2.768600E+03   -2.059489E+00    1.771032E-01    1.614227E-02  
 -2.758600E+04   -2.758600E+03   -2.052050E+00    1.808437E-01    1.648320E-02  
 -2.748600E+04   -2.748600E+03   -2.044612E+00    1.827239E-01    1.665457E-02  
 -2.738600E+04   -2.738600E+03   -2.037173E+00    1.908072E-01    1.739134E-02  
 -2.728600E+04   -2.728600E+03   -2.029734E+00    1.904144E-01    1.735553E-02  
 -2.718600E+04   -2.718600E+03   -2.022295E+00    2.039187E-01    1.858640E-02  
 -2.708600E+04   -2.708600E+03   -2.014857E+00    2.110154E-01    1.923324E-02  
 -2.698600E+04   -2.698600E+03   -2.007418E+00    2.113123E-01    1.926030E-02  
 -2.688600E+04   -2.688600E+03   -1.999979E+00    2.116735E-01    1.929321E-02  
 -2.678600E+04   -2.678600E+03   -1.992541E+00    2.099620E-01    1.913722E-02  
 -2.668600E+04   -2.668600E+03   -1.985102E+00    2.088454E-01    1.903545E-02  
 -2.658600E+04   -2.658600E+03   -1.977663E+00    2.145798E-01    1.955811E-02  
 -2.648600E+04   -2.648600E+03   -1.970224E+00    2.086575E-01    1.901832E-02  
 -2.638600E+04   -2.638600E+03   -1.962786E+00    2.144313E-01    1.954458E-02  
 -2.628600E+04   -2.628600E+03   -1.955347E+00    2.260456E-01    2.060318E-02  
 -2.618600E+04   -2.618600E+03   -1.947908E+00    2.322580E-01    2.116941E-02  
 -2.608600E+04   -2.608600E+03   -1.940469E+00    2.371119E-01    2.161182E-02  
 -2.598600E+04   -2.598600E+03   -1.933031E+00    2.371755E-01    2.161762E-02  
 -2.588600E+04   -2.588600E+03   -1.925592E+00    2.486112E-01    2.265994E-02  
 -2.578600E+04   -2.578600E+03   -1.918153E+00    2.485621E-01    2.265546E-02  
 -2.568600E+04   -2.568600E+03   -1.910714E+00    2.393080E-01    2.181199E-02  
 -2.558600E+04   -2.558600E+03   -1.903276E+00    2.448881E-01    2.232059E-02  
 -2.548600E+04   -2.548600E+03   -1.895837E+00    2.382868E-01    2.171892E-02  
 -2.538600E+04   -2.538600E+03   -1.888398E+00    2.522093E-01    2.298789E-02  
 -2.528600E+04   -2.528600E+03   -1.880959E+00    2.616885E-01    2.385189E-02  
 -2.518600E+04   -2.518600E+03   -1.873521E+00    2.669291E-01    2.432955E-02  
 -2.508600E+04   -2.508600E+03   -1.866082E+00    2.699919E-01    2.460871E-02  
 -2.498600E+04   -2.498600E+03   -1.858643E+00    2.814660E-01    2.565453E-02  
 -2.488600E+04   -2.488600E+03   -1.851204E+00    2.960716E-01    2.698577E-02  
 -2.478600E+04   -2.478600E+03   -1.843766E+00    2.870260E-01    2.616130E-02  
 -2.468600E+04   -2.468600E+03   -1.836327E+00    2.843380E-01    2.591630E-02  
 -2.458600E+04   -2.458600E+03   -1.828888E+00    2.803351E-01    2.555145E-02  
 -2.448600E+04   -2.448600E+03   -1.821450E+00    3.078249E-01    2.805704E-02  
 -2.438600E+04   -2.438600E+03   -1.814011E+00    3.250670E-01    2.962860E-02  
 -2.428600E+04   -2.428600E+03   -1.806572E+00    3.405741E-01    3.104200E-02  
 -2.418600E+04   -2.418600E+03   -1.799133E+00    3.467387E-01    3.160389E-02  
 -2.408600E+04   -2.408600E+03   -1.791695E+00    3.419499E-01    3.116740E-02  
 -2.398600E+04   -2.398600E+03   -1.784256E+00    3.374117E-01    3.075377E-02  
 -2.388600E+04   -2.388600E+03   -1.776817E+00    3.542925E-01    3.229238E-02  
 -2.378600E+04   -2.378600E+03   -1.769378E+00    3.714865E-01    3.385955E-02  
 -2.368600E+04   -2.368600E+03   -1.761940E+00    3.777669E-01    3.443199E-02  
 -2.358600E+04   -2.358600E+03   -1.754501E+00    3.943421E-01    3.594275E-02  
 -2.348600E+04   -2.348600E+03   -1.747062E+00    4.121352E-01    3.756452E-02  
 -2.338600E+04   -2.338600E+03   -1.739623E+00    3.964311E-01    3.613316E-02  
 -2.328600E+04   -2.328600E+03   -1.732185E+00    4.043224E-01    3.685241E-02  
 -2.318600E+04   -2.318600E+03   -1.724746E+00    4.072585E-01    3.712003E-02  
 -2.308600E+04   -2.308600E+03   -1.717307E+00    3.951482E-01    3.601622E-02  
 -2.298600E+04   -2.298600E+03   -1.709868E+00    4.153614E-01    3.785858E-02  
 -2.288600E+04   -2.288600E+03   -1.702430E+00    4.368127E-01    3.981377E-02  
 -2.278600E+04   -2.278600E+03   -1.694991E+00    4.401764E-01    4.012036E-02  
 -2.268600E+04   -2.268600E+03   -1.687552E+00    4.379044E-01    3.991328E-02  
 -2.258600E+04   -2.258600E+03   -1.680113E+00    4.567259E-01    4.162878E-02  
 -2.248600E+04   -2.248600E+03   -1.672675E+00    4.608605E-01    4.200564E-02  
 -2.238600E+04   -2.238600E+03   -1.665236E+00    4.999423E-01    4.556780E-02  
 -2.228600E+04   -2.228600E+03   -1.657797E+00    5.146706E-01    4.691022E-02  
 -2.218600E+04   -2.218600E+03   -1.650359E+00    5.107136E-01    4.654956E-02  
 -2.208600E+04   -2.208600E+03   -1.642920E+00    5.094008E-01    4.642990E-02  
 -2.198600E+04   -2.198600E+03   -1.635481E+00    4.962634E-01    4.523248E-02  
 -2.188600E+04   -2.188600E+03   -1.628042E+00    4.885545E-01    4.452984E-02  
 -2.178600E+04   -2.178600E+03   -1.620604E+00    4.999769E-01    4.557095E-02  
 -2.168600E+04   -2.168600E+03   -1.613165E+00    4.954865E-01    4.516166E-02  
 -2.158600E+04   -2.158600E+03   -1.605726E+00    4.984071E-01    4.542787E-02  
 -2.148600E+04   -2.148600E+03   -1.598287E+00    5.101374E-01    4.649703E-02  
 -2.138600E+04   -2.138600E+03   -1.590849E+00    5.261943E-01    4.796057E-02  
 -2.128600E+04   -2.128600E+03   -1.583410E+00    5.519656E-01    5.030951E-02  
 -2.118600E+04   -2.118600E+03   -1.575971E+00    5.420417E-01    4.940499E-02  
 -2.108600E+04   -2.108600E+03   -1.568532E+00    5.501883E-01    5.014752E-02  
 -2.098600E+04   -2.098600E+03   -1.561094E+00    5.618924E-01    5.121430E-02  
 -2.088600E+04   -2.088600E+03   -1.553655E+00    5.631329E-01    5.132737E-02  
 -2.078600E+04   -2.078600E+03   -1.546216E+00    5.704531E-01    5.199458E-02  
 -2.068600E+04   -2.068600E+03   -1.538777E+00    5.696772E-01    5.192386E-02  
 -2.058600E+04   -2.058600E+03   -1.531339E+00    5.741492E-01    5.233147E-02  
 -2.048600E+04   -2.048600E+03   -1.523900E+00    5.708231E-01    5.202830E-02  
 -2.038600E+04   -2.038600E+03   -1.516461E+00    6.024763E-01    5.491337E-02  
 -2.028600E+04   -2.028600E+03   -1.509023E+00    6.073579E-01    5.535831E-02  
 -2.018600E+04   -2.018600E+03   -1.501584E+00    6.334271E-01    5.773442E-02  
 -2.008600E+04   -2.008600E+03   -1.494145E+00    6.436483E-01    5.866604E-02  
 -1.998600E+04   -1.998600E+03   -1.486706E+00    6.522074E-01    5.944616E-02  
 -1.988600E+04   -1.988600E+03   -1.479268E+00    6.796105E-01    6.194385E-02  
 -1.978600E+04   -1.978600E+03   -1.471829E+00    6.927361E-01    6.314020E-02  
 -1.968600E+04   -1.968600E+03   -1.464390E+00    6.926706E-01    6.313423E-02  
 -1.958600E+04   -1.958600E+03   -1.456951E+00    7.105506E-01    6.476393E-02  
 -1.948600E+04   -1.948600E+03   -1.449513E+00    7.169586E-01    6.534798E-02  
 -1.938600E+04   -1.938600E+03   -1.442074E+00    7.310178E-01    6.662943E-02  
 -1.928600E+04   -1.928600E+03   -1.434635E+00    7.400158E-01    6.744956E-02  
 -1.918600E+04   -1.918600E+03   -1.427196E+00    7.402558E-01    6.747143E-02  
 -1.908600E+04   -1.908600E+03   -1.419758E+00    7.452596E-01    6.792751E-02  
 -1.898600E+04   -1.898600E+03   -1.412319E+00    7.724918E-01    7.040962E-02  
 -1.888600E+04   -1.888600E+03   -1.404880E+00    7.692749E-01    7.011642E-02  
 -1.878600E+04   -1.878600E+03   -1.397441E+00    7.952247E-01    7.248164E-02  
 -1.868600E+04   -1.868600E+03   -1.390003E+00    8.092143E-01    7.375673E-02  
 -1.858600E+04   -1.858600E+03   -1.382564E+00    8.085113E-01    7.369266E-02  
 -1.848600E+04   -1.848600E+03   -1.375125E+00    8.164332E-01    7.441471E-02  
 -1.838600E+04   -1.838600E+03   -1.367686E+00    8.107183E-01    7.389382E-02  
 -1.828600E+04   -1.828600E+03   -1.360248E+00    8.265103E-01    7.533320E-02  
 -1.818600E+04   -1.818600E+03   -1.352809E+00    8.271634E-01    7.539273E-02  
 -1.808600E+04   -1.808600E+03   -1.345370E+00    8.268777E-01    7.536669E-02  
 -1.798600E+04   -1.798600E+03   -1.337932E+00    8.555298E-01    7.797821E-02  
 -1.788600E+04   -1.788600E+03   -1.330493E+00    8.849336E-01    8.065825E-02  
 -1.778600E+04   -1.778600E+03   -1.323054E+00    9.206700E-01    8.391549E-02  
 -1.768600E+04   -1.768600E+03   -1.315615E+00    9.192646E-01    8.378740E-02  
 -1.758600E+04   -1.758600E+03   -1.308177E+00    9.166073E-01    8.354519E-02  
 -1.748600E+04   -1.748600E+03   -1.300738E+00    9.506709E-01    8.664995E-02  
 -1.738600E+04   -1.738600E+03   -1.293299E+00    9.570077E-01    8.722752E-02  
 -1.728600E+04   -1.728600E+03   -1.285860E+00    9.678436E-01    8.821518E-02  
 -1.718600E+04   -1.718600E+03   -1.278422E+00    1.015787E+00    9.258503E-02  
 -1.708600E+04   -1.708600E+03   -1.270983E+00    1.039158E+00    9.471524E-02  
 -1.698600E+04   -1.698600E+03   -1.263544E+00    1.041704E+00    9.494729E-02  
 -1.688600E+04   -1.688600E+03   -1.256105E+00    1.031045E+00    9.397572E-02  
 -1.678600E+04   -1.678600E+03   -1.248667E+00    1.051538E+00    9.584357E-02  
 -1.668600E+04   -1.668600E+03   -1.241228E+00    1.072089E+00    9.771673E-02  
 -1.658600E+04   -1.658600E+03   -1.233789E+00    1.120759E+00    1.021528E-01  
 -1.648600E+04   -1.648600E+03   -1.226350E+00    1.163953E+00    1.060898E-01  
 -1.638600E+04   -1.638600E+03   -1.218912E+00    1.174773E+00    1.070760E-01  
 -1.628600E+04   -1.628600E+03   -1.211473E+00    1.229178E+00    1.120348E-01  
 -1.618600E+04   -1.618600E+03   -1.204034E+00    1.204091E+00    1.097482E-01  
 -1.608600E+04   -1.608600E+03   -1.196595E+00    1.245571E+00    1.135289E-01  
 -1.598600E+04   -1.598600E+03   -1.189157E+00    1.236538E+00    1.127057E-01  
 -1.588600E+04   -1.588600E+03   -1.181718E+00    1.272317E+00    1.159668E-01  
 -1.578600E+04   -1.578600E+03   -1.174279E+00    1.288225E+00    1.174167E-01  
 -1.568600E+04   -1.568600E+03   -1.166841E+00    1.306981E+00    1.191262E-01  
 -1.558600E+04   -1.558600E+03   -1.159402E+00    1.334525E+00    1.216367E-01  
 -1.548600E+04   -1.548600E+03   -1.151963E+00    1.362550E+00    1.241911E-01  
 -1.538600E+04   -1.538600E+03   -1.144524E+00    1.364414E+00    1.243610E-01  
 -1.528600E+04   -1.528600E+03   -1.137086E+00    1.404873E+00    1.280487E-01  
 -1.518600E+04   -1.518600E+03   -1.129647E+00    1.441076E+00    1.313484E-01  
 -1.508600E+04   -1.508600E+03   -1.122208E+00    1.470078E+00    1.339919E-01  
 -1.498600E+04   -1.498600E+03   -1.114769E+00    1.460178E+00    1.330896E-01  
 -1.488600E+04   -1.488600E+03   -1.107331E+00    1.472952E+00    1.342538E-01  
 -1.478600E+04   -1.478600E+03   -1.099892E+00    1.500195E+00    1.367369E-01  
 -1.468600E+04   -1.468600E+03   -1.092453E+00    1.524698E+00    1.389703E-01  
 -1.458600E+04   -1.458600E+03   -1.085014E+00    1.533599E+00    1.397816E-01  
 -1.448600E+04   -1.448600E+03   -1.077576E+00    1.548904E+00    1.411766E-01  
 -1.438600E+04   -1.438600E+03   -1.070137E+00    1.583221E+00    1.443044E-01  
 -1.428600E+04   -1.428600E+03   -1.062698E+00    1.621372E+00    1.477817E-01  
 -1.418600E+04   -1.418600E+03   -1.055259E+00    1.633686E+00    1.489041E-01  
 -1.408600E+04   -1.408600E+03   -1.047821E+00    1.650335E+00    1.504216E-01  
 -1.398600E+04   -1.398600E+03   -1.040382E+00    1.682982E+00    1.533972E-01  
 -1.388600E+04   -1.388600E+03   -1.032943E+00    1.708255E+00    1.557008E-01  
 -1.378600E+04   -1.378600E+03   -1.025504E+00    1.753952E+00    1.598659E-01  
 -1.368600E+04   -1.368600E+03   -1.018066E+00    1.746244E+00    1.591633E-01  
 -1.358600E+04   -1.358600E+03   -1.010627E+00    1.747631E+00    1.592898E-01  
 -1.348600E+04   -1.348600E+03   -1.003188E+00    1.761753E+00    1.605770E-01  
 -1.338600E+04   -1.338600E+03   -9.957495E-01    1.785440E+00    1.627359E-01  
 -1.328600E+04   -1.328600E+03   -9.883108E-01    1.805485E+00    1.645629E-01  
 -1.318600E+04   -1.318600E+03   -9.808721E-01    1.817764E+00    1.656821E-01  
 -1.308600E+04   -1.308600E+03   -9.734333E-01    1.849653E+00    1.685887E-01  
 -1.298600E+04   -1.298600E+03   -9.659946E-01    1.849460E+00    1.685711E-01  
 -1.288600E+04   -1.288600E+03   -9.585558E-01    1.885871E+00    1.718898E-01  
 -1.278600E+04   -1.278600E+03   -9.511171E-01    1.927092E+00    1.756469E-01  
 -1.268600E+04   -1.268600E+03   -9.436784E-01    1.930738E+00    1.759792E-01  
 -1.258600E+04   -1.258600E+03   -9.362396E-01    1.956736E+00    1.783489E-01  
 -1.248600E+04   -1.248600E+03   -9.288009E-01    1.992341E+00    1.815941E-01  
 -1.238600E+04   -1.238600E+03   -9.213622E-01    2.062559E+00    1.879942E-01  
 -1.228600E+04   -1.228600E+03   -9.139234E-01    2.076487E+00    1.892637E-01  
 -1.218600E+04   -1.218600E+03   -9.064847E-01    2.115725E+00    1.928401E-01  
 -1.208600E+04   -1.208600E+03   -8.990459E-01    2.163054E+00    1.971539E-01  
 -1.198600E+04   -1.198600E+03   -8.916072E-01    2.191452E+00    1.997423E-01  
 -1.188600E+04   -1.188600E+03   -8.841685E-01    2.210337E+00    2.014636E-01  
 -1.178600E+04   -1.178600E+03   -8.767297E-01    2.221735E+00    2.025025E-01  
 -1.168600E+04   -1.168600E+03   -8.692910E-01    2.255205E+00    2.055532E-01  
 -1.158600E+04   -1.158600E+03   -8.618522E-01    2.269709E+00    2.068751E-01  
 -1.148600E+04   -1.148600E+03   -8.544135E-01    2.287759E+00    2.085203E-01  
 -1.138600E+04   -1.138600E+03   -8.469748E-01    2.337415E+00    2.130463E-01  
 -1.128600E+04   -1.128600E+03   -8.395360E-01    2.374469E+00    2.164236E-01  
 -1.118600E+04   -1.118600E+03   -8.320973E-01    2.390918E+00    2.179229E-01  
 -1.108600E+04   -1.108600E+03   -8.246586E-01    2.421120E+00    2.206756E-01  
 -1.098600E+04   -1.098600E+03   -8.172198E-01    2.434962E+00    2.219373E-01  
 -1.088600E+04   -1.088600E+03   -8.097811E-01    2.440367E+00    2.224299E-01  
 -1.078600E+04   -1.078600E+03   -8.023423E-01    2.453660E+00    2.236416E-01  
 -1.068600E+04   -1.068600E+03   -7.949036E-01    2.488829E+00    2.268471E-01  
 -1.058600E+04   -1.058600E+03   -7.874649E-01    2.509043E+00    2.286895E-01  
 -1.048600E+04   -1.048600E+03   -7.800261E-01    2.544304E+00    2.319034E-01  
 -1.038600E+04   -1.038600E+03   -7.725874E-01    2.581905E+00    2.353306E-01  
 -1.028600E+04   -1.028600E+03   -7.651486E-01    2.654065E+00    2.419077E-01  
 -1.018600E+04   -1.018600E+03   -7.577099E-01    2.693712E+00    2.455213E-01  
 -1.008600E+04   -1.008600E+03   -7.502712E-01    2.761779E+00    2.517254E-01  
 -9.986000E+03   -9.986000E+02   -7.428324E-01    2.759665E+00    2.515328E-01  
 -9.886000E+03   -9.886000E+02   -7.353937E-01    2.825679E+00    2.575496E-01  
 -9.786000E+03   -9.786000E+02   -7.279550E-01    2.864620E+00    2.610989E-01  
 -9.686000E+03   -9.686000E+02   -7.205162E-01    2.894503E+00    2.638227E-01  
 -9.586000E+03   -9.586000E+02   -7.130775E-01    2.959975E+00    2.697902E-01  
 -9.486000E+03   -9.486000E+02   -7.056387E-01    2.976672E+00    2.713121E-01  
 -9.386000E+03   -9.386000E+02   -6.982000E-01    3.005212E+00    2.739134E-01  
 -9.286000E+03   -9.286000E+02   -6.907613E-01    3.020767E+00    2.753312E-01  
 -9.186000E+03   -9.186000E+02   -6.833225E-01    3.080748E+00    2.807982E-01  
 -9.086000E+03   -9.086000E+02   -6.758838E-01    3.167743E+00    2.887274E-01  
 -8.986000E+03   -8.986000E+02   -6.684450E-01    3.233859E+00    2.947537E-01  
 -8.886000E+03   -8.886000E+02   -6.610063E-01    3.261512E+00    2.972742E-01  
 -8.786000E+03   -8.786000E+02   -6.535676E-01    3.334363E+00    3.039142E-01  
 -8.686000E+03   -8.686000E+02   -6.461288E-01    3.378593E+00    3.079456E-01  
 -8.586000E+03   -8.586000E+02   -6.386901E-01    3.420476E+00    3.117631E-01  
 -8.486000E+03   -8.486000E+02   -6.312514E-01    3.491505E+00    3.182371E-01  
 -8.386000E+03   -8.386000E+02   -6.238126E-01    3.602413E+00    3.283459E-01  
 -8.286000E+03   -8.286000E+02   -6.163739E-01    3.655430E+00    3.331782E-01  
 -8.186000E+03   -8.186000E+02   -6.089351E-01    3.666946E+00    3.342279E-01  
 -8.086000E+03   -8.086000E+02   -6.014964E-01    3.667658E+00    3.342928E-01  
 -7.986000E+03   -7.986000E+02   -5.940577E-01    3.724909E+00    3.395109E-01  
 -7.886000E+03   -7.886000E+02   -5.866189E-01    3.755034E+00    3.422567E-01  
 -7.786000E+03   -7.786000E+02   -5.791802E-01    3.803495E+00    3.466738E-01  
 -7.686000E+03   -7.686000E+02   -5.717414E-01    3.891903E+00    3.547318E-01  
 -7.586000E+03   -7.586000E+02   -5.643027E-01    4.022437E+00    3.666295E-01  
 -7.486000E+03   -7.486000E+02   -5.568640E-01    4.021570E+00    3.665504E-01  
 -7.386000E+03   -7.386000E+02   -5.494252E-01    4.087722E+00    3.725799E-01  
 -7.286000E+03   -7.286000E+02   -5.419865E-01    4.165411E+00    3.796610E-01  
 -7.186000E+03   -7.186000E+02   -5.345478E-01    4.212261E+00    3.839312E-01  
 -7.086000E+03   -7.086000E+02   -5.271090E-01    4.243303E+00    3.867606E-01  
 -6.986000E+03   -6.986000E+02   -5.196703E-01    4.282792E+00    3.903598E-01  
 -6.886000E+03   -6.886000E+02   -5.122315E-01    4.347863E+00    3.962908E-01  
 -6.786000E+03   -6.786000E+02   -5.047928E-01    4.398966E+00    4.009486E-01  
 -6.686000E+03   -6.686000E+02   -4.973541E-01    4.438711E+00    4.045713E-01  
 -6.586000E+03   -6.586000E+02   -4.899153E-01    4.487744E+00    4.090404E-01  
 -6.486000E+03   -6.486000E+02   -4.824766E-01    4.561394E+00    4.157533E-01  
 -6.386000E+03   -6.386000E+02   -4.750378E-01    4.625521E+00    4.215982E-01  
 -6.286000E+03   -6.286000E+02   -4.675991E-01    4.650201E+00    4.238477E-01  
 -6.186000E+03   -6.186000E+02   -4.601604E-01    4.761422E+00    4.339850E-01  
 -6.086000E+03   -6.086000E+02   -4.527216E-01    4.806709E+00    4.381128E-01  
 -5.986000E+03   -5.986000E+02   -4.452829E-01    4.879948E+00    4.447883E-01  
 -5.886000E+03   -5.886000E+02   -4.378442E-01    5.037019E+00    4.591047E-01  
 -5.786000E+03   -5.786000E+02   -4.304054E-01    5.003356E+00    4.560365E-01  
 -5.686000E+03   -5.686000E+02   -4.229667E-01    5.079234E+00    4.629524E-01  
 -5.586000E+03   -5.586000E+02   -4.155279E-01    5.124371E+00    4.670665E-01  
 -5.486000E+03   -5.486000E+02   -4.080892E-01    5.187090E+00    4.727830E-01  
 -5.386000E+03   -5.386000E+02   -4.006505E-01    5.229719E+00    4.766686E-01  
 -5.286000E+03   -5.286000E+02   -3.932117E-01    5.256410E+00    4.791013E-01  
 -5.186000E+03   -5.186000E+02   -3.857730E-01    5.434630E+00    4.953454E-01  
 -5.086000E+03   -5.086000E+02   -3.783342E-01    5.590710E+00    5.095714E-01  
 -4.986000E+03   -4.986000E+02   -3.708955E-01    5.630301E+00    5.131800E-01  
 -4.886000E+03   -4.886000E+02   -3.634568E-01    5.659222E+00    5.158161E-01  
 -4.786000E+03   -4.786000E+02   -3.560180E-01    5.717468E+00    5.211250E-01  
 -4.686000E+03   -4.686000E+02   -3.485793E-01    5.808720E+00    5.294422E-01  
 -4.586000E+03   -4.586000E+02   -3.411405E-01    5.866101E+00    5.346723E-01  
 -4.486000E+03   -4.486000E+02   -3.337018E-01    5.902239E+00    5.379661E-01  
 -4.386000E+03   -4.386000E+02   -3.262631E-01    5.973511E+00    5.444623E-01  
 -4.286000E+03   -4.286000E+02   -3.188243E-01    6.016394E+00    5.483709E-01  
 -4.186000E+03   -4.186000E+02   -3.113856E-01    6.173387E+00    5.626802E-01  
 -4.086000E+03   -4.086000E+02   -3.039469E-01    6.298430E+00    5.740774E-01  
 -3.986000E+03   -3.986000E+02   -2.965081E-01    6.450407E+00    5.879295E-01  
 -3.886000E+03   -3.886000E+02   -2.890694E-01    6.605940E+00    6.021057E-01  
 -3.786000E+03   -3.786000E+02   -2.816306E-01    6.655345E+00    6.066088E-01  
 -3.686000E+03   -3.686000E+02   -2.741919E-01    6.719728E+00    6.124771E-01  
 -3.586000E+03   -3.586000E+02   -2.667532E-01    6.883541E+00    6.274080E-01  
 -3.486000E+03   -3.486000E+02   -2.593144E-01    6.949601E+00    6.334291E-01  
 -3.386000E+03   -3.386000E+02   -2.518757E-01    6.996883E+00    6.377386E-01  
 -3.286000E+03   -3.286000E+02   -2.444369E-01    7.040833E+00    6.417445E-01  
 -3.186000E+03   -3.186000E+02   -2.369982E-01    7.105881E+00    6.476734E-01  
 -3.086000E+03   -3.086000E+02   -2.295595E-01    7.189132E+00    6.552614E-01  
 -2.986000E+03   -2.986000E+02   -2.221207E-01    7.317642E+00    6.669746E-01  
 -2.886000E+03   -2.886000E+02   -2.146820E-01    7.467585E+00    6.806414E-01  
 -2.786000E+03   -2.786000E+02   -2.072433E-01    7.639046E+00    6.962693E-01  
 -2.686000E+03   -2.686000E+02   -1.998045E-01    7.678486E+00    6.998642E-01  
 -2.586000E+03   -2.586000E+02   -1.923658E-01    7.807342E+00    7.116088E-01  
 -2.486000E+03   -2.486000E+02   -1.849270E-01    7.970848E+00    7.265118E-01  
 -2.386000E+03   -2.386000E+02   -1.774883E-01    8.160576E+00    7.438048E-01  
 -2.286000E+03   -2.286000E+02   -1.700496E-01    8.307619E+00    7.572071E-01  
 -2.186000E+03   -2.186000E+02   -1.626108E-01    8.415943E+00    7.670805E-01  
 -2.086000E+03   -2.086000E+02   -1.551721E-01    8.611037E+00    7.848625E-01  
 -1.986000E+03   -1.986000E+02   -1.477333E-01    8.727847E+00    7.955093E-01  
 -1.886000E+03   -1.886000E+02   -1.402946E-01    8.902873E+00    8.114623E-01  
 -1.786000E+03   -1.786000E+02   -1.328559E-01    9.127231E+00    8.319116E-01  
 -1.686000E+03   -1.686000E+02   -1.254171E-01    9.213148E+00    8.397426E-01  
 -1.586000E+03   -1.586000E+02   -1.179784E-01    9.341872E+00    8.514753E-01  
 -1.486000E+03   -1.486000E+02   -1.105397E-01    9.535091E+00    8.690864E-01  
 -1.386000E+03   -1.386000E+02   -1.031009E-01    9.736111E+00    8.874086E-01  
 -1.286000E+03   -1.286000E+02   -9.566218E-02    9.871264E+00    8.997273E-01  
 -1.186000E+03   -1.186000E+02   -8.822344E-02    1.004196E+01    9.152858E-01  
 -1.086000E+03   -1.086000E+02   -8.078470E-02    1.026287E+01    9.354206E-01  
 -9.860000E+02   -9.860000E+01   -7.334596E-02    1.057436E+01    9.638119E-01  
 -8.860000E+02   -8.860000E+01   -6.590722E-02    1.068709E+01    9.740865E-01  
 -7.860000E+02   -7.860000E+01   -5.846848E-02    1.091518E+01    9.948765E-01  
 -6.860000E+02   -6.860000E+01   -5.102975E-02    1.129417E+01    1.029420E+00  
 -5.860000E+02   -5.860000E+01   -4.359101E-02    1.164031E+01    1.060969E+00  
 -4.860000E+02   -4.860000E+01   -3.615227E-02    1.195467E+01    1.089622E+00  
 -3.860000E+02   -3.860000E+01   -2.871353E-02    1.236569E+01    1.127084E+00  
 -2.860000E+02   -2.860000E+01   -2.127479E-02    1.289699E+01    1.175510E+00  
 -1.860000E+02   -1.860000E+01   -1.383605E-02    1.346420E+01    1.227209E+00  
 -8.600000E+01   -8.600000E+00   -6.397315E-03    1.438201E+01    1.310864E+00  
  1.400000E+01    1.400000E+00    1.041423E-03    1.523878E+01    1.388956E+00  
  1.140000E+02    1.140000E+01    8.480162E-03    1.406224E+01    1.281718E+00  
  2.140000E+02    2.140000E+01    1.591890E-02    1.330850E+01    1.213018E+00  
  3.140000E+02    3.140000E+01    2.335764E-02    1.274159E+01    1.161346E+00  
  4.140000E+02    4.140000E+01    3.079638E-02    1.223630E+01    1.115292E+00  
  5.140000E+02    5.140000E+01    3.823512E-02    1.187088E+01    1.081985E+00  
  6.140000E+02    6.140000E+01    4.567385E-02    1.155573E+01    1.053259E+00  
  7.140000E+02    7.140000E+01    5.311259E-02    1.118670E+01    1.019624E+00  
  8.140000E+02    8.140000E+01    6.055133E-02    1.083028E+01    9.871380E-01  
  9.140000E+02    9.140000E+01    6.799007E-02    1.066740E+01    9.722919E-01  
  1.014000E+03    1.014000E+02    7.542881E-02    1.049559E+01    9.566325E-01  
  1.114000E+03    1.114000E+02    8.286755E-02    1.019137E+01    9.289041E-01  
  1.214000E+03    1.214000E+02    9.030629E-02    9.998456E+00    9.113203E-01  
  1.314000E+03    1.314000E+02    9.774502E-02    9.830365E+00    8.959995E-01  
  1.414000E+03    1.414000E+02    1.051838E-01    9.687007E+00    8.829330E-01  
  1.514000E+03    1.514000E+02    1.126225E-01    9.476314E+00    8.637291E-01  
  1.614000E+03    1.614000E+02    1.200612E-01    9.309108E+00    8.484890E-01  
  1.714000E+03    1.714000E+02    1.275000E-01    9.190786E+00    8.377044E-01  
  1.814000E+03    1.814000E+02    1.349387E-01    9.071332E+00    8.268166E-01  
  1.914000E+03    1.914000E+02    1.423775E-01    8.853945E+00    8.070027E-01  
  2.014000E+03    2.014000E+02    1.498162E-01    8.701052E+00    7.930670E-01  
  2.114000E+03    2.114000E+02    1.572549E-01    8.558652E+00    7.800878E-01  
  2.214000E+03    2.214000E+02    1.646937E-01    8.372458E+00    7.631170E-01  
  2.314000E+03    2.314000E+02    1.721324E-01    8.300736E+00    7.565797E-01  
  2.414000E+03    2.414000E+02    1.795711E-01    8.097347E+00    7.380416E-01  
  2.514000E+03    2.514000E+02    1.870099E-01    7.925001E+00    7.223330E-01  
  2.614000E+03    2.614000E+02    1.944486E-01    7.751311E+00    7.065018E-01  
  2.714000E+03    2.714000E+02    2.018874E-01    7.676582E+00    6.996906E-01  
  2.814000E+03    2.814000E+02    2.093261E-01    7.599984E+00    6.927090E-01  
  2.914000E+03    2.914000E+02    2.167648E-01    7.435326E+00    6.777010E-01  
  3.014000E+03    3.014000E+02    2.242036E-01    7.247284E+00    6.605617E-01  
  3.114000E+03    3.114000E+02    2.316423E-01    7.179861E+00    6.544164E-01  
  3.214000E+03    3.214000E+02    2.390811E-01    7.087100E+00    6.459616E-01  
  3.314000E+03    3.314000E+02    2.465198E-01    7.041893E+00    6.418411E-01  
  3.414000E+03    3.414000E+02    2.539585E-01    6.964542E+00    6.347909E-01  
  3.514000E+03    3.514000E+02    2.613973E-01    6.936265E+00    6.322136E-01  
  3.614000E+03    3.614000E+02    2.688360E-01    6.858848E+00    6.251573E-01  
  3.714000E+03    3.714000E+02    2.762747E-01    6.689339E+00    6.097072E-01  
  3.814000E+03    3.814000E+02    2.837135E-01    6.634436E+00    6.047030E-01  
  3.914000E+03    3.914000E+02    2.911522E-01    6.573754E+00    5.991721E-01  
  4.014000E+03    4.014000E+02    2.985910E-01    6.400134E+00    5.833473E-01  
  4.114000E+03    4.114000E+02    3.060297E-01    6.278816E+00    5.722896E-01  
  4.214000E+03    4.214000E+02    3.134684E-01    6.124683E+00    5.582410E-01  
  4.314000E+03    4.314000E+02    3.209072E-01    6.000876E+00    5.469565E-01  
  4.414000E+03    4.414000E+02    3.283459E-01    5.959225E+00    5.431601E-01  
  4.514000E+03    4.514000E+02    3.357847E-01    5.876988E+00    5.356646E-01  
  4.614000E+03    4.614000E+02    3.432234E-01    5.867348E+00    5.347859E-01  
  4.714000E+03    4.714000E+02    3.506621E-01    5.772580E+00    5.261482E-01  
  4.814000E+03    4.814000E+02    3.581009E-01    5.704605E+00    5.199526E-01  
  4.914000E+03    4.914000E+02    3.655396E-01    5.653822E+00    5.153239E-01  
  5.014000E+03    5.014000E+02    3.729784E-01    5.621031E+00    5.123351E-01  
  5.114000E+03    5.114000E+02    3.804171E-01    5.558199E+00    5.066082E-01  
  5.214000E+03    5.214000E+02    3.878558E-01    5.389703E+00    4.912504E-01  
  5.314000E+03    5.314000E+02    3.952946E-01    5.221628E+00    4.759310E-01  
  5.414000E+03    5.414000E+02    4.027333E-01    5.229321E+00    4.766323E-01  
  5.514000E+03    5.514000E+02    4.101720E-01    5.178652E+00    4.720140E-01  
  5.614000E+03    5.614000E+02    4.176108E-01    5.109530E+00    4.657137E-01  
  5.714000E+03    5.714000E+02    4.250495E-01    5.053504E+00    4.606072E-01  
  5.814000E+03    5.814000E+02    4.324883E-01    5.004607E+00    4.561505E-01  
  5.914000E+03    5.914000E+02    4.399270E-01    5.011815E+00    4.568074E-01  
  6.014000E+03    6.014000E+02    4.473657E-01    4.846730E+00    4.417606E-01  
  6.114000E+03    6.114000E+02    4.548045E-01    4.814717E+00    4.388427E-01  
  6.214000E+03    6.214000E+02    4.622432E-01    4.718229E+00    4.300482E-01  
  6.314000E+03    6.314000E+02    4.696820E-01    4.650069E+00    4.238357E-01  
  6.414000E+03    6.414000E+02    4.771207E-01    4.593961E+00    4.187216E-01  
  6.514000E+03    6.514000E+02    4.845594E-01    4.542953E+00    4.140725E-01  
  6.614000E+03    6.614000E+02    4.919982E-01    4.472926E+00    4.076898E-01  
  6.714000E+03    6.714000E+02    4.994369E-01    4.432310E+00    4.039879E-01  
  6.814000E+03    6.814000E+02    5.068756E-01    4.387972E+00    3.999465E-01  
  6.914000E+03    6.914000E+02    5.143144E-01    4.322392E+00    3.939692E-01  
  7.014000E+03    7.014000E+02    5.217531E-01    4.261328E+00    3.884034E-01  
  7.114000E+03    7.114000E+02    5.291919E-01    4.254385E+00    3.877707E-01  
  7.214000E+03    7.214000E+02    5.366306E-01    4.194104E+00    3.822763E-01  
  7.314000E+03    7.314000E+02    5.440693E-01    4.146830E+00    3.779674E-01  
  7.414000E+03    7.414000E+02    5.515081E-01    4.069610E+00    3.709291E-01  
  7.514000E+03    7.514000E+02    5.589468E-01    4.021158E+00    3.665129E-01  
  7.614000E+03    7.614000E+02    5.663856E-01    3.994726E+00    3.641037E-01  
  7.714000E+03    7.714000E+02    5.738243E-01    3.858833E+00    3.517176E-01  
  7.814000E+03    7.814000E+02    5.812630E-01    3.783258E+00    3.448292E-01  
  7.914000E+03    7.914000E+02    5.887018E-01    3.750128E+00    3.418096E-01  
  8.014000E+03    8.014000E+02    5.961405E-01    3.718304E+00    3.389090E-01  
  8.114000E+03    8.114000E+02    6.035792E-01    3.657913E+00    3.334045E-01  
  8.214000E+03    8.214000E+02    6.110180E-01    3.661247E+00    3.337084E-01  
  8.314000E+03    8.314000E+02    6.184567E-01    3.656701E+00    3.332940E-01  
  8.414000E+03    8.414000E+02    6.258955E-01    3.577095E+00    3.260383E-01  
  8.514000E+03    8.514000E+02    6.333342E-01    3.457145E+00    3.151053E-01  
  8.614000E+03    8.614000E+02    6.407729E-01    3.408482E+00    3.106698E-01  
  8.714000E+03    8.714000E+02    6.482117E-01    3.374498E+00    3.075724E-01  
  8.814000E+03    8.814000E+02    6.556504E-01    3.316236E+00    3.022620E-01  
  8.914000E+03    8.914000E+02    6.630892E-01    3.252597E+00    2.964616E-01  
  9.014000E+03    9.014000E+02    6.705279E-01    3.210824E+00    2.926541E-01  
  9.114000E+03    9.114000E+02    6.779666E-01    3.149671E+00    2.870803E-01  
  9.214000E+03    9.214000E+02    6.854054E-01    3.072802E+00    2.800739E-01  
  9.314000E+03    9.314000E+02    6.928441E-01    3.002027E+00    2.736231E-01  
  9.414000E+03    9.414000E+02    7.002828E-01    2.998895E+00    2.733376E-01  
  9.514000E+03    9.514000E+02    7.077216E-01    2.974110E+00    2.710785E-01  
  9.614000E+03    9.614000E+02    7.151603E-01    2.946796E+00    2.685890E-01  
  9.714000E+03    9.714000E+02    7.225991E-01    2.879252E+00    2.624326E-01  
  9.814000E+03    9.814000E+02    7.300378E-01    2.853698E+00    2.601034E-01  
  9.914000E+03    9.914000E+02    7.374765E-01    2.806434E+00    2.557955E-01  
  1.001400E+04    1.001400E+03    7.449153E-01    2.764792E+00    2.520001E-01  
  1.011400E+04    1.011400E+03    7.523540E-01    2.746028E+00    2.502898E-01  
  1.021400E+04    1.021400E+03    7.597928E-01    2.676763E+00    2.439765E-01  
  1.031400E+04    1.031400E+03    7.672315E-01    2.645051E+00    2.410861E-01  
  1.041400E+04    1.041400E+03    7.746702E-01    2.567106E+00    2.339817E-01  
  1.051400E+04    1.051400E+03    7.821090E-01    2.531011E+00    2.306918E-01  
  1.061400E+04    1.061400E+03    7.895477E-01    2.504990E+00    2.283201E-01  
  1.071400E+04    1.071400E+03    7.969864E-01    2.478452E+00    2.259012E-01  
  1.081400E+04    1.081400E+03    8.044252E-01    2.445662E+00    2.229126E-01  
  1.091400E+04    1.091400E+03    8.118639E-01    2.447753E+00    2.231032E-01  
  1.101400E+04    1.101400E+03    8.193027E-01    2.420486E+00    2.206179E-01  
  1.111400E+04    1.111400E+03    8.267414E-01    2.419286E+00    2.205085E-01  
  1.121400E+04    1.121400E+03    8.341801E-01    2.386046E+00    2.174788E-01  
  1.131400E+04    1.131400E+03    8.416189E-01    2.366676E+00    2.157134E-01  
  1.141400E+04    1.141400E+03    8.490576E-01    2.321607E+00    2.116055E-01  
  1.151400E+04    1.151400E+03    8.564964E-01    2.279934E+00    2.078071E-01  
  1.161400E+04    1.161400E+03    8.639351E-01    2.272453E+00    2.071252E-01  
  1.171400E+04    1.171400E+03    8.713738E-01    2.243499E+00    2.044862E-01  
  1.181400E+04    1.181400E+03    8.788126E-01    2.215363E+00    2.019217E-01  
  1.191400E+04    1.191400E+03    8.862513E-01    2.209460E+00    2.013837E-01  
  1.201400E+04    1.201400E+03    8.936900E-01    2.178629E+00    1.985735E-01  
  1.211400E+04    1.211400E+03    9.011288E-01    2.158421E+00    1.967317E-01  
  1.221400E+04    1.221400E+03    9.085675E-01    2.101066E+00    1.915040E-01  
  1.231400E+04    1.231400E+03    9.160063E-01    2.063600E+00    1.880891E-01  
  1.241400E+04    1.241400E+03    9.234450E-01    2.061869E+00    1.879313E-01  
  1.251400E+04    1.251400E+03    9.308837E-01    1.970824E+00    1.796329E-01  
  1.261400E+04    1.261400E+03    9.383225E-01    1.957720E+00    1.784385E-01  
  1.271400E+04    1.271400E+03    9.457612E-01    1.918762E+00    1.748877E-01  
  1.281400E+04    1.281400E+03    9.532000E-01    1.924226E+00    1.753857E-01  
  1.291400E+04    1.291400E+03    9.606387E-01    1.870411E+00    1.704807E-01  
  1.301400E+04    1.301400E+03    9.680774E-01    1.848625E+00    1.684950E-01  
  1.311400E+04    1.311400E+03    9.755162E-01    1.840864E+00    1.677876E-01  
  1.321400E+04    1.321400E+03    9.829549E-01    1.820150E+00    1.658996E-01  
  1.331400E+04    1.331400E+03    9.903936E-01    1.794699E+00    1.635798E-01  
  1.341400E+04    1.341400E+03    9.978324E-01    1.784841E+00    1.626813E-01  
  1.351400E+04    1.351400E+03    1.005271E+00    1.751759E+00    1.596661E-01  
  1.361400E+04    1.361400E+03    1.012710E+00    1.749030E+00    1.594173E-01  
  1.371400E+04    1.371400E+03    1.020149E+00    1.744909E+00    1.590416E-01  
  1.381400E+04    1.381400E+03    1.027587E+00    1.744501E+00    1.590044E-01  
  1.391400E+04    1.391400E+03    1.035026E+00    1.706413E+00    1.555329E-01  
  1.401400E+04    1.401400E+03    1.042465E+00    1.673911E+00    1.525704E-01  
  1.411400E+04    1.411400E+03    1.049904E+00    1.639732E+00    1.494552E-01  
  1.421400E+04    1.421400E+03    1.057342E+00    1.631489E+00    1.487039E-01  
  1.431400E+04    1.431400E+03    1.064781E+00    1.620499E+00    1.477022E-01  
  1.441400E+04    1.441400E+03    1.072220E+00    1.569139E+00    1.430209E-01  
  1.451400E+04    1.451400E+03    1.079659E+00    1.539118E+00    1.402846E-01  
  1.461400E+04    1.461400E+03    1.087097E+00    1.537881E+00    1.401718E-01  
  1.471400E+04    1.471400E+03    1.094536E+00    1.517595E+00    1.383229E-01  
  1.481400E+04    1.481400E+03    1.101975E+00    1.484491E+00    1.353056E-01  
  1.491400E+04    1.491400E+03    1.109413E+00    1.473804E+00    1.343315E-01  
  1.501400E+04    1.501400E+03    1.116852E+00    1.458436E+00    1.329308E-01  
  1.511400E+04    1.511400E+03    1.124291E+00    1.466788E+00    1.336920E-01  
  1.521400E+04    1.521400E+03    1.131730E+00    1.438512E+00    1.311148E-01  
  1.531400E+04    1.531400E+03    1.139168E+00    1.384778E+00    1.262171E-01  
  1.541400E+04    1.541400E+03    1.146607E+00    1.360822E+00    1.240337E-01  
  1.551400E+04    1.551400E+03    1.154046E+00    1.358138E+00    1.237890E-01  
  1.561400E+04    1.561400E+03    1.161485E+00    1.328749E+00    1.211103E-01  
  1.571400E+04    1.571400E+03    1.168923E+00    1.300761E+00    1.185593E-01  
  1.581400E+04    1.581400E+03    1.176362E+00    1.288821E+00    1.174710E-01  
  1.591400E+04    1.591400E+03    1.183801E+00    1.257777E+00    1.146414E-01  
  1.601400E+04    1.601400E+03    1.191240E+00    1.244076E+00    1.133927E-01  
  1.611400E+04    1.611400E+03    1.198678E+00    1.228392E+00    1.119631E-01  
  1.621400E+04    1.621400E+03    1.206117E+00    1.212314E+00    1.104977E-01  
  1.631400E+04    1.631400E+03    1.213556E+00    1.221231E+00    1.113105E-01  
  1.641400E+04    1.641400E+03    1.220995E+00    1.162359E+00    1.059445E-01  
  1.651400E+04    1.651400E+03    1.228433E+00    1.156205E+00    1.053836E-01  
  1.661400E+04    1.661400E+03    1.235872E+00    1.106811E+00    1.008815E-01  
  1.671400E+04    1.671400E+03    1.243311E+00    1.067438E+00    9.729278E-02  
  1.681400E+04    1.681400E+03    1.250749E+00    1.041817E+00    9.495758E-02  
  1.691400E+04    1.691400E+03    1.258188E+00    1.029769E+00    9.385946E-02  
  1.701400E+04    1.701400E+03    1.265627E+00    1.050449E+00    9.574433E-02  
  1.711400E+04    1.711400E+03    1.273066E+00    1.027969E+00    9.369533E-02  
  1.721400E+04    1.721400E+03    1.280504E+00    1.009572E+00    9.201860E-02  
  1.731400E+04    1.731400E+03    1.287943E+00    9.567156E-01    8.720090E-02  
  1.741400E+04    1.741400E+03    1.295382E+00    9.594524E-01    8.745036E-02  
  1.751400E+04    1.751400E+03    1.302821E+00    9.434380E-01    8.599070E-02  
  1.761400E+04    1.761400E+03    1.310259E+00    9.144717E-01    8.335053E-02  
  1.771400E+04    1.771400E+03    1.317698E+00    9.195647E-01    8.381475E-02  
  1.781400E+04    1.781400E+03    1.325137E+00    9.165476E-01    8.353974E-02  
  1.791400E+04    1.791400E+03    1.332576E+00    8.733692E-01    7.960421E-02  
  1.801400E+04    1.801400E+03    1.340014E+00    8.441268E-01    7.693887E-02  
  1.811400E+04    1.811400E+03    1.347453E+00    8.285527E-01    7.551936E-02  
  1.821400E+04    1.821400E+03    1.354892E+00    8.262126E-01    7.530606E-02  
  1.831400E+04    1.831400E+03    1.362331E+00    8.217449E-01    7.489885E-02  
  1.841400E+04    1.841400E+03    1.369769E+00    8.147572E-01    7.426195E-02  
  1.851400E+04    1.851400E+03    1.377208E+00    8.142063E-01    7.421173E-02  
  1.861400E+04    1.861400E+03    1.384647E+00    8.082528E-01    7.366910E-02  
  1.871400E+04    1.871400E+03    1.392086E+00    8.101835E-01    7.384507E-02  
  1.881400E+04    1.881400E+03    1.399524E+00    7.789832E-01    7.100129E-02  
  1.891400E+04    1.891400E+03    1.406963E+00    7.772845E-01    7.084646E-02  
  1.901400E+04    1.901400E+03    1.414402E+00    7.656203E-01    6.978331E-02  
  1.911400E+04    1.911400E+03    1.421840E+00    7.392448E-01    6.737929E-02  
  1.921400E+04    1.921400E+03    1.429279E+00    7.440869E-01    6.782062E-02  
  1.931400E+04    1.931400E+03    1.436718E+00    7.358717E-01    6.707184E-02  
  1.941400E+04    1.941400E+03    1.444157E+00    7.235499E-01    6.594876E-02  
  1.951400E+04    1.951400E+03    1.451595E+00    7.194614E-01    6.557611E-02  
  1.961400E+04    1.961400E+03    1.459034E+00    7.075989E-01    6.449488E-02  
  1.971400E+04    1.971400E+03    1.466473E+00    6.863222E-01    6.255559E-02  
  1.981400E+04    1.981400E+03    1.473912E+00    6.931476E-01    6.317770E-02  
  1.991400E+04    1.991400E+03    1.481350E+00    6.732483E-01    6.136396E-02  
  2.001400E+04    2.001400E+03    1.488789E+00    6.490029E-01    5.915409E-02  
  2.011400E+04    2.011400E+03    1.496228E+00    6.404784E-01    5.837711E-02  
  2.021400E+04    2.021400E+03    1.503667E+00    6.275750E-01    5.720102E-02  
  2.031400E+04    2.031400E+03    1.511105E+00    6.025518E-01    5.492025E-02  
  2.041400E+04    2.041400E+03    1.518544E+00    5.947799E-01    5.421188E-02  
  2.051400E+04    2.051400E+03    1.525983E+00    5.746709E-01    5.237901E-02  
  2.061400E+04    2.061400E+03    1.533422E+00    5.701490E-01    5.196687E-02  
  2.071400E+04    2.071400E+03    1.540860E+00    5.679051E-01    5.176234E-02  
  2.081400E+04    2.081400E+03    1.548299E+00    5.710612E-01    5.205000E-02  
  2.091400E+04    2.091400E+03    1.555738E+00    5.657652E-01    5.156730E-02  
  2.101400E+04    2.101400E+03    1.563177E+00    5.546110E-01    5.055064E-02  
  2.111400E+04    2.111400E+03    1.570615E+00    5.497442E-01    5.010704E-02  
  2.121400E+04    2.121400E+03    1.578054E+00    5.446574E-01    4.964340E-02  
  2.131400E+04    2.131400E+03    1.585493E+00    5.450724E-01    4.968123E-02  
  2.141400E+04    2.141400E+03    1.592931E+00    5.228820E-01    4.765866E-02  
  2.151400E+04    2.151400E+03    1.600370E+00    5.027181E-01    4.582080E-02  
  2.161400E+04    2.161400E+03    1.607809E+00    4.993017E-01    4.550941E-02  
  2.171400E+04    2.171400E+03    1.615248E+00    4.970429E-01    4.530353E-02  
  2.181400E+04    2.181400E+03    1.622686E+00    4.957774E-01    4.518818E-02  
  2.191400E+04    2.191400E+03    1.630125E+00    4.914609E-01    4.479475E-02  
  2.201400E+04    2.201400E+03    1.637564E+00    4.997289E-01    4.554834E-02  
  2.211400E+04    2.211400E+03    1.645003E+00    5.107999E-01    4.655742E-02  
  2.221400E+04    2.221400E+03    1.652441E+00    5.117186E-01    4.664115E-02  
  2.231400E+04    2.231400E+03    1.659880E+00    5.145250E-01    4.689695E-02  
  2.241400E+04    2.241400E+03    1.667319E+00    4.852807E-01    4.423144E-02  
  2.251400E+04    2.251400E+03    1.674758E+00    4.611636E-01    4.203327E-02  
  2.261400E+04    2.261400E+03    1.682196E+00    4.513975E-01    4.114313E-02  
  2.271400E+04    2.271400E+03    1.689635E+00    4.347638E-01    3.962703E-02  
  2.281400E+04    2.281400E+03    1.697074E+00    4.452604E-01    4.058375E-02  
  2.291400E+04    2.291400E+03    1.704513E+00    4.283648E-01    3.904379E-02  
  2.301400E+04    2.301400E+03    1.711951E+00    4.088853E-01    3.726830E-02  
  2.311400E+04    2.311400E+03    1.719390E+00    3.964334E-01    3.613337E-02  
  2.321400E+04    2.321400E+03    1.726829E+00    4.103760E-01    3.740417E-02  
  2.331400E+04    2.331400E+03    1.734268E+00    3.990255E-01    3.636962E-02  
  2.341400E+04    2.341400E+03    1.741706E+00    3.994172E-01    3.640532E-02  
  2.351400E+04    2.351400E+03    1.749145E+00    4.130483E-01    3.764775E-02  
  2.361400E+04    2.361400E+03    1.756584E+00    3.858969E-01    3.517300E-02  
  2.371400E+04    2.371400E+03    1.764022E+00    3.769964E-01    3.436176E-02  
  2.381400E+04    2.381400E+03    1.771461E+00    3.674164E-01    3.348858E-02  
  2.391400E+04    2.391400E+03    1.778900E+00    3.502615E-01    3.192497E-02  
  2.401400E+04    2.401400E+03    1.786339E+00    3.368977E-01    3.070691E-02  
  2.411400E+04    2.411400E+03    1.793777E+00    3.437435E-01    3.133089E-02  
  2.421400E+04    2.421400E+03    1.801216E+00    3.462982E-01    3.156373E-02  
  2.431400E+04    2.431400E+03    1.808655E+00    3.368769E-01    3.070502E-02  
  2.441400E+04    2.441400E+03    1.816094E+00    3.220674E-01    2.935519E-02  
  2.451400E+04    2.451400E+03    1.823532E+00    3.005207E-01    2.739129E-02  
  2.461400E+04    2.461400E+03    1.830971E+00    2.770870E-01    2.525540E-02  
  2.471400E+04    2.471400E+03    1.838410E+00    2.854785E-01    2.602025E-02  
  2.481400E+04    2.481400E+03    1.845849E+00    2.911994E-01    2.654169E-02  
  2.491400E+04    2.491400E+03    1.853287E+00    2.935772E-01    2.675842E-02  
  2.501400E+04    2.501400E+03    1.860726E+00    2.744525E-01    2.501527E-02  
  2.511400E+04    2.511400E+03    1.868165E+00    2.691832E-01    2.453500E-02  
  2.521400E+04    2.521400E+03    1.875604E+00    2.710259E-01    2.470295E-02  
  2.531400E+04    2.531400E+03    1.883042E+00    2.551622E-01    2.325704E-02  
  2.541400E+04    2.541400E+03    1.890481E+00    2.488235E-01    2.267930E-02  
  2.551400E+04    2.551400E+03    1.897920E+00    2.387920E-01    2.176497E-02  
  2.561400E+04    2.561400E+03    1.905358E+00    2.439162E-01    2.223201E-02  
  2.571400E+04    2.571400E+03    1.912797E+00    2.405318E-01    2.192353E-02  
  2.581400E+04    2.581400E+03    1.920236E+00    2.487034E-01    2.266835E-02  
  2.591400E+04    2.591400E+03    1.927675E+00    2.475237E-01    2.256082E-02  
  2.601400E+04    2.601400E+03    1.935113E+00    2.343902E-01    2.136375E-02  
  2.611400E+04    2.611400E+03    1.942552E+00    2.391148E-01    2.179438E-02  
  2.621400E+04    2.621400E+03    1.949991E+00    2.294930E-01    2.091739E-02  
  2.631400E+04    2.631400E+03    1.957430E+00    2.235520E-01    2.037589E-02  
  2.641400E+04    2.641400E+03    1.964868E+00    2.116036E-01    1.928684E-02  
  2.651400E+04    2.651400E+03    1.972307E+00    2.112743E-01    1.925683E-02  
  2.661400E+04    2.661400E+03    1.979746E+00    2.119039E-01    1.931421E-02  
  2.671400E+04    2.671400E+03    1.987185E+00    2.094773E-01    1.909304E-02  
  2.681400E+04    2.681400E+03    1.994623E+00    2.113463E-01    1.926339E-02  
  2.691400E+04    2.691400E+03    2.002062E+00    2.104096E-01    1.917802E-02  
  2.701400E+04    2.701400E+03    2.009501E+00    2.128608E-01    1.940144E-02  
  2.711400E+04    2.711400E+03    2.016940E+00    2.095119E-01    1.909619E-02  
  2.721400E+04    2.721400E+03    2.024378E+00    1.979064E-01    1.803839E-02  
  2.731400E+04    2.731400E+03    2.031817E+00    1.927497E-01    1.756838E-02  
  2.741400E+04    2.741400E+03    2.039256E+00    1.889242E-01    1.721971E-02  
  2.751400E+04    2.751400E+03    2.046695E+00    1.803766E-01    1.644062E-02  
  2.761400E+04    2.761400E+03    2.054133E+00    1.791619E-01    1.632991E-02  
  2.771400E+04    2.771400E+03    2.061572E+00    1.751553E-01    1.596472E-02  
  2.781400E+04    2.781400E+03    2.069011E+00    1.613738E-01    1.470859E-02  
  2.791400E+04    2.791400E+03    2.076449E+00    1.578951E-01    1.439153E-02  
  2.801400E+04    2.801400E+03    2.083888E+00    1.534596E-01    1.398724E-02  
  2.811400E+04    2.811400E+03    2.091327E+00    1.573590E-01    1.434266E-02  
  2.821400E+04    2.821400E+03    2.098766E+00    1.564232E-01    1.425737E-02  
  2.831400E+04    2.831400E+03    2.106204E+00    1.586199E-01    1.445759E-02  
  2.841400E+04    2.841400E+03    2.113643E+00    1.601991E-01    1.460153E-02  
  2.851400E+04    2.851400E+03    2.121082E+00    1.521079E-01    1.386405E-02  
  2.861400E+04    2.861400E+03    2.128521E+00    1.610716E-01    1.468105E-02  
  2.871400E+04    2.871400E+03    2.135959E+00    1.507878E-01    1.374372E-02  
  2.881400E+04    2.881400E+03    2.143398E+00    1.464004E-01    1.334382E-02  
  2.891400E+04    2.891400E+03    2.150837E+00    1.386598E-01    1.263830E-02  
  2.901400E+04    2.901400E+03    2.158276E+00    1.537434E-01    1.401311E-02  
  2.911400E+04    2.911400E+03    2.165714E+00    1.526039E-01    1.390925E-02  
  2.921400E+04    2.921400E+03    2.173153E+00    1.420235E-01    1.294489E-02  
  2.931400E+04    2.931400E+03    2.180592E+00    1.394619E-01    1.271141E-02  
  2.941400E+04    2.941400E+03    2.188031E+00    1.333492E-01    1.215426E-02  
  2.951400E+04    2.951400E+03    2.195469E+00    1.299126E-01    1.184103E-02  
  2.961400E+04    2.961400E+03    2.202908E+00    1.278028E-01    1.164872E-02  
  2.971400E+04    2.971400E+03    2.210347E+00    1.250422E-01    1.139711E-02  
  2.981400E+04    2.981400E+03    2.217786E+00    1.126913E-01    1.027137E-02  
  2.991400E+04    2.991400E+03    2.225224E+00    1.127850E-01    1.027992E-02  
  3.001400E+04    3.001400E+03    2.232663E+00    1.079785E-01    9.841816E-03  
  3.011400E+04    3.011400E+03    2.240102E+00    1.042290E-01    9.500071E-03  
  3.021400E+04    3.021400E+03    2.247540E+00    1.135094E-01    1.034594E-02  
  3.031400E+04    3.031400E+03    2.254979E+00    1.189403E-01    1.084094E-02  
  3.041400E+04    3.041400E+03    2.262418E+00    1.121717E-01    1.022401E-02  
  3.051400E+04    3.051400E+03    2.269857E+00    1.112811E-01    1.014284E-02  
  3.061400E+04    3.061400E+03    2.277295E+00    1.133254E-01    1.032917E-02  
  3.071400E+04    3.071400E+03    2.284734E+00    1.195533E-01    1.089682E-02  
  3.081400E+04    3.081400E+03    2.292173E+00    1.151602E-01    1.049641E-02  
  3.091400E+04    3.091400E+03    2.299612E+00    1.113479E-01    1.014893E-02  
  3.101400E+04    3.101400E+03    2.307050E+00    1.100800E-01    1.003337E-02  
  3.111400E+04    3.111400E+03    2.314489E+00    1.064766E-01    9.704932E-03  
  3.121400E+04    3.121400E+03    2.321928E+00    1.109529E-01    1.011292E-02  
  3.131400E+04    3.131400E+03    2.329367E+00    1.057595E-01    9.639570E-03  
  3.141400E+04    3.141400E+03    2.336805E+00    1.071812E-01    9.769152E-03  
  3.151400E+04    3.151400E+03    2.344244E+00    9.038962E-02    8.238663E-03  
  3.161400E+04    3.161400E+03    2.351683E+00    8.767543E-02    7.991274E-03  
  3.171400E+04    3.171400E+03    2.359122E+00    8.560257E-02    7.802341E-03  
  3.181400E+04    3.181400E+03    2.366560E+00    8.145199E-02    7.424032E-03  
  3.191400E+04    3.191400E+03    2.373999E+00    7.640676E-02    6.964178E-03  
  3.201400E+04    3.201400E+03    2.381438E+00    7.020676E-02    6.399073E-03  
  3.211400E+04    3.211400E+03    2.388876E+00    7.703411E-02    7.021360E-03  
  3.221400E+04    3.221400E+03    2.396315E+00    8.065399E-02    7.351298E-03  
  3.231400E+04    3.231400E+03    2.403754E+00    7.605866E-02    6.932451E-03  
  3.241400E+04    3.241400E+03    2.411193E+00    7.395365E-02    6.740588E-03  
  3.251400E+04    3.251400E+03    2.418631E+00    7.165066E-02    6.530679E-03  
  3.261400E+04    3.261400E+03    2.426070E+00    6.693292E-02    6.100675E-03  
  3.271400E+04    3.271400E+03    2.433509E+00    5.606992E-02    5.110555E-03  
  3.281400E+04    3.281400E+03    2.440948E+00    6.297521E-02    5.739946E-03  
  3.291400E+04    3.291400E+03    2.448386E+00    5.946930E-02    5.420395E-03  
  3.301400E+04    3.301400E+03    2.455825E+00    6.388517E-02    5.822885E-03  
  3.311400E+04    3.311400E+03    2.463264E+00    6.120612E-02    5.578699E-03  
  3.321400E+04    3.321400E+03    2.470703E+00    6.160447E-02    5.615007E-03  
  3.331400E+04    3.331400E+03    2.478141E+00    6.354948E-02    5.792288E-03  
  3.341400E+04    3.341400E+03    2.485580E+00    5.780165E-02    5.268395E-03  
  3.351400E+04    3.351400E+03    2.493019E+00    4.831374E-02    4.403609E-03  
  3.361400E+04    3.361400E+03    2.500458E+00    5.157649E-02    4.700996E-03  
  3.371400E+04    3.371400E+03    2.507896E+00    4.888100E-02    4.455313E-03  
  3.381400E+04    3.381400E+03    2.515335E+00    4.647955E-02    4.236430E-03  
  3.391400E+04    3.391400E+03    2.522774E+00    4.837499E-02    4.409192E-03  
  3.401400E+04    3.401400E+03    2.530213E+00    4.663888E-02    4.250952E-03  
  3.411400E+04    3.411400E+03    2.537651E+00    5.000954E-02    4.558175E-03  
  3.421400E+04    3.421400E+03    2.545090E+00    4.676961E-02    4.262868E-03  
  3.431400E+04    3.431400E+03    2.552529E+00    4.318985E-02    3.936587E-03  
  3.441400E+04    3.441400E+03    2.559967E+00    4.544576E-02    4.142204E-03  
  3.451400E+04    3.451400E+03    2.567406E+00    4.390800E-02    4.002044E-03  
  3.461400E+04    3.461400E+03    2.574845E+00    3.988904E-02    3.635731E-03  
  3.471400E+04    3.471400E+03    2.582284E+00    4.164858E-02    3.796106E-03  
  3.481400E+04    3.481400E+03    2.589722E+00    4.188778E-02    3.817908E-03  
  3.491400E+04    3.491400E+03    2.597161E+00    3.977022E-02    3.624901E-03  
  3.501400E+04    3.501400E+03    2.604600E+00    3.893732E-02    3.548986E-03  
  3.511400E+04    3.511400E+03    2.612039E+00    3.731588E-02    3.401198E-03  
  3.521400E+04    3.521400E+03    2.619477E+00    3.970170E-02    3.618656E-03  
  3.531400E+04    3.531400E+03    2.626916E+00    3.702893E-02    3.375043E-03  
  3.541400E+04    3.541400E+03    2.634355E+00    3.522578E-02    3.210693E-03  
  3.551400E+04    3.551400E+03    2.641794E+00    3.249665E-02    2.961943E-03  
  3.561400E+04    3.561400E+03    2.649232E+00    3.427532E-02    3.124062E-03  
  3.571400E+04    3.571400E+03    2.656671E+00    3.295626E-02    3.003835E-03  
  3.581400E+04    3.581400E+03    2.664110E+00    3.772088E-02    3.438112E-03  
  3.591400E+04    3.591400E+03    2.671549E+00    3.359434E-02    3.061993E-03  
  3.601400E+04    3.601400E+03    2.678987E+00    3.366129E-02    3.068095E-03  
  3.611400E+04    3.611400E+03    2.686426E+00    2.979531E-02    2.715727E-03  
  3.621400E+04    3.621400E+03    2.693865E+00    2.807086E-02    2.558550E-03  
  3.631400E+04    3.631400E+03    2.701304E+00    2.214928E-02    2.018820E-03  
  3.641400E+04    3.641400E+03    2.708742E+00    1.996268E-02    1.819521E-03  
  3.651400E+04    3.651400E+03    2.716181E+00    1.870340E-02    1.704742E-03  
  3.661400E+04    3.661400E+03    2.723620E+00    2.005886E-02    1.828287E-03  
  3.671400E+04    3.671400E+03    2.731058E+00    2.353816E-02    2.145412E-03  
  3.681400E+04    3.681400E+03    2.738497E+00    2.381871E-02    2.170983E-03  
  3.691400E+04    3.691400E+03    2.745936E+00    2.406886E-02    2.193783E-03  
  3.701400E+04    3.701400E+03    2.753375E+00    2.070017E-02    1.886740E-03  
  3.711400E+04    3.711400E+03    2.760813E+00    2.129258E-02    1.940736E-03  
  3.721400E+04    3.721400E+03    2.768252E+00    2.277843E-02    2.076165E-03  
  3.731400E+04    3.731400E+03    2.775691E+00    2.293063E-02    2.090038E-03  
  3.741400E+04    3.741400E+03    2.783130E+00    2.089136E-02    1.904166E-03  
  3.751400E+04    3.751400E+03    2.790568E+00    2.067385E-02    1.884341E-03  
  3.761400E+04    3.761400E+03    2.798007E+00    2.798984E-02    2.551165E-03  
  3.771400E+04    3.771400E+03    2.805446E+00    2.715921E-02    2.475457E-03  
  3.781400E+04    3.781400E+03    2.812885E+00    2.523955E-02    2.300486E-03  
  3.791400E+04    3.791400E+03    2.820323E+00    2.544912E-02    2.319588E-03  
  3.801400E+04    3.801400E+03    2.827762E+00    1.849780E-02    1.686003E-03  
  3.811400E+04    3.811400E+03    2.835201E+00    1.855315E-02    1.691047E-03  
  3.821400E+04    3.821400E+03    2.842640E+00    2.096747E-02    1.911103E-03  
  3.831400E+04    3.831400E+03    2.850078E+00    2.328960E-02    2.122757E-03  
  3.841400E+04    3.841400E+03    2.857517E+00    2.218759E-02    2.022312E-03  
  3.851400E+04    3.851400E+03    2.864956E+00    1.957897E-02    1.784547E-03  
  3.861400E+04    3.861400E+03    2.872394E+00    1.775790E-02    1.618563E-03  
  3.871400E+04    3.871400E+03    2.879833E+00    1.876181E-02    1.710066E-03  
  3.881400E+04    3.881400E+03    2.887272E+00    2.158297E-02    1.967204E-03  
  3.891400E+04    3.891400E+03    2.894711E+00    1.805433E-02    1.645582E-03  
  3.901400E+04    3.901400E+03    2.902149E+00    1.940453E-02    1.768647E-03  
  3.911400E+04    3.911400E+03    2.909588E+00    1.540174E-02    1.403809E-03  
  3.921400E+04    3.921400E+03    2.917027E+00    1.246830E-02    1.136437E-03  
  3.931400E+04    3.931400E+03    2.924466E+00    1.222716E-02    1.114458E-03  
  3.941400E+04    3.941400E+03    2.931904E+00    1.660963E-02    1.513903E-03  
  3.951400E+04    3.951400E+03    2.939343E+00    1.605797E-02    1.463621E-03  
  3.961400E+04    3.961400E+03    2.946782E+00    1.750764E-02    1.595754E-03  
  3.971400E+04    3.971400E+03    2.954221E+00    1.449433E-02    1.321102E-03  
  3.981400E+04    3.981400E+03    2.961659E+00    1.636163E-02    1.491299E-03  
  3.991400E+04    3.991400E+03    2.969098E+00    1.516059E-02    1.381829E-03  
  4.001400E+04    4.001400E+03    2.976537E+00    1.715990E-02    1.564058E-03  
  4.011400E+04    4.011400E+03    2.983976E+00    1.247144E-02    1.136724E-03  
  4.021400E+04    4.021400E+03    2.991414E+00    1.158732E-02    1.056139E-03  
  4.031400E+04    4.031400E+03    2.998853E+00    1.263710E-02    1.151823E-03  
  4.041400E+04    4.041400E+03    3.006292E+00    1.580879E-02    1.440910E-03  
  4.051400E+04    4.051400E+03    3.013731E+00    1.465282E-02    1.335548E-03  
  4.061400E+04    4.061400E+03    3.021169E+00    1.541763E-02    1.405257E-03  
  4.071400E+04    4.071400E+03    3.028608E+00    1.431506E-02    1.304762E-03  
  4.081400E+04    4.081400E+03    3.036047E+00    1.605545E-02    1.463391E-03  
  4.091400E+04    4.091400E+03    3.043485E+00    1.734587E-02    1.581009E-03  
  4.101400E+04    4.101400E+03    3.050924E+00    2.082917E-02    1.898498E-03  
  4.111400E+04    4.111400E+03    3.058363E+00    1.598644E-02    1.457101E-03  
  4.121400E+04    4.121400E+03    3.065802E+00    1.717836E-02    1.565741E-03  
  4.131400E+04    4.131400E+03    3.073240E+00    1.428074E-02    1.301634E-03  
  4.141400E+04    4.141400E+03    3.080679E+00    1.491399E-02    1.359352E-03  
  4.151400E+04    4.151400E+03    3.088118E+00    1.534818E-02    1.398927E-03  
  4.161400E+04    4.161400E+03    3.095557E+00    1.275404E-02    1.162481E-03  
  4.171400E+04    4.171400E+03    3.102995E+00    9.789957E-03    8.923165E-04  
  4.181400E+04    4.181400E+03    3.110434E+00    8.965551E-03    8.171750E-04  
  4.191400E+04    4.191400E+03    3.117873E+00    6.745910E-03    6.148634E-04  
  4.201400E+04    4.201400E+03    3.125312E+00    8.323247E-03    7.586315E-04  
  4.211400E+04    4.211400E+03    3.132750E+00    8.422507E-03    7.676787E-04  
  4.221400E+04    4.221400E+03    3.140189E+00    8.235221E-03    7.506083E-04  
  4.231400E+04    4.231400E+03    3.147628E+00    7.889591E-03    7.191055E-04  
  4.241400E+04    4.241400E+03    3.155067E+00    7.213295E-03    6.574638E-04  
  4.251400E+04    4.251400E+03    3.162505E+00    6.275027E-03    5.719443E-04  
  4.261400E+04    4.261400E+03    3.169944E+00    6.538459E-03    5.959551E-04  
  4.271400E+04    4.271400E+03    3.177383E+00    8.348346E-03    7.609192E-04  
  4.281400E+04    4.281400E+03    3.184822E+00    6.856449E-03    6.249387E-04  
  4.291400E+04    4.291400E+03    3.192260E+00    7.721668E-03    7.038000E-04  
  4.301400E+04    4.301400E+03    3.199699E+00    6.684062E-03    6.092263E-04  
  4.311400E+04    4.311400E+03    3.207138E+00    7.901431E-03    7.201847E-04  
  4.321400E+04    4.321400E+03    3.214576E+00    8.631369E-03    7.867157E-04  
  4.331400E+04    4.331400E+03    3.222015E+00    7.099743E-03    6.471139E-04  
  4.341400E+04    4.341400E+03    3.229454E+00    6.627824E-03    6.041004E-04  
  4.351400E+04    4.351400E+03    3.236893E+00    6.008535E-03    5.476546E-04  
  4.361400E+04    4.361400E+03    3.244331E+00    5.818236E-03    5.303095E-04  
  4.371400E+04    4.371400E+03    3.251770E+00    6.119486E-03    5.577674E-04  
  4.381400E+04    4.381400E+03    3.259209E+00    6.080316E-03    5.541972E-04  
  4.391400E+04    4.391400E+03    3.266648E+00    4.498425E-03    4.100140E-04  
  4.401400E+04    4.401400E+03    3.274086E+00    3.636553E-03    3.314576E-04  
  4.411400E+04    4.411400E+03    3.281525E+00    4.609888E-03    4.201734E-04  
  4.421400E+04    4.421400E+03    3.288964E+00    5.857639E-03    5.339010E-04  
  4.431400E+04    4.431400E+03    3.296403E+00    6.013187E-03    5.480786E-04  
  4.441400E+04    4.441400E+03    3.303841E+00    6.617356E-03    6.031462E-04  
  4.451400E+04    4.451400E+03    3.311280E+00    6.339139E-03    5.777878E-04  
  4.461400E+04    4.461400E+03    3.318719E+00    6.143693E-03    5.599737E-04  
  4.471400E+04    4.471400E+03    3.326158E+00    5.231621E-03    4.768419E-04  
  4.481400E+04    4.481400E+03    3.333596E+00    5.542882E-03    5.052121E-04  
  4.491400E+04    4.491400E+03    3.341035E+00    6.542745E-03    5.963457E-04  
  4.501400E+04    4.501400E+03    3.348474E+00    7.018996E-03    6.397542E-04  
  4.511400E+04    4.511400E+03    3.355913E+00    8.738809E-03    7.965084E-04  
  4.521400E+04    4.521400E+03    3.363351E+00    6.213125E-03    5.663022E-04  
  4.531400E+04    4.531400E+03    3.370790E+00    7.925641E-03    7.223913E-04  
  4.541400E+04    4.541400E+03    3.378229E+00    7.596825E-03    6.924210E-04  
  4.551400E+04    4.551400E+03    3.385667E+00    6.056882E-03    5.520612E-04  
  4.561400E+04    4.561400E+03    3.393106E+00    5.519943E-03    5.031214E-04  
  4.571400E+04    4.571400E+03    3.400545E+00    5.591235E-03    5.096193E-04  
  4.581400E+04    4.581400E+03    3.407984E+00    5.394188E-03    4.916592E-04  
  4.591400E+04    4.591400E+03    3.415422E+00    4.098928E-03    3.736013E-04  
  4.601400E+04    4.601400E+03    3.422861E+00    5.063266E-03    4.614970E-04  
  4.611400E+04    4.611400E+03    3.430300E+00    4.561637E-03    4.157754E-04  
  4.621400E+04    4.621400E+03    3.437739E+00    5.211457E-03    4.750040E-04  
  4.631400E+04    4.631400E+03    3.445177E+00    5.589739E-03    5.094829E-04  
  4.641400E+04    4.641400E+03    3.452616E+00    4.618980E-03    4.210021E-04  
  4.651400E+04    4.651400E+03    3.460055E+00    3.308387E-03    3.015466E-04  
  4.661400E+04    4.661400E+03    3.467494E+00    3.168299E-03    2.887781E-04  
  4.671400E+04    4.671400E+03    3.474932E+00    2.469610E-03    2.250954E-04  
  4.681400E+04    4.681400E+03    3.482371E+00    1.883329E-03    1.716581E-04  
  4.691400E+04    4.691400E+03    3.489810E+00    1.580284E-03    1.440368E-04  
  4.701400E+04    4.701400E+03    3.497249E+00    1.714790E-03    1.562964E-04  
  4.711400E+04    4.711400E+03    3.504687E+00    1.679614E-03    1.530903E-04  
  4.721400E+04    4.721400E+03    3.512126E+00    2.372950E-03    2.162852E-04  
  4.731400E+04    4.731400E+03    3.519565E+00    2.576266E-03    2.348166E-04  
  4.741400E+04    4.741400E+03    3.527003E+00    1.998162E-03    1.821247E-04  
  4.751400E+04    4.751400E+03    3.534442E+00    1.353977E-03    1.234098E-04  
  4.761400E+04    4.761400E+03    3.541881E+00    1.145654E-03    1.044219E-04  
  4.771400E+04    4.771400E+03    3.549320E+00    2.126974E-03    1.938654E-04  
  4.781400E+04    4.781400E+03    3.556758E+00    1.563190E-03    1.424787E-04  
  4.791400E+04    4.791400E+03    3.564197E+00    1.761872E-03    1.605877E-04  
  4.801400E+04    4.801400E+03    3.571636E+00    1.406482E-03    1.281954E-04  
  4.811400E+04    4.811400E+03    3.579075E+00    1.586454E-03    1.445991E-04  
  4.821400E+04    4.821400E+03    3.586513E+00    1.975816E-03    1.800880E-04  
  4.831400E+04    4.831400E+03    3.593952E+00    5.035387E-03    4.589559E-04  
  4.841400E+04    4.841400E+03    3.601391E+00    4.277099E-03    3.898409E-04  
  4.851400E+04    4.851400E+03    3.608830E+00    2.690970E-03    2.452714E-04  
  4.861400E+04    4.861400E+03    3.616268E+00    1.143108E-03    1.041898E-04  
  4.871400E+04    4.871400E+03    3.623707E+00    1.239984E-03    1.130198E-04  
  4.881400E+04    4.881400E+03    3.631146E+00    1.895089E-03    1.727299E-04  
  4.891400E+04    4.891400E+03    3.638585E+00    2.145994E-03    1.955990E-04  
  4.901400E+04    4.901400E+03    3.646023E+00    1.672908E-03    1.524790E-04  
  4.911400E+04    4.911400E+03    3.653462E+00    1.698265E-03    1.547902E-04  
  4.921400E+04    4.921400E+03    3.660901E+00    1.423361E-03    1.297338E-04  
  4.931400E+04    4.931400E+03    3.668340E+00    8.392162E-04    7.649130E-05  
  4.941400E+04    4.941400E+03    3.675778E+00    5.873428E-04    5.353401E-05  
  4.951400E+04    4.951400E+03    3.683217E+00    9.113172E-04    8.306301E-05  
  4.961400E+04    4.961400E+03    3.690656E+00    1.362803E-03    1.242142E-04  
  4.971400E+04    4.971400E+03    3.698094E+00    7.002950E-04    6.382916E-05  
  4.981400E+04    4.981400E+03    3.705533E+00    1.095635E-03    9.986291E-05  
  4.991400E+04    4.991400E+03    3.712972E+00    1.826411E-03    1.664702E-04  
  5.001400E+04    5.001400E+03    3.720411E+00    1.323233E-03    1.206076E-04  
  5.011400E+04    5.011400E+03    3.727849E+00    7.750470E-04    7.064252E-05  
  5.021400E+04    5.021400E+03    3.735288E+00    1.204582E-03    1.097930E-04  
  5.031400E+04    5.031400E+03    3.742727E+00    9.458185E-04    8.620767E-05  
  5.041400E+04    5.041400E+03    3.750166E+00    2.186321E-03    1.992747E-04  
  5.051400E+04    5.051400E+03    3.757604E+00    1.883509E-03    1.716745E-04  
  5.061400E+04    5.061400E+03    3.765043E+00    2.293939E-03    2.090836E-04  
  5.071400E+04    5.071400E+03    3.772482E+00    1.108573E-03    1.010421E-04  
  5.081400E+04    5.081400E+03    3.779921E+00    9.942660E-04    9.062348E-05  
  5.091400E+04    5.091400E+03    3.787359E+00    8.699268E-04    7.929044E-05  
  5.101400E+04    5.101400E+03    3.794798E+00    8.839137E-04    8.056530E-05  
  5.111400E+04    5.111400E+03    3.802237E+00    7.817977E-04    7.125781E-05  
  5.121400E+04    5.121400E+03    3.809676E+00    4.841234E-04    4.412596E-05  
  5.131400E+04    5.131400E+03    3.817114E+00    8.335244E-04    7.597250E-05  
  5.141400E+04    5.141400E+03    3.824553E+00    8.117881E-04    7.399133E-05  
  5.151400E+04    5.151400E+03    3.831992E+00    3.751534E-04    3.419378E-05  
  5.161400E+04    5.161400E+03    3.839431E+00    9.814369E-04    8.945415E-05  
  5.171400E+04    5.171400E+03    3.846869E+00    7.229869E-04    6.589745E-05  
  5.181400E+04    5.181400E+03    3.854308E+00    8.832922E-04    8.050865E-05  
  5.191400E+04    5.191400E+03    3.861747E+00    6.709781E-04    6.115704E-05  
  5.201400E+04    5.201400E+03    3.869185E+00    1.943095E-04    1.771055E-05  
  5.211400E+04    5.211400E+03    3.876624E+00    1.776839E-04    1.619519E-05  
  5.221400E+04    5.221400E+03    3.884063E+00    2.351442E-04    2.143248E-05  
  5.231400E+04    5.231400E+03    3.891502E+00    2.384971E-04    2.173808E-05  
  5.241400E+04    5.241400E+03    3.898940E+00    2.633888E-04    2.400686E-05  
  5.251400E+04    5.251400E+03    3.906379E+00    3.865031E-04    3.522825E-05  
  5.261400E+04    5.261400E+03    3.913818E+00    2.518033E-04    2.295089E-05  
  5.271400E+04    5.271400E+03    3.921257E+00    8.443910E-04    7.696295E-05  
  5.281400E+04    5.281400E+03    3.928695E+00    6.047740E-04    5.512280E-05  
  5.291400E+04    5.291400E+03    3.936134E+00    3.516340E-04    3.205007E-05  
  5.301400E+04    5.301400E+03    3.943573E+00    1.259378E-04    1.147874E-05  
  5.311400E+04    5.311400E+03    3.951012E+00    2.645506E-04    2.411276E-05  
  5.321400E+04    5.321400E+03    3.958450E+00    2.711893E-04    2.471785E-05  
  5.331400E+04    5.331400E+03    3.965889E+00    2.090481E-04    1.905392E-05  
  5.341400E+04    5.341400E+03    3.973328E+00    1.533378E-04    1.397615E-05  
  5.351400E+04    5.351400E+03    3.980767E+00    1.915279E-04    1.745702E-05  
  5.361400E+04    5.361400E+03    3.988205E+00    2.661774E-04    2.426104E-05  
  5.371400E+04    5.371400E+03    3.995644E+00    4.271636E-04    3.893430E-05  
  5.381400E+04    5.381400E+03    4.003083E+00    3.015557E-04    2.748562E-05  
  5.391400E+04    5.391400E+03    4.010521E+00    4.469247E-04    4.073544E-05  
