 Program bfbm2
 average displacement of reflected FBM
 STEPSIG=   1.0000000000000000     
 GAMMMA=  0.20000000000000001     
 BRANCHPROB=   1.0000000000000000E-003
 DEATHPROB=   9.7000000000000005E-004
 MEMORY=NONE
 NT=        16384
 L=   1061.0000000000000     
 IRINIT=          43
 NCONF=       99840
 ==================================
     time  configs     <nwalker>    std.dev.nw           <r>         <r^2>     std.dev.r   std.dev.r^2
        1    99840  0.100000E+01  0.000000E+00  0.460489E-02  0.993820E+00  0.315498E-02  0.446491E-02
        2    99715  0.100082E+01  0.286647E-01  0.686084E-02  0.344876E+01  0.588096E-02  0.154573E-01
        3    99626  0.100174E+01  0.418755E-01  0.988278E-02  0.714504E+01  0.846863E-02  0.320184E-01
        4    99520  0.100262E+01  0.513401E-01  0.119133E-01  0.119843E+02  0.109736E-01  0.537636E-01
        5    99422  0.100367E+01  0.606453E-01  0.131575E-01  0.178795E+02  0.134102E-01  0.801764E-01
        6    99326  0.100471E+01  0.686272E-01  0.141471E-01  0.248076E+02  0.158037E-01  0.111241E+00
        7    99236  0.100582E+01  0.762281E-01  0.123868E-01  0.327008E+02  0.181528E-01  0.146860E+00
        8    99146  0.100681E+01  0.825973E-01  0.112189E-01  0.415099E+02  0.204615E-01  0.186721E+00
        9    99059  0.100780E+01  0.883352E-01  0.149996E-01  0.512601E+02  0.227479E-01  0.230739E+00
       10    98961  0.100887E+01  0.942035E-01  0.180824E-01  0.619961E+02  0.250293E-01  0.279490E+00
       11    98867  0.101002E+01  0.100222E+00  0.248447E-01  0.736036E+02  0.272849E-01  0.332533E+00
       12    98762  0.101089E+01  0.104683E+00  0.284018E-01  0.860666E+02  0.295203E-01  0.389057E+00
       13    98675  0.101196E+01  0.109996E+00  0.294578E-01  0.993808E+02  0.317355E-01  0.449667E+00
       14    98572  0.101310E+01  0.115109E+00  0.302407E-01  0.113575E+03  0.339440E-01  0.513859E+00
       15    98462  0.101414E+01  0.119511E+00  0.326530E-01  0.128623E+03  0.361430E-01  0.582431E+00
       16    98374  0.101515E+01  0.123624E+00  0.372335E-01  0.144449E+03  0.383191E-01  0.654301E+00
       17    98275  0.101614E+01  0.127772E+00  0.427854E-01  0.161039E+03  0.404801E-01  0.729352E+00
       18    98179  0.101708E+01  0.131447E+00  0.467681E-01  0.178550E+03  0.426449E-01  0.809048E+00
       19    98099  0.101794E+01  0.134719E+00  0.478114E-01  0.196707E+03  0.447790E-01  0.891872E+00
       20    98016  0.101898E+01  0.138446E+00  0.454458E-01  0.215758E+03  0.469173E-01  0.978343E+00
       21    97918  0.101975E+01  0.141401E+00  0.469689E-01  0.235426E+03  0.490336E-01  0.106821E+01
       22    97830  0.102086E+01  0.145195E+00  0.481846E-01  0.255962E+03  0.511505E-01  0.116178E+01
       23    97739  0.102165E+01  0.147907E+00  0.505987E-01  0.277263E+03  0.532610E-01  0.125971E+01
       24    97633  0.102272E+01  0.151659E+00  0.484125E-01  0.299329E+03  0.553699E-01  0.136061E+01
       25    97536  0.102367E+01  0.154836E+00  0.440674E-01  0.322153E+03  0.574708E-01  0.146507E+01
       26    97433  0.102446E+01  0.157362E+00  0.444282E-01  0.345741E+03  0.595691E-01  0.157325E+01
       27    97350  0.102559E+01  0.161187E+00  0.467890E-01  0.370014E+03  0.616510E-01  0.168472E+01
       28    97252  0.102654E+01  0.164276E+00  0.519376E-01  0.394909E+03  0.637233E-01  0.179839E+01
       29    97145  0.102771E+01  0.167987E+00  0.492064E-01  0.420614E+03  0.658007E-01  0.191669E+01
       30    97054  0.102857E+01  0.170814E+00  0.520557E-01  0.447025E+03  0.678669E-01  0.203797E+01
       31    96960  0.102957E+01  0.173901E+00  0.494193E-01  0.474104E+03  0.699261E-01  0.216241E+01
       32    96860  0.103061E+01  0.176992E+00  0.457261E-01  0.501836E+03  0.719793E-01  0.229007E+01
       33    96775  0.103159E+01  0.179912E+00  0.459864E-01  0.530160E+03  0.740152E-01  0.242060E+01
       34    96685  0.103256E+01  0.182650E+00  0.424283E-01  0.559210E+03  0.760514E-01  0.255473E+01
       35    96596  0.103350E+01  0.185101E+00  0.427023E-01  0.588974E+03  0.780850E-01  0.269169E+01
       36    96499  0.103446E+01  0.187994E+00  0.439894E-01  0.619612E+03  0.801305E-01  0.283352E+01
       37    96390  0.103516E+01  0.190059E+00  0.470731E-01  0.650778E+03  0.821674E-01  0.297861E+01
       38    96317  0.103608E+01  0.192890E+00  0.451188E-01  0.682771E+03  0.841948E-01  0.312603E+01
       39    96225  0.103707E+01  0.195527E+00  0.510693E-01  0.715598E+03  0.862362E-01  0.327686E+01
       40    96133  0.103790E+01  0.197899E+00  0.495669E-01  0.748939E+03  0.882645E-01  0.343147E+01
       42    95961  0.104002E+01  0.203663E+00  0.553853E-01  0.817631E+03  0.923061E-01  0.374838E+01
       44    95779  0.104190E+01  0.208378E+00  0.539128E-01  0.888802E+03  0.963311E-01  0.407781E+01
       46    95609  0.104387E+01  0.213450E+00  0.543239E-01  0.962905E+03  0.100356E+00  0.441989E+01
       48    95440  0.104576E+01  0.218468E+00  0.588515E-01  0.103934E+04  0.104355E+00  0.477456E+01
       50    95275  0.104779E+01  0.223458E+00  0.575277E-01  0.111786E+04  0.108319E+00  0.513751E+01
       52    95078  0.104994E+01  0.228377E+00  0.618885E-01  0.119868E+04  0.112282E+00  0.551118E+01
       54    94888  0.105189E+01  0.232527E+00  0.559639E-01  0.128186E+04  0.116229E+00  0.589269E+01
       56    94734  0.105375E+01  0.236893E+00  0.629790E-01  0.136703E+04  0.120125E+00  0.628690E+01
       58    94562  0.105561E+01  0.241094E+00  0.636046E-01  0.145467E+04  0.124029E+00  0.669471E+01
       60    94377  0.105733E+01  0.245341E+00  0.683592E-01  0.154433E+04  0.127919E+00  0.711414E+01
       63    94114  0.106041E+01  0.252484E+00  0.680329E-01  0.168406E+04  0.133768E+00  0.777102E+01
       66    93828  0.106374E+01  0.259692E+00  0.696876E-01  0.182837E+04  0.139594E+00  0.844704E+01
       69    93572  0.106672E+01  0.266556E+00  0.847404E-01  0.197842E+04  0.145407E+00  0.914711E+01
       72    93315  0.106974E+01  0.272989E+00  0.979287E-01  0.213403E+04  0.151225E+00  0.988148E+01
       75    93052  0.107306E+01  0.280078E+00  0.105118E+00  0.229481E+04  0.157040E+00  0.106426E+02
       78    92826  0.107569E+01  0.285574E+00  0.106605E+00  0.245942E+04  0.162772E+00  0.114196E+02
       81    92582  0.107831E+01  0.291229E+00  0.106308E+00  0.263002E+04  0.168545E+00  0.122292E+02
       85    92267  0.108240E+01  0.299538E+00  0.119005E+00  0.286350E+04  0.176167E+00  0.133336E+02
       89    91921  0.108599E+01  0.306910E+00  0.161512E+00  0.310639E+04  0.183831E+00  0.144862E+02
       93    91622  0.108972E+01  0.313739E+00  0.174054E+00  0.335647E+04  0.191399E+00  0.156775E+02
       97    91295  0.109398E+01  0.321111E+00  0.186395E+00  0.361642E+04  0.199028E+00  0.169166E+02
      101    90991  0.109773E+01  0.327810E+00  0.221278E+00  0.388653E+04  0.206671E+00  0.182127E+02
      106    90599  0.110280E+01  0.336857E+00  0.236655E+00  0.423329E+04  0.216160E+00  0.198726E+02
      111    90165  0.110750E+01  0.345114E+00  0.249973E+00  0.459101E+04  0.225648E+00  0.216109E+02
      116    89781  0.111222E+01  0.353928E+00  0.259642E+00  0.496070E+04  0.235059E+00  0.234053E+02
      121    89384  0.111792E+01  0.363694E+00  0.293917E+00  0.534186E+04  0.244463E+00  0.252459E+02
      127    88928  0.112447E+01  0.374576E+00  0.288077E+00  0.581080E+04  0.255620E+00  0.275331E+02
      133    88479  0.113027E+01  0.383967E+00  0.286303E+00  0.630169E+04  0.266874E+00  0.299493E+02
      139    88042  0.113621E+01  0.393471E+00  0.286149E+00  0.680554E+04  0.278025E+00  0.324338E+02
      145    87606  0.114194E+01  0.402404E+00  0.284220E+00  0.732624E+04  0.289182E+00  0.350060E+02
      152    87107  0.114884E+01  0.412688E+00  0.314847E+00  0.796001E+04  0.302293E+00  0.381535E+02
      159    86604  0.115571E+01  0.423754E+00  0.320533E+00  0.861431E+04  0.315383E+00  0.413892E+02
      166    86082  0.116284E+01  0.435139E+00  0.329979E+00  0.929207E+04  0.328547E+00  0.447707E+02
      174    85523  0.117049E+01  0.447010E+00  0.379247E+00  0.100884E+05  0.343452E+00  0.487672E+02
      182    85007  0.117893E+01  0.459527E+00  0.391347E+00  0.109029E+05  0.358131E+00  0.529083E+02
      191    84407  0.118801E+01  0.472915E+00  0.428823E+00  0.118538E+05  0.374746E+00  0.577186E+02
      200    83807  0.119718E+01  0.485628E+00  0.378996E+00  0.128436E+05  0.391472E+00  0.627624E+02
      210    83120  0.120722E+01  0.500612E+00  0.395972E+00  0.139686E+05  0.409940E+00  0.685631E+02
      220    82458  0.121766E+01  0.515300E+00  0.402264E+00  0.151286E+05  0.428333E+00  0.745445E+02
      231    81765  0.122922E+01  0.531983E+00  0.371694E+00  0.164713E+05  0.448826E+00  0.815148E+02
      242    81017  0.124044E+01  0.546900E+00  0.348685E+00  0.178350E+05  0.469188E+00  0.885998E+02
      254    80272  0.125224E+01  0.563452E+00  0.345079E+00  0.193691E+05  0.491214E+00  0.965535E+02
      266    79598  0.126394E+01  0.579167E+00  0.472635E+00  0.209556E+05  0.513094E+00  0.104787E+03
      279    78797  0.127769E+01  0.597584E+00  0.582731E+00  0.227277E+05  0.537056E+00  0.114059E+03
      292    78007  0.129056E+01  0.614603E+00  0.707517E+00  0.245479E+05  0.560965E+00  0.123522E+03
      306    77251  0.130481E+01  0.632713E+00  0.741118E+00  0.265647E+05  0.586402E+00  0.133796E+03
      321    76401  0.131975E+01  0.651794E+00  0.905773E+00  0.287924E+05  0.613880E+00  0.144953E+03
      337    75493  0.133603E+01  0.672376E+00  0.107683E+01  0.311899E+05  0.642755E+00  0.156865E+03
      353    74661  0.135203E+01  0.691110E+00  0.119888E+01  0.336325E+05  0.671156E+00  0.168521E+03
      370    73755  0.136887E+01  0.711399E+00  0.125759E+01  0.362612E+05  0.701158E+00  0.180675E+03
      388    72821  0.138698E+01  0.734470E+00  0.135657E+01  0.390873E+05  0.732621E+00  0.193491E+03
      407    71843  0.140595E+01  0.757843E+00  0.131413E+01  0.420382E+05  0.764929E+00  0.206654E+03
      427    70852  0.142593E+01  0.782817E+00  0.129900E+01  0.451748E+05  0.798479E+00  0.220515E+03
      448    69841  0.144813E+01  0.809201E+00  0.128048E+01  0.484674E+05  0.833033E+00  0.234359E+03
      470    68830  0.147042E+01  0.834541E+00  0.159777E+01  0.519140E+05  0.868446E+00  0.248498E+03
      493    67756  0.149337E+01  0.860529E+00  0.186179E+01  0.554584E+05  0.904682E+00  0.262421E+03
      517    66748  0.151813E+01  0.889882E+00  0.192613E+01  0.590825E+05  0.940799E+00  0.275811E+03
      542    65725  0.154407E+01  0.919007E+00  0.195972E+01  0.627868E+05  0.977363E+00  0.288924E+03
      569    64590  0.157351E+01  0.952588E+00  0.216719E+01  0.666974E+05  0.101615E+01  0.302233E+03
      597    63474  0.160272E+01  0.985214E+00  0.209138E+01  0.705632E+05  0.105433E+01  0.315133E+03
      626    62363  0.163291E+01  0.101864E+01  0.210656E+01  0.745506E+05  0.109332E+01  0.327677E+03
      657    61236  0.166430E+01  0.105391E+01  0.211714E+01  0.784278E+05  0.113167E+01  0.339326E+03
      689    60114  0.169601E+01  0.109094E+01  0.210485E+01  0.823159E+05  0.117015E+01  0.350632E+03
      723    58975  0.172936E+01  0.112845E+01  0.175040E+01  0.863637E+05  0.121011E+01  0.361772E+03
      759    57813  0.176666E+01  0.116652E+01  0.164294E+01  0.904742E+05  0.125096E+01  0.372556E+03
      796    56705  0.180397E+01  0.120956E+01  0.157509E+01  0.944248E+05  0.129041E+01  0.382720E+03
      835    55543  0.184517E+01  0.124889E+01  0.152688E+01  0.983567E+05  0.133071E+01  0.392216E+03
      876    54381  0.188965E+01  0.129886E+01  0.151659E+01  0.102237E+06  0.137112E+01  0.401028E+03
      919    53229  0.193447E+01  0.134579E+01  0.126868E+01  0.105958E+06  0.141087E+01  0.409314E+03
      964    52038  0.197861E+01  0.139503E+01  0.768271E+00  0.109768E+06  0.145237E+01  0.417038E+03
     1012    50894  0.202411E+01  0.145117E+01  0.784239E+00  0.113539E+06  0.149361E+01  0.423850E+03
     1062    49660  0.207628E+01  0.150650E+01  0.643419E+00  0.117057E+06  0.153530E+01  0.430220E+03
     1115    48436  0.213147E+01  0.156377E+01  0.480452E+00  0.120395E+06  0.157659E+01  0.436435E+03
     1170    47254  0.218955E+01  0.161931E+01  0.525139E+00  0.123549E+06  0.161696E+01  0.441697E+03
     1228    46109  0.224594E+01  0.167446E+01  0.769892E+00  0.126776E+06  0.165815E+01  0.446237E+03
     1289    44866  0.231367E+01  0.174139E+01  0.130377E+01  0.129829E+06  0.170108E+01  0.450817E+03
     1353    43703  0.237652E+01  0.180532E+01  0.154637E+01  0.132634E+06  0.174208E+01  0.454692E+03
     1420    42547  0.244431E+01  0.187447E+01  0.209029E+01  0.135476E+06  0.178439E+01  0.457902E+03
     1491    41393  0.251378E+01  0.194671E+01  0.219920E+01  0.138019E+06  0.182599E+01  0.460776E+03
     1565    40246  0.259203E+01  0.202846E+01  0.271645E+01  0.140051E+06  0.186539E+01  0.463839E+03
     1643    39084  0.267168E+01  0.211733E+01  0.287160E+01  0.142176E+06  0.190722E+01  0.467617E+03
     1725    37936  0.275786E+01  0.220134E+01  0.289393E+01  0.143604E+06  0.194556E+01  0.470467E+03
     1811    36797  0.284991E+01  0.229027E+01  0.246432E+01  0.145093E+06  0.198567E+01  0.473283E+03
     1901    35691  0.295167E+01  0.239301E+01  0.263181E+01  0.146401E+06  0.202527E+01  0.475747E+03
     1996    34636  0.305359E+01  0.249919E+01  0.193917E+01  0.147587E+06  0.206421E+01  0.478072E+03
     2095    33535  0.315858E+01  0.260170E+01  0.253667E+01  0.148420E+06  0.210372E+01  0.480223E+03
     2199    32573  0.326620E+01  0.271701E+01  0.261516E+01  0.149508E+06  0.214236E+01  0.482474E+03
     2308    31498  0.337948E+01  0.282576E+01  0.310954E+01  0.150305E+06  0.218440E+01  0.485410E+03
     2423    30458  0.351366E+01  0.296166E+01  0.344970E+01  0.151070E+06  0.222700E+01  0.488894E+03
     2544    29474  0.364080E+01  0.309038E+01  0.242384E+01  0.151571E+06  0.226767E+01  0.490126E+03
     2671    28520  0.377514E+01  0.323807E+01  0.216093E+01  0.152044E+06  0.230889E+01  0.492650E+03
     2804    27636  0.391732E+01  0.337926E+01  0.240883E+01  0.152114E+06  0.234606E+01  0.494722E+03
     2944    26669  0.407829E+01  0.353039E+01  0.222312E+01  0.152187E+06  0.238879E+01  0.496583E+03
     3091    25810  0.420426E+01  0.366562E+01  0.107135E+01  0.151966E+06  0.242648E+01  0.499988E+03
     3245    24931  0.436713E+01  0.384409E+01  0.401458E+00  0.152075E+06  0.246978E+01  0.504128E+03
     3407    24067  0.455865E+01  0.402911E+01  0.134188E+01  0.152376E+06  0.251620E+01  0.508221E+03
     3577    23284  0.473523E+01  0.422368E+01  0.198674E+01  0.151716E+06  0.255259E+01  0.508669E+03
     3755    22491  0.492068E+01  0.442817E+01  0.253911E+01  0.151459E+06  0.259498E+01  0.513247E+03
     3942    21699  0.512816E+01  0.464940E+01  0.226454E+01  0.151024E+06  0.263813E+01  0.518151E+03
     4139    20940  0.535143E+01  0.487101E+01  0.162426E+01  0.151102E+06  0.268623E+01  0.522861E+03
     4345    20182  0.557323E+01  0.509682E+01  0.214599E+01  0.151819E+06  0.274267E+01  0.525233E+03
     4562    19467  0.583141E+01  0.538676E+01  0.431471E+01  0.151902E+06  0.279322E+01  0.525542E+03
     4790    18809  0.607422E+01  0.564078E+01  0.400968E+01  0.151867E+06  0.284136E+01  0.529814E+03
     5029    18141  0.634171E+01  0.588450E+01  0.388604E+01  0.151352E+06  0.288830E+01  0.531519E+03
     5280    17474  0.661646E+01  0.617946E+01  0.546451E+01  0.151125E+06  0.294055E+01  0.536909E+03
     5544    16808  0.693836E+01  0.653216E+01  0.496875E+01  0.151196E+06  0.299900E+01  0.538286E+03
     5821    16212  0.725728E+01  0.682984E+01  0.417648E+01  0.151113E+06  0.305286E+01  0.542968E+03
     6112    15587  0.760717E+01  0.718491E+01  0.262611E+01  0.150184E+06  0.310399E+01  0.543945E+03
     6417    14979  0.798244E+01  0.757967E+01  0.275369E+01  0.150117E+06  0.316565E+01  0.543090E+03
     6737    14407  0.837975E+01  0.792512E+01  0.275193E+01  0.149849E+06  0.322500E+01  0.546178E+03
     7073    13887  0.878404E+01  0.833518E+01  0.247084E+01  0.150090E+06  0.328748E+01  0.551957E+03
     7426    13349  0.923567E+01  0.875676E+01  0.310418E+01  0.149870E+06  0.335057E+01  0.551456E+03
     7797    12830  0.971278E+01  0.925092E+01  0.288025E+01  0.150137E+06  0.342072E+01  0.557079E+03
     8186    12369  0.101838E+02  0.976139E+01  0.247687E+01  0.150645E+06  0.348981E+01  0.557771E+03
     8595    11921  0.106685E+02  0.102307E+02  0.312301E+01  0.150409E+06  0.355195E+01  0.557971E+03
     9024    11484  0.111870E+02  0.108178E+02  0.316344E+01  0.150844E+06  0.362412E+01  0.562298E+03
     9475    11020  0.118624E+02  0.115096E+02  0.252302E+01  0.151140E+06  0.370331E+01  0.566455E+03
     9948    10622  0.124542E+02  0.120631E+02  0.250959E+01  0.150665E+06  0.376612E+01  0.558984E+03
    10445    10209  0.131596E+02  0.127645E+02  0.402442E+01  0.150369E+06  0.383764E+01  0.562446E+03
    10967     9839  0.139282E+02  0.135818E+02  0.449016E+01  0.150443E+06  0.391004E+01  0.558919E+03
    11515     9468  0.147051E+02  0.143630E+02  0.218508E+01  0.149908E+06  0.397903E+01  0.566450E+03
    12090     9114  0.154670E+02  0.151251E+02  0.231260E+01  0.149436E+06  0.404916E+01  0.570946E+03
    12694     8780  0.162933E+02  0.160235E+02  0.378527E+01  0.149244E+06  0.412269E+01  0.567684E+03
    13328     8448  0.172326E+02  0.170297E+02  0.119305E+01  0.149398E+06  0.420526E+01  0.567164E+03
    13994     8132  0.182538E+02  0.179139E+02 -0.840896E+00  0.149665E+06  0.429003E+01  0.564150E+03
    14693     7833  0.193411E+02  0.188483E+02 -0.360875E+01  0.149830E+06  0.437337E+01  0.569161E+03
    15427     7563  0.205112E+02  0.200420E+02 -0.693902E+00  0.148989E+06  0.443843E+01  0.568166E+03
    16198     7257  0.219150E+02  0.213728E+02  0.707685E+00  0.149375E+06  0.453691E+01  0.571077E+03
    16384     7197  0.221965E+02  0.217231E+02  0.709865E+00  0.149047E+06  0.455077E+01  0.575692E+03
