 Program bfbm2
 Density distribution between NTSTART and NTEND
 GAMMMA=  0.20000000000000001     
 BRANCHPROB=   1.0000000000000000E-003
 DEATHPROB=   9.7000000000000005E-004
 MEMORY=NONE
 NT=        16384
 NTSTART=        13107
 NTEND=        16384
 L=   1061.0000000000000     
 IRINIT=          43
 NCONF=       99840
 ==================================
    ibin    x=(L/2*ibin)/NBIN  x/L   P(x)  P(x)*L  P(|x|)   L/2-x 
    -500  -0.530500E+03  -0.500000E+00   0.640582E-01   0.679658E+02   0.643548E-01   0.106100E+04
    -499  -0.529439E+03  -0.499000E+00   0.174198E-01   0.184824E+02   0.175099E-01   0.105994E+04
    -498  -0.528378E+03  -0.498000E+00   0.646252E-02   0.685674E+01   0.649327E-02   0.105888E+04
    -497  -0.527317E+03  -0.497000E+00   0.461794E-02   0.489963E+01   0.464543E-02   0.105782E+04
    -496  -0.526256E+03  -0.496000E+00   0.373441E-02   0.396221E+01   0.375139E-02   0.105676E+04
    -495  -0.525195E+03  -0.495000E+00   0.318858E-02   0.338308E+01   0.320472E-02   0.105570E+04
    -494  -0.524134E+03  -0.494000E+00   0.281508E-02   0.298680E+01   0.283058E-02   0.105463E+04
    -493  -0.523073E+03  -0.493000E+00   0.253772E-02   0.269252E+01   0.255873E-02   0.105357E+04
    -492  -0.522012E+03  -0.492000E+00   0.233568E-02   0.247816E+01   0.234928E-02   0.105251E+04
    -491  -0.520951E+03  -0.491000E+00   0.216525E-02   0.229733E+01   0.218043E-02   0.105145E+04
    -490  -0.519890E+03  -0.490000E+00   0.203832E-02   0.216265E+01   0.205019E-02   0.105039E+04
    -489  -0.518829E+03  -0.489000E+00   0.192589E-02   0.204337E+01   0.193659E-02   0.104933E+04
    -488  -0.517768E+03  -0.488000E+00   0.182726E-02   0.193873E+01   0.183905E-02   0.104827E+04
    -487  -0.516707E+03  -0.487000E+00   0.174411E-02   0.185050E+01   0.175958E-02   0.104721E+04
    -486  -0.515646E+03  -0.486000E+00   0.168251E-02   0.178514E+01   0.169102E-02   0.104615E+04
    -485  -0.514585E+03  -0.485000E+00   0.162099E-02   0.171987E+01   0.163021E-02   0.104509E+04
    -484  -0.513524E+03  -0.484000E+00   0.156574E-02   0.166125E+01   0.157444E-02   0.104402E+04
    -483  -0.512463E+03  -0.483000E+00   0.151902E-02   0.161168E+01   0.152422E-02   0.104296E+04
    -482  -0.511402E+03  -0.482000E+00   0.147313E-02   0.156299E+01   0.148027E-02   0.104190E+04
    -481  -0.510341E+03  -0.481000E+00   0.143654E-02   0.152417E+01   0.144263E-02   0.104084E+04
    -480  -0.509280E+03  -0.480000E+00   0.140022E-02   0.148564E+01   0.140429E-02   0.103978E+04
    -479  -0.508219E+03  -0.479000E+00   0.136367E-02   0.144685E+01   0.136802E-02   0.103872E+04
    -478  -0.507158E+03  -0.478000E+00   0.133228E-02   0.141355E+01   0.133730E-02   0.103766E+04
    -477  -0.506097E+03  -0.477000E+00   0.130637E-02   0.138606E+01   0.130962E-02   0.103660E+04
    -476  -0.505036E+03  -0.476000E+00   0.127938E-02   0.135742E+01   0.128267E-02   0.103554E+04
    -475  -0.503975E+03  -0.475000E+00   0.125339E-02   0.132985E+01   0.125836E-02   0.103447E+04
    -474  -0.502914E+03  -0.474000E+00   0.123531E-02   0.131067E+01   0.123867E-02   0.103341E+04
    -473  -0.501853E+03  -0.473000E+00   0.121155E-02   0.128545E+01   0.121645E-02   0.103235E+04
    -472  -0.500792E+03  -0.472000E+00   0.119275E-02   0.126551E+01   0.119615E-02   0.103129E+04
    -471  -0.499731E+03  -0.471000E+00   0.117464E-02   0.124630E+01   0.117786E-02   0.103023E+04
    -470  -0.498670E+03  -0.470000E+00   0.116091E-02   0.123173E+01   0.116236E-02   0.102917E+04
    -469  -0.497609E+03  -0.469000E+00   0.114006E-02   0.120961E+01   0.114341E-02   0.102811E+04
    -468  -0.496548E+03  -0.468000E+00   0.112537E-02   0.119402E+01   0.112753E-02   0.102705E+04
    -467  -0.495487E+03  -0.467000E+00   0.111338E-02   0.118129E+01   0.111429E-02   0.102599E+04
    -466  -0.494426E+03  -0.466000E+00   0.109812E-02   0.116510E+01   0.110136E-02   0.102493E+04
    -465  -0.493365E+03  -0.465000E+00   0.108622E-02   0.115248E+01   0.108974E-02   0.102387E+04
    -464  -0.492304E+03  -0.464000E+00   0.107080E-02   0.113612E+01   0.107582E-02   0.102280E+04
    -463  -0.491243E+03  -0.463000E+00   0.105987E-02   0.112453E+01   0.106547E-02   0.102174E+04
    -462  -0.490182E+03  -0.462000E+00   0.105272E-02   0.111694E+01   0.105674E-02   0.102068E+04
    -461  -0.489121E+03  -0.461000E+00   0.104032E-02   0.110377E+01   0.104454E-02   0.101962E+04
    -460  -0.488060E+03  -0.460000E+00   0.102999E-02   0.109282E+01   0.103299E-02   0.101856E+04
    -459  -0.486999E+03  -0.459000E+00   0.102430E-02   0.108678E+01   0.102671E-02   0.101750E+04
    -458  -0.485938E+03  -0.458000E+00   0.101293E-02   0.107472E+01   0.101553E-02   0.101644E+04
    -457  -0.484877E+03  -0.457000E+00   0.100395E-02   0.106519E+01   0.100545E-02   0.101538E+04
    -456  -0.483816E+03  -0.456000E+00   0.997340E-03   0.105818E+01   0.997547E-03   0.101432E+04
    -455  -0.482755E+03  -0.455000E+00   0.985432E-03   0.104554E+01   0.987719E-03   0.101325E+04
    -454  -0.481694E+03  -0.454000E+00   0.976595E-03   0.103617E+01   0.979493E-03   0.101219E+04
    -453  -0.480633E+03  -0.453000E+00   0.970977E-03   0.103021E+01   0.972830E-03   0.101113E+04
    -452  -0.479572E+03  -0.452000E+00   0.964478E-03   0.102331E+01   0.964631E-03   0.101007E+04
    -451  -0.478511E+03  -0.451000E+00   0.957663E-03   0.101608E+01   0.959408E-03   0.100901E+04
    -450  -0.477450E+03  -0.450000E+00   0.952303E-03   0.101039E+01   0.953917E-03   0.100795E+04
    -449  -0.476389E+03  -0.449000E+00   0.944452E-03   0.100206E+01   0.946095E-03   0.100689E+04
    -448  -0.475328E+03  -0.448000E+00   0.936326E-03   0.993442E+00   0.938383E-03   0.100583E+04
    -447  -0.474267E+03  -0.447000E+00   0.932235E-03   0.989101E+00   0.931914E-03   0.100477E+04
    -446  -0.473206E+03  -0.446000E+00   0.927949E-03   0.984554E+00   0.927027E-03   0.100371E+04
    -445  -0.472145E+03  -0.445000E+00   0.922108E-03   0.978357E+00   0.921597E-03   0.100264E+04
    -444  -0.471084E+03  -0.444000E+00   0.917773E-03   0.973757E+00   0.918046E-03   0.100158E+04
    -443  -0.470023E+03  -0.443000E+00   0.911650E-03   0.967261E+00   0.911259E-03   0.100052E+04
    -442  -0.468962E+03  -0.442000E+00   0.903774E-03   0.958905E+00   0.904965E-03   0.999462E+03
    -441  -0.467901E+03  -0.441000E+00   0.898062E-03   0.952844E+00   0.900164E-03   0.998401E+03
    -440  -0.466840E+03  -0.440000E+00   0.898248E-03   0.953041E+00   0.898475E-03   0.997340E+03
    -439  -0.465779E+03  -0.439000E+00   0.890203E-03   0.944506E+00   0.892604E-03   0.996279E+03
    -438  -0.464718E+03  -0.438000E+00   0.887099E-03   0.941212E+00   0.889016E-03   0.995218E+03
    -437  -0.463657E+03  -0.437000E+00   0.883069E-03   0.936936E+00   0.883596E-03   0.994157E+03
    -436  -0.462596E+03  -0.436000E+00   0.878675E-03   0.932274E+00   0.879669E-03   0.993096E+03
    -435  -0.461535E+03  -0.435000E+00   0.876233E-03   0.929683E+00   0.877045E-03   0.992035E+03
    -434  -0.460474E+03  -0.434000E+00   0.874232E-03   0.927560E+00   0.873667E-03   0.990974E+03
    -433  -0.459413E+03  -0.433000E+00   0.868845E-03   0.921845E+00   0.868002E-03   0.989913E+03
    -432  -0.458352E+03  -0.432000E+00   0.866740E-03   0.919611E+00   0.865283E-03   0.988852E+03
    -431  -0.457291E+03  -0.431000E+00   0.861238E-03   0.913773E+00   0.860146E-03   0.987791E+03
    -430  -0.456230E+03  -0.430000E+00   0.856152E-03   0.908377E+00   0.856746E-03   0.986730E+03
    -429  -0.455169E+03  -0.429000E+00   0.853977E-03   0.906069E+00   0.853721E-03   0.985669E+03
    -428  -0.454108E+03  -0.428000E+00   0.850551E-03   0.902435E+00   0.849826E-03   0.984608E+03
    -427  -0.453047E+03  -0.427000E+00   0.850243E-03   0.902108E+00   0.848772E-03   0.983547E+03
    -426  -0.451986E+03  -0.426000E+00   0.842575E-03   0.893972E+00   0.842118E-03   0.982486E+03
    -425  -0.450925E+03  -0.425000E+00   0.842878E-03   0.894293E+00   0.840377E-03   0.981425E+03
    -424  -0.449864E+03  -0.424000E+00   0.842202E-03   0.893577E+00   0.839668E-03   0.980364E+03
    -423  -0.448803E+03  -0.423000E+00   0.840517E-03   0.891789E+00   0.837146E-03   0.979303E+03
    -422  -0.447742E+03  -0.422000E+00   0.836199E-03   0.887207E+00   0.830682E-03   0.978242E+03
    -421  -0.446681E+03  -0.421000E+00   0.835630E-03   0.886603E+00   0.831182E-03   0.977181E+03
    -420  -0.445620E+03  -0.420000E+00   0.832584E-03   0.883372E+00   0.829405E-03   0.976120E+03
    -419  -0.444559E+03  -0.419000E+00   0.825694E-03   0.876061E+00   0.823785E-03   0.975059E+03
    -418  -0.443498E+03  -0.418000E+00   0.825346E-03   0.875692E+00   0.822620E-03   0.973998E+03
    -417  -0.442437E+03  -0.417000E+00   0.824474E-03   0.874767E+00   0.821011E-03   0.972937E+03
    -416  -0.441376E+03  -0.416000E+00   0.817712E-03   0.867592E+00   0.817216E-03   0.971876E+03
    -415  -0.440315E+03  -0.415000E+00   0.814044E-03   0.863701E+00   0.815068E-03   0.970815E+03
    -414  -0.439254E+03  -0.414000E+00   0.809040E-03   0.858391E+00   0.811376E-03   0.969754E+03
    -413  -0.438193E+03  -0.413000E+00   0.808665E-03   0.857994E+00   0.809146E-03   0.968693E+03
    -412  -0.437132E+03  -0.412000E+00   0.803925E-03   0.852965E+00   0.806920E-03   0.967632E+03
    -411  -0.436071E+03  -0.411000E+00   0.800089E-03   0.848895E+00   0.801706E-03   0.966571E+03
    -410  -0.435010E+03  -0.410000E+00   0.797347E-03   0.845985E+00   0.799586E-03   0.965510E+03
    -409  -0.433949E+03  -0.409000E+00   0.798841E-03   0.847570E+00   0.800533E-03   0.964449E+03
    -408  -0.432888E+03  -0.408000E+00   0.797661E-03   0.846318E+00   0.797744E-03   0.963388E+03
    -407  -0.431827E+03  -0.407000E+00   0.791988E-03   0.840300E+00   0.794887E-03   0.962327E+03
    -406  -0.430766E+03  -0.406000E+00   0.788712E-03   0.836824E+00   0.791148E-03   0.961266E+03
    -405  -0.429705E+03  -0.405000E+00   0.782951E-03   0.830711E+00   0.787298E-03   0.960205E+03
    -404  -0.428644E+03  -0.404000E+00   0.781956E-03   0.829655E+00   0.785583E-03   0.959144E+03
    -403  -0.427583E+03  -0.403000E+00   0.781362E-03   0.829025E+00   0.784023E-03   0.958083E+03
    -402  -0.426522E+03  -0.402000E+00   0.777271E-03   0.824685E+00   0.781165E-03   0.957022E+03
    -401  -0.425461E+03  -0.401000E+00   0.775837E-03   0.823163E+00   0.782039E-03   0.955961E+03
    -400  -0.424400E+03  -0.400000E+00   0.774455E-03   0.821696E+00   0.778995E-03   0.954900E+03
    -399  -0.423339E+03  -0.399000E+00   0.773857E-03   0.821062E+00   0.779330E-03   0.953839E+03
    -398  -0.422278E+03  -0.398000E+00   0.771803E-03   0.818883E+00   0.776221E-03   0.952778E+03
    -397  -0.421217E+03  -0.397000E+00   0.767587E-03   0.814410E+00   0.773163E-03   0.951717E+03
    -396  -0.420156E+03  -0.396000E+00   0.767763E-03   0.814596E+00   0.772627E-03   0.950656E+03
    -395  -0.419095E+03  -0.395000E+00   0.769739E-03   0.816693E+00   0.772928E-03   0.949595E+03
    -394  -0.418034E+03  -0.394000E+00   0.766208E-03   0.812947E+00   0.769705E-03   0.948534E+03
    -393  -0.416973E+03  -0.393000E+00   0.763329E-03   0.809892E+00   0.768113E-03   0.947473E+03
    -392  -0.415912E+03  -0.392000E+00   0.761884E-03   0.808359E+00   0.764310E-03   0.946412E+03
    -391  -0.414851E+03  -0.391000E+00   0.760675E-03   0.807077E+00   0.762363E-03   0.945351E+03
    -390  -0.413790E+03  -0.390000E+00   0.759544E-03   0.805877E+00   0.760562E-03   0.944290E+03
    -389  -0.412729E+03  -0.389000E+00   0.753462E-03   0.799423E+00   0.756838E-03   0.943229E+03
    -388  -0.411668E+03  -0.388000E+00   0.752414E-03   0.798311E+00   0.756799E-03   0.942168E+03
    -387  -0.410607E+03  -0.387000E+00   0.750464E-03   0.796242E+00   0.754320E-03   0.941107E+03
    -386  -0.409546E+03  -0.386000E+00   0.748107E-03   0.793741E+00   0.753874E-03   0.940046E+03
    -385  -0.408485E+03  -0.385000E+00   0.747717E-03   0.793328E+00   0.753109E-03   0.938985E+03
    -384  -0.407424E+03  -0.384000E+00   0.746649E-03   0.792194E+00   0.752981E-03   0.937924E+03
    -383  -0.406363E+03  -0.383000E+00   0.745166E-03   0.790621E+00   0.751473E-03   0.936863E+03
    -382  -0.405302E+03  -0.382000E+00   0.744577E-03   0.789997E+00   0.750985E-03   0.935802E+03
    -381  -0.404241E+03  -0.381000E+00   0.746030E-03   0.791538E+00   0.750157E-03   0.934741E+03
    -380  -0.403180E+03  -0.380000E+00   0.742718E-03   0.788024E+00   0.747011E-03   0.933680E+03
    -379  -0.402119E+03  -0.379000E+00   0.741557E-03   0.786792E+00   0.746170E-03   0.932619E+03
    -378  -0.401058E+03  -0.378000E+00   0.741602E-03   0.786840E+00   0.746106E-03   0.931558E+03
    -377  -0.399997E+03  -0.377000E+00   0.741248E-03   0.786465E+00   0.743739E-03   0.930497E+03
    -376  -0.398936E+03  -0.376000E+00   0.740622E-03   0.785800E+00   0.742677E-03   0.929436E+03
    -375  -0.397875E+03  -0.375000E+00   0.740993E-03   0.786194E+00   0.742285E-03   0.928375E+03
    -374  -0.396814E+03  -0.374000E+00   0.739000E-03   0.784079E+00   0.739680E-03   0.927314E+03
    -373  -0.395753E+03  -0.373000E+00   0.736490E-03   0.781415E+00   0.738848E-03   0.926253E+03
    -372  -0.394692E+03  -0.372000E+00   0.730742E-03   0.775317E+00   0.733191E-03   0.925192E+03
    -371  -0.393631E+03  -0.371000E+00   0.732285E-03   0.776954E+00   0.733380E-03   0.924131E+03
    -370  -0.392570E+03  -0.370000E+00   0.734797E-03   0.779619E+00   0.734907E-03   0.923070E+03
    -369  -0.391509E+03  -0.369000E+00   0.733193E-03   0.777918E+00   0.733335E-03   0.922009E+03
    -368  -0.390448E+03  -0.368000E+00   0.729839E-03   0.774359E+00   0.731775E-03   0.920948E+03
    -367  -0.389387E+03  -0.367000E+00   0.735086E-03   0.779926E+00   0.733023E-03   0.919887E+03
    -366  -0.388326E+03  -0.366000E+00   0.732183E-03   0.776846E+00   0.730276E-03   0.918826E+03
    -365  -0.387265E+03  -0.365000E+00   0.731006E-03   0.775598E+00   0.729105E-03   0.917765E+03
    -364  -0.386204E+03  -0.364000E+00   0.728092E-03   0.772505E+00   0.728833E-03   0.916704E+03
    -363  -0.385143E+03  -0.363000E+00   0.727392E-03   0.771763E+00   0.728421E-03   0.915643E+03
    -362  -0.384082E+03  -0.362000E+00   0.727006E-03   0.771353E+00   0.726895E-03   0.914582E+03
    -361  -0.383021E+03  -0.361000E+00   0.723100E-03   0.767209E+00   0.725959E-03   0.913521E+03
    -360  -0.381960E+03  -0.360000E+00   0.726384E-03   0.770693E+00   0.725879E-03   0.912460E+03
    -359  -0.380899E+03  -0.359000E+00   0.725065E-03   0.769294E+00   0.726349E-03   0.911399E+03
    -358  -0.379838E+03  -0.358000E+00   0.724156E-03   0.768329E+00   0.725137E-03   0.910338E+03
    -357  -0.378777E+03  -0.357000E+00   0.723529E-03   0.767665E+00   0.722154E-03   0.909277E+03
    -356  -0.377716E+03  -0.356000E+00   0.722527E-03   0.766601E+00   0.722641E-03   0.908216E+03
    -355  -0.376655E+03  -0.355000E+00   0.725519E-03   0.769776E+00   0.723479E-03   0.907155E+03
    -354  -0.375594E+03  -0.354000E+00   0.722901E-03   0.766998E+00   0.722047E-03   0.906094E+03
    -353  -0.374533E+03  -0.353000E+00   0.723240E-03   0.767358E+00   0.721998E-03   0.905033E+03
    -352  -0.373472E+03  -0.352000E+00   0.719711E-03   0.763613E+00   0.719854E-03   0.903972E+03
    -351  -0.372411E+03  -0.351000E+00   0.718500E-03   0.762329E+00   0.717615E-03   0.902911E+03
    -350  -0.371350E+03  -0.350000E+00   0.718455E-03   0.762280E+00   0.716206E-03   0.901850E+03
    -349  -0.370289E+03  -0.349000E+00   0.719325E-03   0.763204E+00   0.717062E-03   0.900789E+03
    -348  -0.369228E+03  -0.348000E+00   0.714895E-03   0.758504E+00   0.713600E-03   0.899728E+03
    -347  -0.368167E+03  -0.347000E+00   0.713904E-03   0.757452E+00   0.713479E-03   0.898667E+03
    -346  -0.367106E+03  -0.346000E+00   0.711481E-03   0.754881E+00   0.711474E-03   0.897606E+03
    -345  -0.366045E+03  -0.345000E+00   0.712311E-03   0.755762E+00   0.712858E-03   0.896545E+03
    -344  -0.364984E+03  -0.344000E+00   0.711753E-03   0.755170E+00   0.712180E-03   0.895484E+03
    -343  -0.363923E+03  -0.343000E+00   0.709164E-03   0.752423E+00   0.711022E-03   0.894423E+03
    -342  -0.362862E+03  -0.342000E+00   0.709571E-03   0.752854E+00   0.709963E-03   0.893362E+03
    -341  -0.361801E+03  -0.341000E+00   0.710348E-03   0.753679E+00   0.709732E-03   0.892301E+03
    -340  -0.360740E+03  -0.340000E+00   0.710520E-03   0.753862E+00   0.710527E-03   0.891240E+03
    -339  -0.359679E+03  -0.339000E+00   0.710668E-03   0.754018E+00   0.709549E-03   0.890179E+03
    -338  -0.358618E+03  -0.338000E+00   0.709120E-03   0.752377E+00   0.709573E-03   0.889118E+03
    -337  -0.357557E+03  -0.337000E+00   0.706298E-03   0.749383E+00   0.708227E-03   0.888057E+03
    -336  -0.356496E+03  -0.336000E+00   0.702608E-03   0.745467E+00   0.705720E-03   0.886996E+03
    -335  -0.355435E+03  -0.335000E+00   0.702489E-03   0.745341E+00   0.704494E-03   0.885935E+03
    -334  -0.354374E+03  -0.334000E+00   0.701388E-03   0.744173E+00   0.702727E-03   0.884874E+03
    -333  -0.353313E+03  -0.333000E+00   0.702307E-03   0.745148E+00   0.702858E-03   0.883813E+03
    -332  -0.352252E+03  -0.332000E+00   0.700753E-03   0.743499E+00   0.703011E-03   0.882752E+03
    -331  -0.351191E+03  -0.331000E+00   0.699924E-03   0.742620E+00   0.703039E-03   0.881691E+03
    -330  -0.350130E+03  -0.330000E+00   0.701279E-03   0.744057E+00   0.702988E-03   0.880630E+03
    -329  -0.349069E+03  -0.329000E+00   0.702905E-03   0.745782E+00   0.703539E-03   0.879569E+03
    -328  -0.348008E+03  -0.328000E+00   0.700316E-03   0.743035E+00   0.701574E-03   0.878508E+03
    -327  -0.346947E+03  -0.327000E+00   0.696974E-03   0.739489E+00   0.699019E-03   0.877447E+03
    -326  -0.345886E+03  -0.326000E+00   0.698477E-03   0.741084E+00   0.699240E-03   0.876386E+03
    -325  -0.344825E+03  -0.325000E+00   0.696317E-03   0.738793E+00   0.699074E-03   0.875325E+03
    -324  -0.343764E+03  -0.324000E+00   0.694503E-03   0.736868E+00   0.698739E-03   0.874264E+03
    -323  -0.342703E+03  -0.323000E+00   0.694517E-03   0.736882E+00   0.696736E-03   0.873203E+03
    -322  -0.341642E+03  -0.322000E+00   0.695636E-03   0.738070E+00   0.696608E-03   0.872142E+03
    -321  -0.340581E+03  -0.321000E+00   0.692444E-03   0.734683E+00   0.695030E-03   0.871081E+03
    -320  -0.339520E+03  -0.320000E+00   0.692748E-03   0.735006E+00   0.695315E-03   0.870020E+03
    -319  -0.338459E+03  -0.319000E+00   0.691984E-03   0.734195E+00   0.694580E-03   0.868959E+03
    -318  -0.337398E+03  -0.318000E+00   0.690906E-03   0.733051E+00   0.692479E-03   0.867898E+03
    -317  -0.336337E+03  -0.317000E+00   0.689067E-03   0.731100E+00   0.692219E-03   0.866837E+03
    -316  -0.335276E+03  -0.316000E+00   0.686028E-03   0.727876E+00   0.689073E-03   0.865776E+03
    -315  -0.334215E+03  -0.315000E+00   0.689907E-03   0.731992E+00   0.691255E-03   0.864715E+03
    -314  -0.333154E+03  -0.314000E+00   0.689816E-03   0.731895E+00   0.689759E-03   0.863654E+03
    -313  -0.332093E+03  -0.313000E+00   0.692391E-03   0.734626E+00   0.691955E-03   0.862593E+03
    -312  -0.331032E+03  -0.312000E+00   0.690700E-03   0.732832E+00   0.690455E-03   0.861532E+03
    -311  -0.329971E+03  -0.311000E+00   0.688672E-03   0.730681E+00   0.689074E-03   0.860471E+03
    -310  -0.328910E+03  -0.310000E+00   0.687634E-03   0.729579E+00   0.688105E-03   0.859410E+03
    -309  -0.327849E+03  -0.309000E+00   0.686342E-03   0.728209E+00   0.688701E-03   0.858349E+03
    -308  -0.326788E+03  -0.308000E+00   0.686013E-03   0.727859E+00   0.687117E-03   0.857288E+03
    -307  -0.325727E+03  -0.307000E+00   0.686618E-03   0.728502E+00   0.687392E-03   0.856227E+03
    -306  -0.324666E+03  -0.306000E+00   0.687569E-03   0.729511E+00   0.687690E-03   0.855166E+03
    -305  -0.323605E+03  -0.305000E+00   0.684812E-03   0.726585E+00   0.684474E-03   0.854105E+03
    -304  -0.322544E+03  -0.304000E+00   0.685493E-03   0.727308E+00   0.684208E-03   0.853044E+03
    -303  -0.321483E+03  -0.303000E+00   0.684297E-03   0.726039E+00   0.685681E-03   0.851983E+03
    -302  -0.320422E+03  -0.302000E+00   0.681954E-03   0.723553E+00   0.682829E-03   0.850922E+03
    -301  -0.319361E+03  -0.301000E+00   0.683853E-03   0.725568E+00   0.683886E-03   0.849861E+03
    -300  -0.318300E+03  -0.300000E+00   0.682311E-03   0.723932E+00   0.683908E-03   0.848800E+03
    -299  -0.317239E+03  -0.299000E+00   0.681261E-03   0.722818E+00   0.683199E-03   0.847739E+03
    -298  -0.316178E+03  -0.298000E+00   0.681004E-03   0.722545E+00   0.681494E-03   0.846678E+03
    -297  -0.315117E+03  -0.297000E+00   0.685160E-03   0.726954E+00   0.684257E-03   0.845617E+03
    -296  -0.314056E+03  -0.296000E+00   0.681087E-03   0.722634E+00   0.680917E-03   0.844556E+03
    -295  -0.312995E+03  -0.295000E+00   0.680276E-03   0.721773E+00   0.679634E-03   0.843495E+03
    -294  -0.311934E+03  -0.294000E+00   0.679586E-03   0.721040E+00   0.679760E-03   0.842434E+03
    -293  -0.310873E+03  -0.293000E+00   0.680034E-03   0.721516E+00   0.679825E-03   0.841373E+03
    -292  -0.309812E+03  -0.292000E+00   0.679557E-03   0.721010E+00   0.679558E-03   0.840312E+03
    -291  -0.308751E+03  -0.291000E+00   0.676472E-03   0.717737E+00   0.677456E-03   0.839251E+03
    -290  -0.307690E+03  -0.290000E+00   0.674479E-03   0.715622E+00   0.675799E-03   0.838190E+03
    -289  -0.306629E+03  -0.289000E+00   0.675708E-03   0.716926E+00   0.677366E-03   0.837129E+03
    -288  -0.305568E+03  -0.288000E+00   0.676296E-03   0.717550E+00   0.678649E-03   0.836068E+03
    -287  -0.304507E+03  -0.287000E+00   0.676317E-03   0.717573E+00   0.678383E-03   0.835007E+03
    -286  -0.303446E+03  -0.286000E+00   0.679656E-03   0.721115E+00   0.679931E-03   0.833946E+03
    -285  -0.302385E+03  -0.285000E+00   0.677874E-03   0.719224E+00   0.680790E-03   0.832885E+03
    -284  -0.301324E+03  -0.284000E+00   0.678086E-03   0.719449E+00   0.679643E-03   0.831824E+03
    -283  -0.300263E+03  -0.283000E+00   0.675061E-03   0.716240E+00   0.676859E-03   0.830763E+03
    -282  -0.299202E+03  -0.282000E+00   0.676627E-03   0.717902E+00   0.678653E-03   0.829702E+03
    -281  -0.298141E+03  -0.281000E+00   0.675156E-03   0.716340E+00   0.676838E-03   0.828641E+03
    -280  -0.297080E+03  -0.280000E+00   0.676622E-03   0.717896E+00   0.677693E-03   0.827580E+03
    -279  -0.296019E+03  -0.279000E+00   0.676257E-03   0.717508E+00   0.676494E-03   0.826519E+03
    -278  -0.294958E+03  -0.278000E+00   0.674452E-03   0.715594E+00   0.676353E-03   0.825458E+03
    -277  -0.293897E+03  -0.277000E+00   0.674743E-03   0.715903E+00   0.675158E-03   0.824397E+03
    -276  -0.292836E+03  -0.276000E+00   0.675377E-03   0.716575E+00   0.677061E-03   0.823336E+03
    -275  -0.291775E+03  -0.275000E+00   0.675496E-03   0.716702E+00   0.676052E-03   0.822275E+03
    -274  -0.290714E+03  -0.274000E+00   0.675330E-03   0.716525E+00   0.674928E-03   0.821214E+03
    -273  -0.289653E+03  -0.273000E+00   0.674605E-03   0.715756E+00   0.674733E-03   0.820153E+03
    -272  -0.288592E+03  -0.272000E+00   0.676514E-03   0.717781E+00   0.676251E-03   0.819092E+03
    -271  -0.287531E+03  -0.271000E+00   0.675394E-03   0.716593E+00   0.675358E-03   0.818031E+03
    -270  -0.286470E+03  -0.270000E+00   0.671439E-03   0.712397E+00   0.673607E-03   0.816970E+03
    -269  -0.285409E+03  -0.269000E+00   0.671747E-03   0.712724E+00   0.672440E-03   0.815909E+03
    -268  -0.284348E+03  -0.268000E+00   0.670964E-03   0.711893E+00   0.672824E-03   0.814848E+03
    -267  -0.283287E+03  -0.267000E+00   0.668010E-03   0.708759E+00   0.671855E-03   0.813787E+03
    -266  -0.282226E+03  -0.266000E+00   0.670618E-03   0.711526E+00   0.672499E-03   0.812726E+03
    -265  -0.281165E+03  -0.265000E+00   0.665218E-03   0.705796E+00   0.669689E-03   0.811665E+03
    -264  -0.280104E+03  -0.264000E+00   0.666729E-03   0.707400E+00   0.669333E-03   0.810604E+03
    -263  -0.279043E+03  -0.263000E+00   0.668740E-03   0.709533E+00   0.671302E-03   0.809543E+03
    -262  -0.277982E+03  -0.262000E+00   0.664486E-03   0.705020E+00   0.668587E-03   0.808482E+03
    -261  -0.276921E+03  -0.261000E+00   0.664980E-03   0.705544E+00   0.667294E-03   0.807421E+03
    -260  -0.275860E+03  -0.260000E+00   0.666145E-03   0.706780E+00   0.668287E-03   0.806360E+03
    -259  -0.274799E+03  -0.259000E+00   0.662379E-03   0.702784E+00   0.665330E-03   0.805299E+03
    -258  -0.273738E+03  -0.258000E+00   0.662958E-03   0.703398E+00   0.665944E-03   0.804238E+03
    -257  -0.272677E+03  -0.257000E+00   0.662319E-03   0.702720E+00   0.665003E-03   0.803177E+03
    -256  -0.271616E+03  -0.256000E+00   0.666154E-03   0.706790E+00   0.667709E-03   0.802116E+03
    -255  -0.270555E+03  -0.255000E+00   0.662460E-03   0.702871E+00   0.664806E-03   0.801055E+03
    -254  -0.269494E+03  -0.254000E+00   0.663873E-03   0.704370E+00   0.666948E-03   0.799994E+03
    -253  -0.268433E+03  -0.253000E+00   0.664011E-03   0.704516E+00   0.665937E-03   0.798933E+03
    -252  -0.267372E+03  -0.252000E+00   0.663359E-03   0.703824E+00   0.665486E-03   0.797872E+03
    -251  -0.266311E+03  -0.251000E+00   0.663168E-03   0.703621E+00   0.665657E-03   0.796811E+03
    -250  -0.265250E+03  -0.250000E+00   0.662086E-03   0.702473E+00   0.665873E-03   0.795750E+03
    -249  -0.264189E+03  -0.249000E+00   0.663049E-03   0.703495E+00   0.664772E-03   0.794689E+03
    -248  -0.263128E+03  -0.248000E+00   0.662867E-03   0.703302E+00   0.664422E-03   0.793628E+03
    -247  -0.262067E+03  -0.247000E+00   0.663590E-03   0.704069E+00   0.665887E-03   0.792567E+03
    -246  -0.261006E+03  -0.246000E+00   0.663750E-03   0.704239E+00   0.666280E-03   0.791506E+03
    -245  -0.259945E+03  -0.245000E+00   0.663885E-03   0.704382E+00   0.665041E-03   0.790445E+03
    -244  -0.258884E+03  -0.244000E+00   0.661649E-03   0.702010E+00   0.664437E-03   0.789384E+03
    -243  -0.257823E+03  -0.243000E+00   0.663062E-03   0.703509E+00   0.663647E-03   0.788323E+03
    -242  -0.256762E+03  -0.242000E+00   0.669847E-03   0.710707E+00   0.667457E-03   0.787262E+03
    -241  -0.255701E+03  -0.241000E+00   0.666673E-03   0.707340E+00   0.664753E-03   0.786201E+03
    -240  -0.254640E+03  -0.240000E+00   0.664740E-03   0.705289E+00   0.664581E-03   0.785140E+03
    -239  -0.253579E+03  -0.239000E+00   0.661819E-03   0.702190E+00   0.662199E-03   0.784079E+03
    -238  -0.252518E+03  -0.238000E+00   0.664946E-03   0.705508E+00   0.663570E-03   0.783018E+03
    -237  -0.251457E+03  -0.237000E+00   0.663724E-03   0.704211E+00   0.663889E-03   0.781957E+03
    -236  -0.250396E+03  -0.236000E+00   0.665018E-03   0.705584E+00   0.665028E-03   0.780896E+03
    -235  -0.249335E+03  -0.235000E+00   0.664760E-03   0.705311E+00   0.663692E-03   0.779835E+03
    -234  -0.248274E+03  -0.234000E+00   0.665137E-03   0.705710E+00   0.663327E-03   0.778774E+03
    -233  -0.247213E+03  -0.233000E+00   0.664163E-03   0.704677E+00   0.662232E-03   0.777713E+03
    -232  -0.246152E+03  -0.232000E+00   0.665245E-03   0.705825E+00   0.662484E-03   0.776652E+03
    -231  -0.245091E+03  -0.231000E+00   0.666272E-03   0.706914E+00   0.663413E-03   0.775591E+03
    -230  -0.244030E+03  -0.230000E+00   0.665992E-03   0.706617E+00   0.663600E-03   0.774530E+03
    -229  -0.242969E+03  -0.229000E+00   0.660896E-03   0.701211E+00   0.660327E-03   0.773469E+03
    -228  -0.241908E+03  -0.228000E+00   0.659593E-03   0.699828E+00   0.660436E-03   0.772408E+03
    -227  -0.240847E+03  -0.227000E+00   0.660633E-03   0.700932E+00   0.661484E-03   0.771347E+03
    -226  -0.239786E+03  -0.226000E+00   0.661944E-03   0.702323E+00   0.660677E-03   0.770286E+03
    -225  -0.238725E+03  -0.225000E+00   0.661059E-03   0.701383E+00   0.658513E-03   0.769225E+03
    -224  -0.237664E+03  -0.224000E+00   0.659428E-03   0.699654E+00   0.657553E-03   0.768164E+03
    -223  -0.236603E+03  -0.223000E+00   0.659256E-03   0.699471E+00   0.656518E-03   0.767103E+03
    -222  -0.235542E+03  -0.222000E+00   0.659799E-03   0.700047E+00   0.657456E-03   0.766042E+03
    -221  -0.234481E+03  -0.221000E+00   0.657830E-03   0.697958E+00   0.658504E-03   0.764981E+03
    -220  -0.233420E+03  -0.220000E+00   0.655536E-03   0.695524E+00   0.658220E-03   0.763920E+03
    -219  -0.232359E+03  -0.219000E+00   0.655553E-03   0.695542E+00   0.656592E-03   0.762859E+03
    -218  -0.231298E+03  -0.218000E+00   0.655965E-03   0.695979E+00   0.656940E-03   0.761798E+03
    -217  -0.230237E+03  -0.217000E+00   0.654416E-03   0.694336E+00   0.654956E-03   0.760737E+03
    -216  -0.229176E+03  -0.216000E+00   0.653994E-03   0.693888E+00   0.654166E-03   0.759676E+03
    -215  -0.228115E+03  -0.215000E+00   0.656873E-03   0.696942E+00   0.657748E-03   0.758615E+03
    -214  -0.227054E+03  -0.214000E+00   0.658027E-03   0.698167E+00   0.657997E-03   0.757554E+03
    -213  -0.225993E+03  -0.213000E+00   0.654704E-03   0.694641E+00   0.654873E-03   0.756493E+03
    -212  -0.224932E+03  -0.212000E+00   0.655532E-03   0.695520E+00   0.654735E-03   0.755432E+03
    -211  -0.223871E+03  -0.211000E+00   0.656368E-03   0.696407E+00   0.656615E-03   0.754371E+03
    -210  -0.222810E+03  -0.210000E+00   0.655441E-03   0.695423E+00   0.657153E-03   0.753310E+03
    -209  -0.221749E+03  -0.209000E+00   0.656903E-03   0.696975E+00   0.657576E-03   0.752249E+03
    -208  -0.220688E+03  -0.208000E+00   0.656383E-03   0.696423E+00   0.657274E-03   0.751188E+03
    -207  -0.219627E+03  -0.207000E+00   0.656468E-03   0.696513E+00   0.657779E-03   0.750127E+03
    -206  -0.218566E+03  -0.206000E+00   0.653493E-03   0.693356E+00   0.655481E-03   0.749066E+03
    -205  -0.217505E+03  -0.205000E+00   0.653486E-03   0.693348E+00   0.655338E-03   0.748005E+03
    -204  -0.216444E+03  -0.204000E+00   0.653463E-03   0.693324E+00   0.653366E-03   0.746944E+03
    -203  -0.215383E+03  -0.203000E+00   0.652067E-03   0.691843E+00   0.654319E-03   0.745883E+03
    -202  -0.214322E+03  -0.202000E+00   0.651369E-03   0.691103E+00   0.653388E-03   0.744822E+03
    -201  -0.213261E+03  -0.201000E+00   0.651785E-03   0.691544E+00   0.653795E-03   0.743761E+03
    -200  -0.212200E+03  -0.200000E+00   0.652044E-03   0.691819E+00   0.652033E-03   0.742700E+03
    -199  -0.211139E+03  -0.199000E+00   0.654488E-03   0.694412E+00   0.652797E-03   0.741639E+03
    -198  -0.210078E+03  -0.198000E+00   0.654011E-03   0.693906E+00   0.651988E-03   0.740578E+03
    -197  -0.209017E+03  -0.197000E+00   0.653501E-03   0.693364E+00   0.651553E-03   0.739517E+03
    -196  -0.207956E+03  -0.196000E+00   0.653811E-03   0.693693E+00   0.651976E-03   0.738456E+03
    -195  -0.206895E+03  -0.195000E+00   0.653523E-03   0.693388E+00   0.651408E-03   0.737395E+03
    -194  -0.205834E+03  -0.194000E+00   0.654267E-03   0.694177E+00   0.653102E-03   0.736334E+03
    -193  -0.204773E+03  -0.193000E+00   0.651163E-03   0.690884E+00   0.651053E-03   0.735273E+03
    -192  -0.203712E+03  -0.192000E+00   0.652763E-03   0.692582E+00   0.650908E-03   0.734212E+03
    -191  -0.202651E+03  -0.191000E+00   0.650758E-03   0.690454E+00   0.649844E-03   0.733151E+03
    -190  -0.201590E+03  -0.190000E+00   0.650987E-03   0.690697E+00   0.650204E-03   0.732090E+03
    -189  -0.200529E+03  -0.189000E+00   0.652621E-03   0.692431E+00   0.649395E-03   0.731029E+03
    -188  -0.199468E+03  -0.188000E+00   0.653992E-03   0.693886E+00   0.650827E-03   0.729968E+03
    -187  -0.198407E+03  -0.187000E+00   0.654662E-03   0.694596E+00   0.652052E-03   0.728907E+03
    -186  -0.197346E+03  -0.186000E+00   0.654927E-03   0.694877E+00   0.651056E-03   0.727846E+03
    -185  -0.196285E+03  -0.185000E+00   0.658585E-03   0.698759E+00   0.652697E-03   0.726785E+03
    -184  -0.195224E+03  -0.184000E+00   0.652926E-03   0.692754E+00   0.649961E-03   0.725724E+03
    -183  -0.194163E+03  -0.183000E+00   0.652424E-03   0.692222E+00   0.650328E-03   0.724663E+03
    -182  -0.193102E+03  -0.182000E+00   0.652347E-03   0.692140E+00   0.651187E-03   0.723602E+03
    -181  -0.192041E+03  -0.181000E+00   0.651318E-03   0.691048E+00   0.648931E-03   0.722541E+03
    -180  -0.190980E+03  -0.180000E+00   0.652438E-03   0.692236E+00   0.650099E-03   0.721480E+03
    -179  -0.189919E+03  -0.179000E+00   0.649430E-03   0.689046E+00   0.650081E-03   0.720419E+03
    -178  -0.188858E+03  -0.178000E+00   0.649915E-03   0.689559E+00   0.650525E-03   0.719358E+03
    -177  -0.187797E+03  -0.177000E+00   0.651902E-03   0.691668E+00   0.650711E-03   0.718297E+03
    -176  -0.186736E+03  -0.176000E+00   0.649568E-03   0.689192E+00   0.649797E-03   0.717236E+03
    -175  -0.185675E+03  -0.175000E+00   0.651564E-03   0.691309E+00   0.651178E-03   0.716175E+03
    -174  -0.184614E+03  -0.174000E+00   0.650906E-03   0.690611E+00   0.650492E-03   0.715114E+03
    -173  -0.183553E+03  -0.173000E+00   0.651993E-03   0.691765E+00   0.652383E-03   0.714053E+03
    -172  -0.182492E+03  -0.172000E+00   0.649587E-03   0.689212E+00   0.650577E-03   0.712992E+03
    -171  -0.181431E+03  -0.171000E+00   0.651619E-03   0.691367E+00   0.651484E-03   0.711931E+03
    -170  -0.180370E+03  -0.170000E+00   0.647751E-03   0.687264E+00   0.649388E-03   0.710870E+03
    -169  -0.179309E+03  -0.169000E+00   0.648763E-03   0.688337E+00   0.650687E-03   0.709809E+03
    -168  -0.178248E+03  -0.168000E+00   0.648800E-03   0.688377E+00   0.649913E-03   0.708748E+03
    -167  -0.177187E+03  -0.167000E+00   0.648250E-03   0.687793E+00   0.649527E-03   0.707687E+03
    -166  -0.176126E+03  -0.166000E+00   0.648190E-03   0.687729E+00   0.648338E-03   0.706626E+03
    -165  -0.175065E+03  -0.165000E+00   0.647178E-03   0.686655E+00   0.648468E-03   0.705565E+03
    -164  -0.174004E+03  -0.164000E+00   0.645882E-03   0.685281E+00   0.646876E-03   0.704504E+03
    -163  -0.172943E+03  -0.163000E+00   0.647556E-03   0.687057E+00   0.647747E-03   0.703443E+03
    -162  -0.171882E+03  -0.162000E+00   0.646361E-03   0.685788E+00   0.646607E-03   0.702382E+03
    -161  -0.170821E+03  -0.161000E+00   0.645863E-03   0.685261E+00   0.646974E-03   0.701321E+03
    -160  -0.169760E+03  -0.160000E+00   0.647261E-03   0.686744E+00   0.647069E-03   0.700260E+03
    -159  -0.168699E+03  -0.159000E+00   0.647560E-03   0.687061E+00   0.648138E-03   0.699199E+03
    -158  -0.167638E+03  -0.158000E+00   0.648422E-03   0.687976E+00   0.647574E-03   0.698138E+03
    -157  -0.166577E+03  -0.157000E+00   0.648371E-03   0.687922E+00   0.647227E-03   0.697077E+03
    -156  -0.165516E+03  -0.156000E+00   0.647384E-03   0.686874E+00   0.646213E-03   0.696016E+03
    -155  -0.164455E+03  -0.155000E+00   0.645865E-03   0.685263E+00   0.645993E-03   0.694955E+03
    -154  -0.163394E+03  -0.154000E+00   0.644828E-03   0.684163E+00   0.645253E-03   0.693894E+03
    -153  -0.162333E+03  -0.153000E+00   0.647191E-03   0.686669E+00   0.645380E-03   0.692833E+03
    -152  -0.161272E+03  -0.152000E+00   0.644738E-03   0.684067E+00   0.643878E-03   0.691772E+03
    -151  -0.160211E+03  -0.151000E+00   0.642334E-03   0.681516E+00   0.642302E-03   0.690711E+03
    -150  -0.159150E+03  -0.150000E+00   0.645977E-03   0.685381E+00   0.645761E-03   0.689650E+03
    -149  -0.158089E+03  -0.149000E+00   0.647376E-03   0.686866E+00   0.646967E-03   0.688589E+03
    -148  -0.157028E+03  -0.148000E+00   0.646939E-03   0.686403E+00   0.647007E-03   0.687528E+03
    -147  -0.155967E+03  -0.147000E+00   0.645706E-03   0.685094E+00   0.644921E-03   0.686467E+03
    -146  -0.154906E+03  -0.146000E+00   0.648379E-03   0.687930E+00   0.643988E-03   0.685406E+03
    -145  -0.153845E+03  -0.145000E+00   0.647319E-03   0.686806E+00   0.644554E-03   0.684345E+03
    -144  -0.152784E+03  -0.144000E+00   0.646064E-03   0.685473E+00   0.644744E-03   0.683284E+03
    -143  -0.151723E+03  -0.143000E+00   0.646618E-03   0.686061E+00   0.646066E-03   0.682223E+03
    -142  -0.150662E+03  -0.142000E+00   0.647720E-03   0.687231E+00   0.646005E-03   0.681162E+03
    -141  -0.149601E+03  -0.141000E+00   0.649338E-03   0.688947E+00   0.646172E-03   0.680101E+03
    -140  -0.148540E+03  -0.140000E+00   0.646992E-03   0.686459E+00   0.646508E-03   0.679040E+03
    -139  -0.147479E+03  -0.139000E+00   0.648615E-03   0.688181E+00   0.646136E-03   0.677979E+03
    -138  -0.146418E+03  -0.138000E+00   0.647853E-03   0.687372E+00   0.645579E-03   0.676918E+03
    -137  -0.145357E+03  -0.137000E+00   0.648328E-03   0.687876E+00   0.645457E-03   0.675857E+03
    -136  -0.144296E+03  -0.136000E+00   0.649137E-03   0.688735E+00   0.647405E-03   0.674796E+03
    -135  -0.143235E+03  -0.135000E+00   0.648719E-03   0.688291E+00   0.647067E-03   0.673735E+03
    -134  -0.142174E+03  -0.134000E+00   0.647401E-03   0.686892E+00   0.645263E-03   0.672674E+03
    -133  -0.141113E+03  -0.133000E+00   0.647686E-03   0.687195E+00   0.644556E-03   0.671613E+03
    -132  -0.140052E+03  -0.132000E+00   0.651797E-03   0.691556E+00   0.646494E-03   0.670552E+03
    -131  -0.138991E+03  -0.131000E+00   0.648940E-03   0.688526E+00   0.645645E-03   0.669491E+03
    -130  -0.137930E+03  -0.130000E+00   0.648445E-03   0.688000E+00   0.646356E-03   0.668430E+03
    -129  -0.136869E+03  -0.129000E+00   0.648347E-03   0.687896E+00   0.646351E-03   0.667369E+03
    -128  -0.135808E+03  -0.128000E+00   0.648681E-03   0.688251E+00   0.647012E-03   0.666308E+03
    -127  -0.134747E+03  -0.127000E+00   0.648672E-03   0.688241E+00   0.648030E-03   0.665247E+03
    -126  -0.133686E+03  -0.126000E+00   0.647492E-03   0.686989E+00   0.645644E-03   0.664186E+03
    -125  -0.132625E+03  -0.125000E+00   0.648403E-03   0.687956E+00   0.646768E-03   0.663125E+03
    -124  -0.131564E+03  -0.124000E+00   0.648451E-03   0.688006E+00   0.647694E-03   0.662064E+03
    -123  -0.130503E+03  -0.123000E+00   0.648876E-03   0.688458E+00   0.648011E-03   0.661003E+03
    -122  -0.129442E+03  -0.122000E+00   0.650141E-03   0.689800E+00   0.648016E-03   0.659942E+03
    -121  -0.128381E+03  -0.121000E+00   0.647906E-03   0.687428E+00   0.646095E-03   0.658881E+03
    -120  -0.127320E+03  -0.120000E+00   0.648335E-03   0.687884E+00   0.645864E-03   0.657820E+03
    -119  -0.126259E+03  -0.119000E+00   0.650089E-03   0.689744E+00   0.647701E-03   0.656759E+03
    -118  -0.125198E+03  -0.118000E+00   0.649933E-03   0.689579E+00   0.647779E-03   0.655698E+03
    -117  -0.124137E+03  -0.117000E+00   0.645961E-03   0.685365E+00   0.645577E-03   0.654637E+03
    -116  -0.123076E+03  -0.116000E+00   0.646724E-03   0.686174E+00   0.644809E-03   0.653576E+03
    -115  -0.122015E+03  -0.115000E+00   0.647467E-03   0.686962E+00   0.645907E-03   0.652515E+03
    -114  -0.120954E+03  -0.114000E+00   0.646710E-03   0.686160E+00   0.646193E-03   0.651454E+03
    -113  -0.119893E+03  -0.113000E+00   0.645042E-03   0.684390E+00   0.643322E-03   0.650393E+03
    -112  -0.118832E+03  -0.112000E+00   0.644800E-03   0.684133E+00   0.644330E-03   0.649332E+03
    -111  -0.117771E+03  -0.111000E+00   0.648504E-03   0.688062E+00   0.645884E-03   0.648271E+03
    -110  -0.116710E+03  -0.110000E+00   0.646814E-03   0.686270E+00   0.645019E-03   0.647210E+03
    -109  -0.115649E+03  -0.109000E+00   0.646830E-03   0.686286E+00   0.643708E-03   0.646149E+03
    -108  -0.114588E+03  -0.108000E+00   0.642786E-03   0.681996E+00   0.642027E-03   0.645088E+03
    -107  -0.113527E+03  -0.107000E+00   0.640996E-03   0.680097E+00   0.640334E-03   0.644027E+03
    -106  -0.112466E+03  -0.106000E+00   0.643951E-03   0.683232E+00   0.644174E-03   0.642966E+03
    -105  -0.111405E+03  -0.105000E+00   0.645589E-03   0.684970E+00   0.644666E-03   0.641905E+03
    -104  -0.110344E+03  -0.104000E+00   0.646081E-03   0.685491E+00   0.644384E-03   0.640844E+03
    -103  -0.109283E+03  -0.103000E+00   0.645250E-03   0.684610E+00   0.643846E-03   0.639783E+03
    -102  -0.108222E+03  -0.102000E+00   0.643351E-03   0.682596E+00   0.642643E-03   0.638722E+03
    -101  -0.107161E+03  -0.101000E+00   0.642273E-03   0.681452E+00   0.642049E-03   0.637661E+03
    -100  -0.106100E+03  -0.100000E+00   0.643234E-03   0.682471E+00   0.642655E-03   0.636600E+03
     -99  -0.105039E+03  -0.990000E-01   0.645441E-03   0.684813E+00   0.643169E-03   0.635539E+03
     -98  -0.103978E+03  -0.980000E-01   0.644299E-03   0.683601E+00   0.642544E-03   0.634478E+03
     -97  -0.102917E+03  -0.970000E-01   0.644989E-03   0.684334E+00   0.642079E-03   0.633417E+03
     -96  -0.101856E+03  -0.960000E-01   0.644681E-03   0.684006E+00   0.643379E-03   0.632356E+03
     -95  -0.100795E+03  -0.950000E-01   0.643584E-03   0.682842E+00   0.640901E-03   0.631295E+03
     -94  -0.997340E+02  -0.940000E-01   0.644000E-03   0.683284E+00   0.642773E-03   0.630234E+03
     -93  -0.986730E+02  -0.930000E-01   0.645383E-03   0.684751E+00   0.644212E-03   0.629173E+03
     -92  -0.976120E+02  -0.920000E-01   0.643414E-03   0.682662E+00   0.643175E-03   0.628112E+03
     -91  -0.965510E+02  -0.910000E-01   0.640522E-03   0.679593E+00   0.640599E-03   0.627051E+03
     -90  -0.954900E+02  -0.900000E-01   0.640440E-03   0.679507E+00   0.640951E-03   0.625990E+03
     -89  -0.944290E+02  -0.890000E-01   0.641785E-03   0.680934E+00   0.641864E-03   0.624929E+03
     -88  -0.933680E+02  -0.880000E-01   0.640559E-03   0.679634E+00   0.641604E-03   0.623868E+03
     -87  -0.923070E+02  -0.870000E-01   0.642440E-03   0.681628E+00   0.641933E-03   0.622807E+03
     -86  -0.912460E+02  -0.860000E-01   0.641736E-03   0.680882E+00   0.641034E-03   0.621746E+03
     -85  -0.901850E+02  -0.850000E-01   0.640480E-03   0.679549E+00   0.639588E-03   0.620685E+03
     -84  -0.891240E+02  -0.840000E-01   0.644505E-03   0.683820E+00   0.641376E-03   0.619624E+03
     -83  -0.880630E+02  -0.830000E-01   0.642973E-03   0.682194E+00   0.640180E-03   0.618563E+03
     -82  -0.870020E+02  -0.820000E-01   0.642882E-03   0.682098E+00   0.641044E-03   0.617502E+03
     -81  -0.859410E+02  -0.810000E-01   0.644244E-03   0.683543E+00   0.641915E-03   0.616441E+03
     -80  -0.848800E+02  -0.800000E-01   0.644115E-03   0.683406E+00   0.642269E-03   0.615380E+03
     -79  -0.838190E+02  -0.790000E-01   0.642324E-03   0.681506E+00   0.643600E-03   0.614319E+03
     -78  -0.827580E+02  -0.780000E-01   0.643436E-03   0.682686E+00   0.644714E-03   0.613258E+03
     -77  -0.816970E+02  -0.770000E-01   0.644452E-03   0.683764E+00   0.644401E-03   0.612197E+03
     -76  -0.806360E+02  -0.760000E-01   0.642916E-03   0.682134E+00   0.643219E-03   0.611136E+03
     -75  -0.795750E+02  -0.750000E-01   0.643875E-03   0.683152E+00   0.643172E-03   0.610075E+03
     -74  -0.785140E+02  -0.740000E-01   0.641295E-03   0.680414E+00   0.640934E-03   0.609014E+03
     -73  -0.774530E+02  -0.730000E-01   0.641318E-03   0.680438E+00   0.642318E-03   0.607953E+03
     -72  -0.763920E+02  -0.720000E-01   0.642411E-03   0.681598E+00   0.641970E-03   0.606892E+03
     -71  -0.753310E+02  -0.710000E-01   0.642383E-03   0.681568E+00   0.642431E-03   0.605831E+03
     -70  -0.742700E+02  -0.700000E-01   0.642114E-03   0.681283E+00   0.642720E-03   0.604770E+03
     -69  -0.732090E+02  -0.690000E-01   0.643775E-03   0.683045E+00   0.641701E-03   0.603709E+03
     -68  -0.721480E+02  -0.680000E-01   0.642493E-03   0.681685E+00   0.641800E-03   0.602648E+03
     -67  -0.710870E+02  -0.670000E-01   0.642039E-03   0.681203E+00   0.643389E-03   0.601587E+03
     -66  -0.700260E+02  -0.660000E-01   0.640558E-03   0.679632E+00   0.643470E-03   0.600526E+03
     -65  -0.689650E+02  -0.650000E-01   0.641214E-03   0.680328E+00   0.642860E-03   0.599465E+03
     -64  -0.679040E+02  -0.640000E-01   0.641594E-03   0.680731E+00   0.642705E-03   0.598404E+03
     -63  -0.668430E+02  -0.630000E-01   0.642979E-03   0.682200E+00   0.642906E-03   0.597343E+03
     -62  -0.657820E+02  -0.620000E-01   0.641702E-03   0.680846E+00   0.641931E-03   0.596282E+03
     -61  -0.647210E+02  -0.610000E-01   0.641365E-03   0.680488E+00   0.640506E-03   0.595221E+03
     -60  -0.636600E+02  -0.600000E-01   0.644280E-03   0.683581E+00   0.641288E-03   0.594160E+03
     -59  -0.625990E+02  -0.590000E-01   0.641481E-03   0.680611E+00   0.640557E-03   0.593099E+03
     -58  -0.615380E+02  -0.580000E-01   0.646671E-03   0.686118E+00   0.643396E-03   0.592038E+03
     -57  -0.604770E+02  -0.570000E-01   0.643854E-03   0.683129E+00   0.642921E-03   0.590977E+03
     -56  -0.594160E+02  -0.560000E-01   0.641433E-03   0.680561E+00   0.641879E-03   0.589916E+03
     -55  -0.583550E+02  -0.550000E-01   0.641666E-03   0.680808E+00   0.641412E-03   0.588855E+03
     -54  -0.572940E+02  -0.540000E-01   0.639374E-03   0.678375E+00   0.639478E-03   0.587794E+03
     -53  -0.562330E+02  -0.530000E-01   0.640682E-03   0.679764E+00   0.640527E-03   0.586733E+03
     -52  -0.551720E+02  -0.520000E-01   0.639871E-03   0.678903E+00   0.639562E-03   0.585672E+03
     -51  -0.541110E+02  -0.510000E-01   0.640111E-03   0.679158E+00   0.639278E-03   0.584611E+03
     -50  -0.530500E+02  -0.500000E-01   0.641388E-03   0.680513E+00   0.641423E-03   0.583550E+03
     -49  -0.519890E+02  -0.490000E-01   0.639162E-03   0.678151E+00   0.640539E-03   0.582489E+03
     -48  -0.509280E+02  -0.480000E-01   0.640947E-03   0.680045E+00   0.642003E-03   0.581428E+03
     -47  -0.498670E+02  -0.470000E-01   0.640595E-03   0.679672E+00   0.639761E-03   0.580367E+03
     -46  -0.488060E+02  -0.460000E-01   0.641371E-03   0.680495E+00   0.641529E-03   0.579306E+03
     -45  -0.477450E+02  -0.450000E-01   0.641607E-03   0.680745E+00   0.641740E-03   0.578245E+03
     -44  -0.466840E+02  -0.440000E-01   0.638957E-03   0.677934E+00   0.640156E-03   0.577184E+03
     -43  -0.456230E+02  -0.430000E-01   0.640090E-03   0.679136E+00   0.640336E-03   0.576123E+03
     -42  -0.445620E+02  -0.420000E-01   0.639260E-03   0.678255E+00   0.639983E-03   0.575062E+03
     -41  -0.435010E+02  -0.410000E-01   0.641155E-03   0.680266E+00   0.641545E-03   0.574001E+03
     -40  -0.424400E+02  -0.400000E-01   0.639243E-03   0.678237E+00   0.640433E-03   0.572940E+03
     -39  -0.413790E+02  -0.390000E-01   0.641709E-03   0.680854E+00   0.639081E-03   0.571879E+03
     -38  -0.403180E+02  -0.380000E-01   0.642249E-03   0.681426E+00   0.639784E-03   0.570818E+03
     -37  -0.392570E+02  -0.370000E-01   0.640056E-03   0.679100E+00   0.640100E-03   0.569757E+03
     -36  -0.381960E+02  -0.360000E-01   0.643565E-03   0.682822E+00   0.640632E-03   0.568696E+03
     -35  -0.371350E+02  -0.350000E-01   0.646035E-03   0.685443E+00   0.643881E-03   0.567635E+03
     -34  -0.360740E+02  -0.340000E-01   0.645114E-03   0.684466E+00   0.643774E-03   0.566574E+03
     -33  -0.350130E+02  -0.330000E-01   0.642048E-03   0.681213E+00   0.642101E-03   0.565513E+03
     -32  -0.339520E+02  -0.320000E-01   0.642116E-03   0.681285E+00   0.641439E-03   0.564452E+03
     -31  -0.328910E+02  -0.310000E-01   0.643172E-03   0.682405E+00   0.641640E-03   0.563391E+03
     -30  -0.318300E+02  -0.300000E-01   0.643344E-03   0.682588E+00   0.641784E-03   0.562330E+03
     -29  -0.307690E+02  -0.290000E-01   0.643758E-03   0.683027E+00   0.642646E-03   0.561269E+03
     -28  -0.297080E+02  -0.280000E-01   0.640249E-03   0.679304E+00   0.640964E-03   0.560208E+03
     -27  -0.286470E+02  -0.270000E-01   0.644034E-03   0.683320E+00   0.644312E-03   0.559147E+03
     -26  -0.275860E+02  -0.260000E-01   0.643801E-03   0.683073E+00   0.642573E-03   0.558086E+03
     -25  -0.265250E+02  -0.250000E-01   0.642508E-03   0.681701E+00   0.641039E-03   0.557025E+03
     -24  -0.254640E+02  -0.240000E-01   0.640849E-03   0.679941E+00   0.642012E-03   0.555964E+03
     -23  -0.244030E+02  -0.230000E-01   0.644407E-03   0.683715E+00   0.643323E-03   0.554903E+03
     -22  -0.233420E+02  -0.220000E-01   0.647823E-03   0.687340E+00   0.645677E-03   0.553842E+03
     -21  -0.222810E+02  -0.210000E-01   0.645755E-03   0.685146E+00   0.644028E-03   0.552781E+03
     -20  -0.212200E+02  -0.200000E-01   0.648191E-03   0.687731E+00   0.645027E-03   0.551720E+03
     -19  -0.201590E+02  -0.190000E-01   0.650026E-03   0.689678E+00   0.646262E-03   0.550659E+03
     -18  -0.190980E+02  -0.180000E-01   0.644102E-03   0.683392E+00   0.643078E-03   0.549598E+03
     -17  -0.180370E+02  -0.170000E-01   0.646270E-03   0.685692E+00   0.643107E-03   0.548537E+03
     -16  -0.169760E+02  -0.160000E-01   0.644305E-03   0.683607E+00   0.643872E-03   0.547476E+03
     -15  -0.159150E+02  -0.150000E-01   0.643574E-03   0.682832E+00   0.644271E-03   0.546415E+03
     -14  -0.148540E+02  -0.140000E-01   0.649086E-03   0.688680E+00   0.647753E-03   0.545354E+03
     -13  -0.137930E+02  -0.130000E-01   0.646268E-03   0.685690E+00   0.645233E-03   0.544293E+03
     -12  -0.127320E+02  -0.120000E-01   0.644410E-03   0.683719E+00   0.644079E-03   0.543232E+03
     -11  -0.116710E+02  -0.110000E-01   0.642837E-03   0.682050E+00   0.644349E-03   0.542171E+03
     -10  -0.106100E+02  -0.100000E-01   0.642551E-03   0.681747E+00   0.643221E-03   0.541110E+03
      -9  -0.954900E+01  -0.900000E-02   0.649099E-03   0.688694E+00   0.646794E-03   0.540049E+03
      -8  -0.848800E+01  -0.800000E-02   0.647605E-03   0.687109E+00   0.645073E-03   0.538988E+03
      -7  -0.742700E+01  -0.700000E-02   0.647927E-03   0.687450E+00   0.646086E-03   0.537927E+03
      -6  -0.636600E+01  -0.600000E-02   0.643852E-03   0.683127E+00   0.644659E-03   0.536866E+03
      -5  -0.530500E+01  -0.500000E-02   0.644178E-03   0.683473E+00   0.644851E-03   0.535805E+03
      -4  -0.424400E+01  -0.400000E-02   0.642239E-03   0.681416E+00   0.643165E-03   0.534744E+03
      -3  -0.318300E+01  -0.300000E-02   0.644791E-03   0.684123E+00   0.646134E-03   0.533683E+03
      -2  -0.212200E+01  -0.200000E-02   0.645333E-03   0.684699E+00   0.644472E-03   0.532622E+03
      -1  -0.106100E+01  -0.100000E-02   0.643974E-03   0.683256E+00   0.644772E-03   0.531561E+03
       0   0.000000E+00   0.000000E+00   0.642767E-03   0.681976E+00   0.642767E-03   0.530500E+03
       1   0.106100E+01   0.100000E-02   0.645570E-03   0.684950E+00   0.644772E-03   0.529439E+03
       2   0.212200E+01   0.200000E-02   0.643610E-03   0.682871E+00   0.644472E-03   0.528378E+03
       3   0.318300E+01   0.300000E-02   0.647478E-03   0.686975E+00   0.646134E-03   0.527317E+03
       4   0.424400E+01   0.400000E-02   0.644091E-03   0.683380E+00   0.643165E-03   0.526256E+03
       5   0.530500E+01   0.500000E-02   0.645524E-03   0.684901E+00   0.644851E-03   0.525195E+03
       6   0.636600E+01   0.600000E-02   0.645466E-03   0.684839E+00   0.644659E-03   0.524134E+03
       7   0.742700E+01   0.700000E-02   0.644246E-03   0.683545E+00   0.646086E-03   0.523073E+03
       8   0.848800E+01   0.800000E-02   0.642542E-03   0.681737E+00   0.645073E-03   0.522012E+03
       9   0.954900E+01   0.900000E-02   0.644488E-03   0.683802E+00   0.646794E-03   0.520951E+03
      10   0.106100E+02   0.100000E-01   0.643890E-03   0.683168E+00   0.643221E-03   0.519890E+03
      11   0.116710E+02   0.110000E-01   0.645861E-03   0.685259E+00   0.644349E-03   0.518829E+03
      12   0.127320E+02   0.120000E-01   0.643748E-03   0.683017E+00   0.644079E-03   0.517768E+03
      13   0.137930E+02   0.130000E-01   0.644199E-03   0.683495E+00   0.645233E-03   0.516707E+03
      14   0.148540E+02   0.140000E-01   0.646419E-03   0.685851E+00   0.647753E-03   0.515646E+03
      15   0.159150E+02   0.150000E-01   0.644968E-03   0.684311E+00   0.644271E-03   0.514585E+03
      16   0.169760E+02   0.160000E-01   0.643440E-03   0.682690E+00   0.643872E-03   0.513524E+03
      17   0.180370E+02   0.170000E-01   0.639945E-03   0.678981E+00   0.643107E-03   0.512463E+03
      18   0.190980E+02   0.180000E-01   0.642054E-03   0.681219E+00   0.643078E-03   0.511402E+03
      19   0.201590E+02   0.190000E-01   0.642498E-03   0.681691E+00   0.646262E-03   0.510341E+03
      20   0.212200E+02   0.200000E-01   0.641863E-03   0.681016E+00   0.645027E-03   0.509280E+03
      21   0.222810E+02   0.210000E-01   0.642301E-03   0.681482E+00   0.644028E-03   0.508219E+03
      22   0.233420E+02   0.220000E-01   0.643531E-03   0.682786E+00   0.645677E-03   0.507158E+03
      23   0.244030E+02   0.230000E-01   0.642239E-03   0.681416E+00   0.643323E-03   0.506097E+03
      24   0.254640E+02   0.240000E-01   0.643175E-03   0.682409E+00   0.642012E-03   0.505036E+03
      25   0.265250E+02   0.250000E-01   0.639570E-03   0.678584E+00   0.641039E-03   0.503975E+03
      26   0.275860E+02   0.260000E-01   0.641344E-03   0.680466E+00   0.642573E-03   0.502914E+03
      27   0.286470E+02   0.270000E-01   0.644590E-03   0.683910E+00   0.644312E-03   0.501853E+03
      28   0.297080E+02   0.280000E-01   0.641679E-03   0.680822E+00   0.640964E-03   0.500792E+03
      29   0.307690E+02   0.290000E-01   0.641534E-03   0.680667E+00   0.642646E-03   0.499731E+03
      30   0.318300E+02   0.300000E-01   0.640225E-03   0.679278E+00   0.641784E-03   0.498670E+03
      31   0.328910E+02   0.310000E-01   0.640109E-03   0.679156E+00   0.641640E-03   0.497609E+03
      32   0.339520E+02   0.320000E-01   0.640762E-03   0.679848E+00   0.641439E-03   0.496548E+03
      33   0.350130E+02   0.330000E-01   0.642154E-03   0.681325E+00   0.642101E-03   0.495487E+03
      34   0.360740E+02   0.340000E-01   0.642434E-03   0.681622E+00   0.643774E-03   0.494426E+03
      35   0.371350E+02   0.350000E-01   0.641726E-03   0.680872E+00   0.643881E-03   0.493365E+03
      36   0.381960E+02   0.360000E-01   0.637700E-03   0.676599E+00   0.640632E-03   0.492304E+03
      37   0.392570E+02   0.370000E-01   0.640143E-03   0.679192E+00   0.640100E-03   0.491243E+03
      38   0.403180E+02   0.380000E-01   0.637319E-03   0.676196E+00   0.639784E-03   0.490182E+03
      39   0.413790E+02   0.390000E-01   0.636453E-03   0.675277E+00   0.639081E-03   0.489121E+03
      40   0.424400E+02   0.400000E-01   0.641622E-03   0.680761E+00   0.640433E-03   0.488060E+03
      41   0.435010E+02   0.410000E-01   0.641935E-03   0.681093E+00   0.641545E-03   0.486999E+03
      42   0.445620E+02   0.420000E-01   0.640705E-03   0.679788E+00   0.639983E-03   0.485938E+03
      43   0.456230E+02   0.430000E-01   0.640582E-03   0.679658E+00   0.640336E-03   0.484877E+03
      44   0.466840E+02   0.440000E-01   0.641354E-03   0.680476E+00   0.640156E-03   0.483816E+03
      45   0.477450E+02   0.450000E-01   0.641872E-03   0.681026E+00   0.641740E-03   0.482755E+03
      46   0.488060E+02   0.460000E-01   0.641687E-03   0.680830E+00   0.641529E-03   0.481694E+03
      47   0.498670E+02   0.470000E-01   0.638927E-03   0.677902E+00   0.639761E-03   0.480633E+03
      48   0.509280E+02   0.480000E-01   0.643058E-03   0.682285E+00   0.642003E-03   0.479572E+03
      49   0.519890E+02   0.490000E-01   0.641916E-03   0.681072E+00   0.640539E-03   0.478511E+03
      50   0.530500E+02   0.500000E-01   0.641458E-03   0.680587E+00   0.641423E-03   0.477450E+03
      51   0.541110E+02   0.510000E-01   0.638445E-03   0.677390E+00   0.639278E-03   0.476389E+03
      52   0.551720E+02   0.520000E-01   0.639252E-03   0.678247E+00   0.639562E-03   0.475328E+03
      53   0.562330E+02   0.530000E-01   0.640372E-03   0.679435E+00   0.640527E-03   0.474267E+03
      54   0.572940E+02   0.540000E-01   0.639582E-03   0.678596E+00   0.639478E-03   0.473206E+03
      55   0.583550E+02   0.550000E-01   0.641159E-03   0.680270E+00   0.641412E-03   0.472145E+03
      56   0.594160E+02   0.560000E-01   0.642324E-03   0.681506E+00   0.641879E-03   0.471084E+03
      57   0.604770E+02   0.570000E-01   0.641987E-03   0.681149E+00   0.642921E-03   0.470023E+03
      58   0.615380E+02   0.580000E-01   0.640121E-03   0.679168E+00   0.643396E-03   0.468962E+03
      59   0.625990E+02   0.590000E-01   0.639633E-03   0.678650E+00   0.640557E-03   0.467901E+03
      60   0.636600E+02   0.600000E-01   0.638295E-03   0.677231E+00   0.641288E-03   0.466840E+03
      61   0.647210E+02   0.610000E-01   0.639648E-03   0.678666E+00   0.640506E-03   0.465779E+03
      62   0.657820E+02   0.620000E-01   0.642160E-03   0.681331E+00   0.641931E-03   0.464718E+03
      63   0.668430E+02   0.630000E-01   0.642833E-03   0.682046E+00   0.642906E-03   0.463657E+03
      64   0.679040E+02   0.640000E-01   0.643817E-03   0.683089E+00   0.642705E-03   0.462596E+03
      65   0.689650E+02   0.650000E-01   0.644507E-03   0.683822E+00   0.642860E-03   0.461535E+03
      66   0.700260E+02   0.660000E-01   0.646383E-03   0.685813E+00   0.643470E-03   0.460474E+03
      67   0.710870E+02   0.670000E-01   0.644740E-03   0.684069E+00   0.643389E-03   0.459413E+03
      68   0.721480E+02   0.680000E-01   0.641108E-03   0.680216E+00   0.641800E-03   0.458352E+03
      69   0.732090E+02   0.690000E-01   0.639627E-03   0.678644E+00   0.641701E-03   0.457291E+03
      70   0.742700E+02   0.700000E-01   0.643327E-03   0.682570E+00   0.642720E-03   0.456230E+03
      71   0.753310E+02   0.710000E-01   0.642479E-03   0.681671E+00   0.642431E-03   0.455169E+03
      72   0.763920E+02   0.720000E-01   0.641530E-03   0.680663E+00   0.641970E-03   0.454108E+03
      73   0.774530E+02   0.730000E-01   0.643319E-03   0.682562E+00   0.642318E-03   0.453047E+03
      74   0.785140E+02   0.740000E-01   0.640573E-03   0.679648E+00   0.640934E-03   0.451986E+03
      75   0.795750E+02   0.750000E-01   0.642470E-03   0.681660E+00   0.643172E-03   0.450925E+03
      76   0.806360E+02   0.760000E-01   0.643521E-03   0.682776E+00   0.643219E-03   0.449864E+03
      77   0.816970E+02   0.770000E-01   0.644350E-03   0.683655E+00   0.644401E-03   0.448803E+03
      78   0.827580E+02   0.780000E-01   0.645992E-03   0.685397E+00   0.644714E-03   0.447742E+03
      79   0.838190E+02   0.790000E-01   0.644876E-03   0.684213E+00   0.643600E-03   0.446681E+03
      80   0.848800E+02   0.800000E-01   0.640423E-03   0.679489E+00   0.642269E-03   0.445620E+03
      81   0.859410E+02   0.810000E-01   0.639585E-03   0.678600E+00   0.641915E-03   0.444559E+03
      82   0.870020E+02   0.820000E-01   0.639205E-03   0.678197E+00   0.641044E-03   0.443498E+03
      83   0.880630E+02   0.830000E-01   0.637388E-03   0.676268E+00   0.640180E-03   0.442437E+03
      84   0.891240E+02   0.840000E-01   0.638246E-03   0.677179E+00   0.641376E-03   0.441376E+03
      85   0.901850E+02   0.850000E-01   0.638696E-03   0.677657E+00   0.639588E-03   0.440315E+03
      86   0.912460E+02   0.860000E-01   0.640332E-03   0.679393E+00   0.641034E-03   0.439254E+03
      87   0.923070E+02   0.870000E-01   0.641426E-03   0.680553E+00   0.641933E-03   0.438193E+03
      88   0.933680E+02   0.880000E-01   0.642649E-03   0.681851E+00   0.641604E-03   0.437132E+03
      89   0.944290E+02   0.890000E-01   0.641942E-03   0.681101E+00   0.641864E-03   0.436071E+03
      90   0.954900E+02   0.900000E-01   0.641462E-03   0.680591E+00   0.640951E-03   0.435010E+03
      91   0.965510E+02   0.910000E-01   0.640677E-03   0.679758E+00   0.640599E-03   0.433949E+03
      92   0.976120E+02   0.920000E-01   0.642937E-03   0.682156E+00   0.643175E-03   0.432888E+03
      93   0.986730E+02   0.930000E-01   0.643041E-03   0.682267E+00   0.644212E-03   0.431827E+03
      94   0.997340E+02   0.940000E-01   0.641547E-03   0.680681E+00   0.642773E-03   0.430766E+03
      95   0.100795E+03   0.950000E-01   0.638218E-03   0.677149E+00   0.640901E-03   0.429705E+03
      96   0.101856E+03   0.960000E-01   0.642076E-03   0.681243E+00   0.643379E-03   0.428644E+03
      97   0.102917E+03   0.970000E-01   0.639169E-03   0.678159E+00   0.642079E-03   0.427583E+03
      98   0.103978E+03   0.980000E-01   0.640788E-03   0.679876E+00   0.642544E-03   0.426522E+03
      99   0.105039E+03   0.990000E-01   0.640896E-03   0.679991E+00   0.643169E-03   0.425461E+03
     100   0.106100E+03   0.100000E+00   0.642076E-03   0.681243E+00   0.642655E-03   0.424400E+03
     101   0.107161E+03   0.101000E+00   0.641825E-03   0.680976E+00   0.642049E-03   0.423339E+03
     102   0.108222E+03   0.102000E+00   0.641935E-03   0.681093E+00   0.642643E-03   0.422278E+03
     103   0.109283E+03   0.103000E+00   0.642441E-03   0.681630E+00   0.643846E-03   0.421217E+03
     104   0.110344E+03   0.104000E+00   0.642687E-03   0.681891E+00   0.644384E-03   0.420156E+03
     105   0.111405E+03   0.105000E+00   0.643743E-03   0.683011E+00   0.644666E-03   0.419095E+03
     106   0.112466E+03   0.106000E+00   0.644397E-03   0.683705E+00   0.644174E-03   0.418034E+03
     107   0.113527E+03   0.107000E+00   0.639672E-03   0.678692E+00   0.640334E-03   0.416973E+03
     108   0.114588E+03   0.108000E+00   0.641269E-03   0.680386E+00   0.642027E-03   0.415912E+03
     109   0.115649E+03   0.109000E+00   0.640586E-03   0.679662E+00   0.643708E-03   0.414851E+03
     110   0.116710E+03   0.110000E+00   0.643223E-03   0.682459E+00   0.645019E-03   0.413790E+03
     111   0.117771E+03   0.111000E+00   0.643264E-03   0.682503E+00   0.645884E-03   0.412729E+03
     112   0.118832E+03   0.112000E+00   0.643860E-03   0.683135E+00   0.644330E-03   0.411668E+03
     113   0.119893E+03   0.113000E+00   0.641602E-03   0.680739E+00   0.643322E-03   0.410607E+03
     114   0.120954E+03   0.114000E+00   0.645676E-03   0.685062E+00   0.646193E-03   0.409546E+03
     115   0.122015E+03   0.115000E+00   0.644346E-03   0.683651E+00   0.645907E-03   0.408485E+03
     116   0.123076E+03   0.116000E+00   0.642893E-03   0.682110E+00   0.644809E-03   0.407424E+03
     117   0.124137E+03   0.117000E+00   0.645192E-03   0.684548E+00   0.645577E-03   0.406363E+03
     118   0.125198E+03   0.118000E+00   0.645625E-03   0.685008E+00   0.647779E-03   0.405302E+03
     119   0.126259E+03   0.119000E+00   0.645313E-03   0.684677E+00   0.647701E-03   0.404241E+03
     120   0.127320E+03   0.120000E+00   0.643393E-03   0.682640E+00   0.645864E-03   0.403180E+03
     121   0.128381E+03   0.121000E+00   0.644284E-03   0.683585E+00   0.646095E-03   0.402119E+03
     122   0.129442E+03   0.122000E+00   0.645890E-03   0.685289E+00   0.648016E-03   0.401058E+03
     123   0.130503E+03   0.123000E+00   0.647145E-03   0.686621E+00   0.648011E-03   0.399997E+03
     124   0.131564E+03   0.124000E+00   0.646937E-03   0.686401E+00   0.647694E-03   0.398936E+03
     125   0.132625E+03   0.125000E+00   0.645133E-03   0.684486E+00   0.646768E-03   0.397875E+03
     126   0.133686E+03   0.126000E+00   0.643796E-03   0.683067E+00   0.645644E-03   0.396814E+03
     127   0.134747E+03   0.127000E+00   0.647388E-03   0.686878E+00   0.648030E-03   0.395753E+03
     128   0.135808E+03   0.128000E+00   0.645343E-03   0.684709E+00   0.647012E-03   0.394692E+03
     129   0.136869E+03   0.129000E+00   0.644356E-03   0.683661E+00   0.646351E-03   0.393631E+03
     130   0.137930E+03   0.130000E+00   0.644267E-03   0.683567E+00   0.646356E-03   0.392570E+03
     131   0.138991E+03   0.131000E+00   0.642349E-03   0.681532E+00   0.645645E-03   0.391509E+03
     132   0.140052E+03   0.132000E+00   0.641191E-03   0.680304E+00   0.646494E-03   0.390448E+03
     133   0.141113E+03   0.133000E+00   0.641426E-03   0.680553E+00   0.644556E-03   0.389387E+03
     134   0.142174E+03   0.134000E+00   0.643124E-03   0.682355E+00   0.645263E-03   0.388326E+03
     135   0.143235E+03   0.135000E+00   0.645415E-03   0.684785E+00   0.647067E-03   0.387265E+03
     136   0.144296E+03   0.136000E+00   0.645672E-03   0.685058E+00   0.647405E-03   0.386204E+03
     137   0.145357E+03   0.137000E+00   0.642587E-03   0.681785E+00   0.645457E-03   0.385143E+03
     138   0.146418E+03   0.138000E+00   0.643306E-03   0.682547E+00   0.645579E-03   0.384082E+03
     139   0.147479E+03   0.139000E+00   0.643658E-03   0.682921E+00   0.646136E-03   0.383021E+03
     140   0.148540E+03   0.140000E+00   0.646024E-03   0.685431E+00   0.646508E-03   0.381960E+03
     141   0.149601E+03   0.141000E+00   0.643007E-03   0.682230E+00   0.646172E-03   0.380899E+03
     142   0.150662E+03   0.142000E+00   0.644289E-03   0.683591E+00   0.646005E-03   0.379838E+03
     143   0.151723E+03   0.143000E+00   0.645515E-03   0.684891E+00   0.646066E-03   0.378777E+03
     144   0.152784E+03   0.144000E+00   0.643425E-03   0.682674E+00   0.644744E-03   0.377716E+03
     145   0.153845E+03   0.145000E+00   0.641789E-03   0.680938E+00   0.644554E-03   0.376655E+03
     146   0.154906E+03   0.146000E+00   0.639597E-03   0.678612E+00   0.643988E-03   0.375594E+03
     147   0.155967E+03   0.147000E+00   0.644136E-03   0.683428E+00   0.644921E-03   0.374533E+03
     148   0.157028E+03   0.148000E+00   0.647075E-03   0.686547E+00   0.647007E-03   0.373472E+03
     149   0.158089E+03   0.149000E+00   0.646557E-03   0.685997E+00   0.646967E-03   0.372411E+03
     150   0.159150E+03   0.150000E+00   0.645545E-03   0.684924E+00   0.645761E-03   0.371350E+03
     151   0.160211E+03   0.151000E+00   0.642271E-03   0.681450E+00   0.642302E-03   0.370289E+03
     152   0.161272E+03   0.152000E+00   0.643018E-03   0.682242E+00   0.643878E-03   0.369228E+03
     153   0.162333E+03   0.153000E+00   0.643569E-03   0.682826E+00   0.645380E-03   0.368167E+03
     154   0.163394E+03   0.154000E+00   0.645678E-03   0.685064E+00   0.645253E-03   0.367106E+03
     155   0.164455E+03   0.155000E+00   0.646120E-03   0.685534E+00   0.645993E-03   0.366045E+03
     156   0.165516E+03   0.156000E+00   0.645042E-03   0.684390E+00   0.646213E-03   0.364984E+03
     157   0.166577E+03   0.157000E+00   0.646082E-03   0.685493E+00   0.647227E-03   0.363923E+03
     158   0.167638E+03   0.158000E+00   0.646726E-03   0.686176E+00   0.647574E-03   0.362862E+03
     159   0.168699E+03   0.159000E+00   0.648715E-03   0.688287E+00   0.648138E-03   0.361801E+03
     160   0.169760E+03   0.160000E+00   0.646877E-03   0.686336E+00   0.647069E-03   0.360740E+03
     161   0.170821E+03   0.161000E+00   0.648085E-03   0.687619E+00   0.646974E-03   0.359679E+03
     162   0.171882E+03   0.162000E+00   0.646854E-03   0.686312E+00   0.646607E-03   0.358618E+03
     163   0.172943E+03   0.163000E+00   0.647938E-03   0.687462E+00   0.647747E-03   0.357557E+03
     164   0.174004E+03   0.164000E+00   0.647870E-03   0.687390E+00   0.646876E-03   0.356496E+03
     165   0.175065E+03   0.165000E+00   0.649758E-03   0.689393E+00   0.648468E-03   0.355435E+03
     166   0.176126E+03   0.166000E+00   0.648486E-03   0.688044E+00   0.648338E-03   0.354374E+03
     167   0.177187E+03   0.167000E+00   0.650804E-03   0.690503E+00   0.649527E-03   0.353313E+03
     168   0.178248E+03   0.168000E+00   0.651025E-03   0.690737E+00   0.649913E-03   0.352252E+03
     169   0.179309E+03   0.169000E+00   0.652612E-03   0.692421E+00   0.650687E-03   0.351191E+03
     170   0.180370E+03   0.170000E+00   0.651025E-03   0.690737E+00   0.649388E-03   0.350130E+03
     171   0.181431E+03   0.171000E+00   0.651350E-03   0.691082E+00   0.651484E-03   0.349069E+03
     172   0.182492E+03   0.172000E+00   0.651566E-03   0.691311E+00   0.650577E-03   0.348008E+03
     173   0.183553E+03   0.173000E+00   0.652772E-03   0.692592E+00   0.652383E-03   0.346947E+03
     174   0.184614E+03   0.174000E+00   0.650079E-03   0.689734E+00   0.650492E-03   0.345886E+03
     175   0.185675E+03   0.175000E+00   0.650792E-03   0.690490E+00   0.651178E-03   0.344825E+03
     176   0.186736E+03   0.176000E+00   0.650026E-03   0.689678E+00   0.649797E-03   0.343764E+03
     177   0.187797E+03   0.177000E+00   0.649519E-03   0.689140E+00   0.650711E-03   0.342703E+03
     178   0.188858E+03   0.178000E+00   0.651136E-03   0.690856E+00   0.650525E-03   0.341642E+03
     179   0.189919E+03   0.179000E+00   0.650732E-03   0.690426E+00   0.650081E-03   0.340581E+03
     180   0.190980E+03   0.180000E+00   0.647760E-03   0.687274E+00   0.650099E-03   0.339520E+03
     181   0.192041E+03   0.181000E+00   0.646544E-03   0.685983E+00   0.648931E-03   0.338459E+03
     182   0.193102E+03   0.182000E+00   0.650028E-03   0.689680E+00   0.651187E-03   0.337398E+03
     183   0.194163E+03   0.183000E+00   0.648231E-03   0.687773E+00   0.650328E-03   0.336337E+03
     184   0.195224E+03   0.184000E+00   0.646996E-03   0.686463E+00   0.649961E-03   0.335276E+03
     185   0.196285E+03   0.185000E+00   0.646809E-03   0.686264E+00   0.652697E-03   0.334215E+03
     186   0.197346E+03   0.186000E+00   0.647185E-03   0.686663E+00   0.651056E-03   0.333154E+03
     187   0.198407E+03   0.187000E+00   0.649442E-03   0.689058E+00   0.652052E-03   0.332093E+03
     188   0.199468E+03   0.188000E+00   0.647662E-03   0.687169E+00   0.650827E-03   0.331032E+03
     189   0.200529E+03   0.189000E+00   0.646169E-03   0.685586E+00   0.649395E-03   0.329971E+03
     190   0.201590E+03   0.190000E+00   0.649421E-03   0.689036E+00   0.650204E-03   0.328910E+03
     191   0.202651E+03   0.191000E+00   0.648929E-03   0.688514E+00   0.649844E-03   0.327849E+03
     192   0.203712E+03   0.192000E+00   0.649054E-03   0.688646E+00   0.650908E-03   0.326788E+03
     193   0.204773E+03   0.193000E+00   0.650943E-03   0.690651E+00   0.651053E-03   0.325727E+03
     194   0.205834E+03   0.194000E+00   0.651936E-03   0.691705E+00   0.653102E-03   0.324666E+03
     195   0.206895E+03   0.195000E+00   0.649292E-03   0.688899E+00   0.651408E-03   0.323605E+03
     196   0.207956E+03   0.196000E+00   0.650141E-03   0.689800E+00   0.651976E-03   0.322544E+03
     197   0.209017E+03   0.197000E+00   0.649604E-03   0.689230E+00   0.651553E-03   0.321483E+03
     198   0.210078E+03   0.198000E+00   0.649964E-03   0.689611E+00   0.651988E-03   0.320422E+03
     199   0.211139E+03   0.199000E+00   0.651106E-03   0.690824E+00   0.652797E-03   0.319361E+03
     200   0.212200E+03   0.200000E+00   0.652022E-03   0.691795E+00   0.652033E-03   0.318300E+03
     201   0.213261E+03   0.201000E+00   0.655804E-03   0.695809E+00   0.653795E-03   0.317239E+03
     202   0.214322E+03   0.202000E+00   0.655407E-03   0.695387E+00   0.653388E-03   0.316178E+03
     203   0.215383E+03   0.203000E+00   0.656571E-03   0.696621E+00   0.654319E-03   0.315117E+03
     204   0.216444E+03   0.204000E+00   0.653270E-03   0.693119E+00   0.653366E-03   0.314056E+03
     205   0.217505E+03   0.205000E+00   0.657191E-03   0.697280E+00   0.655338E-03   0.312995E+03
     206   0.218566E+03   0.206000E+00   0.657469E-03   0.697575E+00   0.655481E-03   0.311934E+03
     207   0.219627E+03   0.207000E+00   0.659090E-03   0.699294E+00   0.657779E-03   0.310873E+03
     208   0.220688E+03   0.208000E+00   0.658165E-03   0.698313E+00   0.657274E-03   0.309812E+03
     209   0.221749E+03   0.209000E+00   0.658248E-03   0.698401E+00   0.657576E-03   0.308751E+03
     210   0.222810E+03   0.210000E+00   0.658865E-03   0.699056E+00   0.657153E-03   0.307690E+03
     211   0.223871E+03   0.211000E+00   0.656862E-03   0.696930E+00   0.656615E-03   0.306629E+03
     212   0.224932E+03   0.212000E+00   0.653938E-03   0.693828E+00   0.654735E-03   0.305568E+03
     213   0.225993E+03   0.213000E+00   0.655042E-03   0.695000E+00   0.654873E-03   0.304507E+03
     214   0.227054E+03   0.214000E+00   0.657966E-03   0.698102E+00   0.657997E-03   0.303446E+03
     215   0.228115E+03   0.215000E+00   0.658623E-03   0.698799E+00   0.657748E-03   0.302385E+03
     216   0.229176E+03   0.216000E+00   0.654337E-03   0.694251E+00   0.654166E-03   0.301324E+03
     217   0.230237E+03   0.217000E+00   0.655496E-03   0.695481E+00   0.654956E-03   0.300263E+03
     218   0.231298E+03   0.218000E+00   0.657915E-03   0.698048E+00   0.656940E-03   0.299202E+03
     219   0.232359E+03   0.219000E+00   0.657632E-03   0.697747E+00   0.656592E-03   0.298141E+03
     220   0.233420E+03   0.220000E+00   0.660904E-03   0.701219E+00   0.658220E-03   0.297080E+03
     221   0.234481E+03   0.221000E+00   0.659177E-03   0.699387E+00   0.658504E-03   0.296019E+03
     222   0.235542E+03   0.222000E+00   0.655112E-03   0.695074E+00   0.657456E-03   0.294958E+03
     223   0.236603E+03   0.223000E+00   0.653779E-03   0.693659E+00   0.656518E-03   0.293897E+03
     224   0.237664E+03   0.224000E+00   0.655678E-03   0.695674E+00   0.657553E-03   0.292836E+03
     225   0.238725E+03   0.225000E+00   0.655967E-03   0.695981E+00   0.658513E-03   0.291775E+03
     226   0.239786E+03   0.226000E+00   0.659410E-03   0.699634E+00   0.660677E-03   0.290714E+03
     227   0.240847E+03   0.227000E+00   0.662334E-03   0.702736E+00   0.661484E-03   0.289653E+03
     228   0.241908E+03   0.228000E+00   0.661278E-03   0.701616E+00   0.660436E-03   0.288592E+03
     229   0.242969E+03   0.229000E+00   0.659758E-03   0.700003E+00   0.660327E-03   0.287531E+03
     230   0.244030E+03   0.230000E+00   0.661208E-03   0.701542E+00   0.663600E-03   0.286470E+03
     231   0.245091E+03   0.231000E+00   0.660554E-03   0.700848E+00   0.663413E-03   0.285409E+03
     232   0.246152E+03   0.232000E+00   0.659724E-03   0.699967E+00   0.662484E-03   0.284348E+03
     233   0.247213E+03   0.233000E+00   0.660300E-03   0.700579E+00   0.662232E-03   0.283287E+03
     234   0.248274E+03   0.234000E+00   0.661517E-03   0.701869E+00   0.663327E-03   0.282226E+03
     235   0.249335E+03   0.235000E+00   0.662623E-03   0.703043E+00   0.663692E-03   0.281165E+03
     236   0.250396E+03   0.236000E+00   0.665038E-03   0.705606E+00   0.665028E-03   0.280104E+03
     237   0.251457E+03   0.237000E+00   0.664055E-03   0.704562E+00   0.663889E-03   0.279043E+03
     238   0.252518E+03   0.238000E+00   0.662194E-03   0.702588E+00   0.663570E-03   0.277982E+03
     239   0.253579E+03   0.239000E+00   0.662580E-03   0.702997E+00   0.662199E-03   0.276921E+03
     240   0.254640E+03   0.240000E+00   0.664422E-03   0.704952E+00   0.664581E-03   0.275860E+03
     241   0.255701E+03   0.241000E+00   0.662833E-03   0.703266E+00   0.664753E-03   0.274799E+03
     242   0.256762E+03   0.242000E+00   0.665067E-03   0.705636E+00   0.667457E-03   0.273738E+03
     243   0.257823E+03   0.243000E+00   0.664233E-03   0.704751E+00   0.663647E-03   0.272677E+03
     244   0.258884E+03   0.244000E+00   0.667225E-03   0.707926E+00   0.664437E-03   0.271616E+03
     245   0.259945E+03   0.245000E+00   0.666198E-03   0.706836E+00   0.665041E-03   0.270555E+03
     246   0.261006E+03   0.246000E+00   0.668810E-03   0.709607E+00   0.666280E-03   0.269494E+03
     247   0.262067E+03   0.247000E+00   0.668184E-03   0.708943E+00   0.665887E-03   0.268433E+03
     248   0.263128E+03   0.248000E+00   0.665977E-03   0.706601E+00   0.664422E-03   0.267372E+03
     249   0.264189E+03   0.249000E+00   0.666495E-03   0.707151E+00   0.664772E-03   0.266311E+03
     250   0.265250E+03   0.250000E+00   0.669659E-03   0.710508E+00   0.665873E-03   0.265250E+03
     251   0.266311E+03   0.251000E+00   0.668146E-03   0.708903E+00   0.665657E-03   0.264189E+03
     252   0.267372E+03   0.252000E+00   0.667613E-03   0.708337E+00   0.665486E-03   0.263128E+03
     253   0.268433E+03   0.253000E+00   0.667862E-03   0.708602E+00   0.665937E-03   0.262067E+03
     254   0.269494E+03   0.254000E+00   0.670022E-03   0.710894E+00   0.666948E-03   0.261006E+03
     255   0.270555E+03   0.255000E+00   0.667151E-03   0.707847E+00   0.664806E-03   0.259945E+03
     256   0.271616E+03   0.256000E+00   0.669264E-03   0.710089E+00   0.667709E-03   0.258884E+03
     257   0.272677E+03   0.257000E+00   0.667687E-03   0.708415E+00   0.665003E-03   0.257823E+03
     258   0.273738E+03   0.258000E+00   0.668931E-03   0.709736E+00   0.665944E-03   0.256762E+03
     259   0.274799E+03   0.259000E+00   0.668280E-03   0.709046E+00   0.665330E-03   0.255701E+03
     260   0.275860E+03   0.260000E+00   0.670429E-03   0.711325E+00   0.668287E-03   0.254640E+03
     261   0.276921E+03   0.261000E+00   0.669608E-03   0.710454E+00   0.667294E-03   0.253579E+03
     262   0.277982E+03   0.262000E+00   0.672687E-03   0.713721E+00   0.668587E-03   0.252518E+03
     263   0.279043E+03   0.263000E+00   0.673864E-03   0.714970E+00   0.671302E-03   0.251457E+03
     264   0.280104E+03   0.264000E+00   0.671937E-03   0.712925E+00   0.669333E-03   0.250396E+03
     265   0.281165E+03   0.265000E+00   0.674159E-03   0.715283E+00   0.669689E-03   0.249335E+03
     266   0.282226E+03   0.266000E+00   0.674380E-03   0.715518E+00   0.672499E-03   0.248274E+03
     267   0.283287E+03   0.267000E+00   0.675701E-03   0.716918E+00   0.671855E-03   0.247213E+03
     268   0.284348E+03   0.268000E+00   0.674683E-03   0.715839E+00   0.672824E-03   0.246152E+03
     269   0.285409E+03   0.269000E+00   0.673132E-03   0.714193E+00   0.672440E-03   0.245091E+03
     270   0.286470E+03   0.270000E+00   0.675774E-03   0.716997E+00   0.673607E-03   0.244030E+03
     271   0.287531E+03   0.271000E+00   0.675322E-03   0.716517E+00   0.675358E-03   0.242969E+03
     272   0.288592E+03   0.272000E+00   0.675988E-03   0.717223E+00   0.676251E-03   0.241908E+03
     273   0.289653E+03   0.273000E+00   0.674861E-03   0.716027E+00   0.674733E-03   0.240847E+03
     274   0.290714E+03   0.274000E+00   0.674526E-03   0.715672E+00   0.674928E-03   0.239786E+03
     275   0.291775E+03   0.275000E+00   0.676608E-03   0.717882E+00   0.676052E-03   0.238725E+03
     276   0.292836E+03   0.276000E+00   0.678746E-03   0.720149E+00   0.677061E-03   0.237664E+03
     277   0.293897E+03   0.277000E+00   0.675572E-03   0.716782E+00   0.675158E-03   0.236603E+03
     278   0.294958E+03   0.278000E+00   0.678254E-03   0.719627E+00   0.676353E-03   0.235542E+03
     279   0.296019E+03   0.279000E+00   0.676731E-03   0.718012E+00   0.676494E-03   0.234481E+03
     280   0.297080E+03   0.280000E+00   0.678765E-03   0.720169E+00   0.677693E-03   0.233420E+03
     281   0.298141E+03   0.281000E+00   0.678521E-03   0.719910E+00   0.676838E-03   0.232359E+03
     282   0.299202E+03   0.282000E+00   0.680679E-03   0.722200E+00   0.678653E-03   0.231298E+03
     283   0.300263E+03   0.283000E+00   0.678657E-03   0.720055E+00   0.676859E-03   0.230237E+03
     284   0.301324E+03   0.284000E+00   0.681201E-03   0.722754E+00   0.679643E-03   0.229176E+03
     285   0.302385E+03   0.285000E+00   0.683707E-03   0.725413E+00   0.680790E-03   0.228115E+03
     286   0.303446E+03   0.286000E+00   0.680206E-03   0.721699E+00   0.679931E-03   0.227054E+03
     287   0.304507E+03   0.287000E+00   0.680448E-03   0.721955E+00   0.678383E-03   0.225993E+03
     288   0.305568E+03   0.288000E+00   0.681002E-03   0.722543E+00   0.678649E-03   0.224932E+03
     289   0.306629E+03   0.289000E+00   0.679024E-03   0.720444E+00   0.677366E-03   0.223871E+03
     290   0.307690E+03   0.290000E+00   0.677119E-03   0.718423E+00   0.675799E-03   0.222810E+03
     291   0.308751E+03   0.291000E+00   0.678439E-03   0.719824E+00   0.677456E-03   0.221749E+03
     292   0.309812E+03   0.292000E+00   0.679559E-03   0.721012E+00   0.679558E-03   0.220688E+03
     293   0.310873E+03   0.293000E+00   0.679616E-03   0.721072E+00   0.679825E-03   0.219627E+03
     294   0.311934E+03   0.294000E+00   0.679934E-03   0.721410E+00   0.679760E-03   0.218566E+03
     295   0.312995E+03   0.295000E+00   0.678992E-03   0.720410E+00   0.679634E-03   0.217505E+03
     296   0.314056E+03   0.296000E+00   0.680747E-03   0.722272E+00   0.680917E-03   0.216444E+03
     297   0.315117E+03   0.297000E+00   0.683355E-03   0.725040E+00   0.684257E-03   0.215383E+03
     298   0.316178E+03   0.298000E+00   0.681984E-03   0.723585E+00   0.681494E-03   0.214322E+03
     299   0.317239E+03   0.299000E+00   0.685137E-03   0.726930E+00   0.683199E-03   0.213261E+03
     300   0.318300E+03   0.300000E+00   0.685504E-03   0.727320E+00   0.683908E-03   0.212200E+03
     301   0.319361E+03   0.301000E+00   0.683919E-03   0.725638E+00   0.683886E-03   0.211139E+03
     302   0.320422E+03   0.302000E+00   0.683705E-03   0.725411E+00   0.682829E-03   0.210078E+03
     303   0.321483E+03   0.303000E+00   0.687064E-03   0.728975E+00   0.685681E-03   0.209017E+03
     304   0.322544E+03   0.304000E+00   0.682924E-03   0.724582E+00   0.684208E-03   0.207956E+03
     305   0.323605E+03   0.305000E+00   0.684136E-03   0.725869E+00   0.684474E-03   0.206895E+03
     306   0.324666E+03   0.306000E+00   0.687811E-03   0.729768E+00   0.687690E-03   0.205834E+03
     307   0.325727E+03   0.307000E+00   0.688165E-03   0.730143E+00   0.687392E-03   0.204773E+03
     308   0.326788E+03   0.308000E+00   0.688222E-03   0.730203E+00   0.687117E-03   0.203712E+03
     309   0.327849E+03   0.309000E+00   0.691061E-03   0.733216E+00   0.688701E-03   0.202651E+03
     310   0.328910E+03   0.310000E+00   0.688576E-03   0.730579E+00   0.688105E-03   0.201590E+03
     311   0.329971E+03   0.311000E+00   0.689476E-03   0.731534E+00   0.689074E-03   0.200529E+03
     312   0.331032E+03   0.312000E+00   0.690210E-03   0.732313E+00   0.690455E-03   0.199468E+03
     313   0.332093E+03   0.313000E+00   0.691519E-03   0.733701E+00   0.691955E-03   0.198407E+03
     314   0.333154E+03   0.314000E+00   0.689701E-03   0.731773E+00   0.689759E-03   0.197346E+03
     315   0.334215E+03   0.315000E+00   0.692602E-03   0.734851E+00   0.691255E-03   0.196285E+03
     316   0.335276E+03   0.316000E+00   0.692118E-03   0.734337E+00   0.689073E-03   0.195224E+03
     317   0.336337E+03   0.317000E+00   0.695370E-03   0.737787E+00   0.692219E-03   0.194163E+03
     318   0.337398E+03   0.318000E+00   0.694051E-03   0.736388E+00   0.692479E-03   0.193102E+03
     319   0.338459E+03   0.319000E+00   0.697176E-03   0.739704E+00   0.694580E-03   0.192041E+03
     320   0.339520E+03   0.320000E+00   0.697881E-03   0.740452E+00   0.695315E-03   0.190980E+03
     321   0.340581E+03   0.321000E+00   0.697617E-03   0.740171E+00   0.695030E-03   0.189919E+03
     322   0.341642E+03   0.322000E+00   0.697579E-03   0.740131E+00   0.696608E-03   0.188858E+03
     323   0.342703E+03   0.323000E+00   0.698956E-03   0.741592E+00   0.696736E-03   0.187797E+03
     324   0.343764E+03   0.324000E+00   0.702975E-03   0.745857E+00   0.698739E-03   0.186736E+03
     325   0.344825E+03   0.325000E+00   0.701831E-03   0.744642E+00   0.699074E-03   0.185675E+03
     326   0.345886E+03   0.326000E+00   0.700004E-03   0.742704E+00   0.699240E-03   0.184614E+03
     327   0.346947E+03   0.327000E+00   0.701065E-03   0.743830E+00   0.699019E-03   0.183553E+03
     328   0.348008E+03   0.328000E+00   0.702831E-03   0.745704E+00   0.701574E-03   0.182492E+03
     329   0.349069E+03   0.329000E+00   0.704172E-03   0.747127E+00   0.703539E-03   0.181431E+03
     330   0.350130E+03   0.330000E+00   0.704698E-03   0.747685E+00   0.702988E-03   0.180370E+03
     331   0.351191E+03   0.331000E+00   0.706155E-03   0.749230E+00   0.703039E-03   0.179309E+03
     332   0.352252E+03   0.332000E+00   0.705269E-03   0.748291E+00   0.703011E-03   0.178248E+03
     333   0.353313E+03   0.333000E+00   0.703408E-03   0.746316E+00   0.702858E-03   0.177187E+03
     334   0.354374E+03   0.334000E+00   0.704067E-03   0.747015E+00   0.702727E-03   0.176126E+03
     335   0.355435E+03   0.335000E+00   0.706499E-03   0.749595E+00   0.704494E-03   0.175065E+03
     336   0.356496E+03   0.336000E+00   0.708831E-03   0.752070E+00   0.705720E-03   0.174004E+03
     337   0.357557E+03   0.337000E+00   0.710155E-03   0.753475E+00   0.708227E-03   0.172943E+03
     338   0.358618E+03   0.338000E+00   0.710026E-03   0.753338E+00   0.709573E-03   0.171882E+03
     339   0.359679E+03   0.339000E+00   0.708430E-03   0.751644E+00   0.709549E-03   0.170821E+03
     340   0.360740E+03   0.340000E+00   0.710533E-03   0.753876E+00   0.710527E-03   0.169760E+03
     341   0.361801E+03   0.341000E+00   0.709117E-03   0.752373E+00   0.709732E-03   0.168699E+03
     342   0.362862E+03   0.342000E+00   0.710356E-03   0.753687E+00   0.709963E-03   0.167638E+03
     343   0.363923E+03   0.343000E+00   0.712881E-03   0.756366E+00   0.711022E-03   0.166577E+03
     344   0.364984E+03   0.344000E+00   0.712606E-03   0.756075E+00   0.712180E-03   0.165516E+03
     345   0.366045E+03   0.345000E+00   0.713405E-03   0.756922E+00   0.712858E-03   0.164455E+03
     346   0.367106E+03   0.346000E+00   0.711468E-03   0.754867E+00   0.711474E-03   0.163394E+03
     347   0.368167E+03   0.347000E+00   0.713055E-03   0.756551E+00   0.713479E-03   0.162333E+03
     348   0.369228E+03   0.348000E+00   0.712306E-03   0.755756E+00   0.713600E-03   0.161272E+03
     349   0.370289E+03   0.349000E+00   0.714799E-03   0.758401E+00   0.717062E-03   0.160211E+03
     350   0.371350E+03   0.350000E+00   0.713957E-03   0.757508E+00   0.716206E-03   0.159150E+03
     351   0.372411E+03   0.351000E+00   0.716730E-03   0.760450E+00   0.717615E-03   0.158089E+03
     352   0.373472E+03   0.352000E+00   0.719998E-03   0.763918E+00   0.719854E-03   0.157028E+03
     353   0.374533E+03   0.353000E+00   0.720757E-03   0.764723E+00   0.721998E-03   0.155967E+03
     354   0.375594E+03   0.354000E+00   0.721194E-03   0.765186E+00   0.722047E-03   0.154906E+03
     355   0.376655E+03   0.355000E+00   0.721439E-03   0.765447E+00   0.723479E-03   0.153845E+03
     356   0.377716E+03   0.356000E+00   0.722756E-03   0.766844E+00   0.722641E-03   0.152784E+03
     357   0.378777E+03   0.357000E+00   0.720779E-03   0.764747E+00   0.722154E-03   0.151723E+03
     358   0.379838E+03   0.358000E+00   0.726119E-03   0.770412E+00   0.725137E-03   0.150662E+03
     359   0.380899E+03   0.359000E+00   0.727632E-03   0.772018E+00   0.726349E-03   0.149601E+03
     360   0.381960E+03   0.360000E+00   0.725374E-03   0.769621E+00   0.725879E-03   0.148540E+03
     361   0.383021E+03   0.361000E+00   0.728818E-03   0.773276E+00   0.725959E-03   0.147479E+03
     362   0.384082E+03   0.362000E+00   0.726785E-03   0.771118E+00   0.726895E-03   0.146418E+03
     363   0.385143E+03   0.363000E+00   0.729450E-03   0.773946E+00   0.728421E-03   0.145357E+03
     364   0.386204E+03   0.364000E+00   0.729574E-03   0.774079E+00   0.728833E-03   0.144296E+03
     365   0.387265E+03   0.365000E+00   0.727205E-03   0.771564E+00   0.729105E-03   0.143235E+03
     366   0.388326E+03   0.366000E+00   0.728370E-03   0.772800E+00   0.730276E-03   0.142174E+03
     367   0.389387E+03   0.367000E+00   0.730959E-03   0.775548E+00   0.733023E-03   0.141113E+03
     368   0.390448E+03   0.368000E+00   0.733711E-03   0.778467E+00   0.731775E-03   0.140052E+03
     369   0.391509E+03   0.369000E+00   0.733477E-03   0.778219E+00   0.733335E-03   0.138991E+03
     370   0.392570E+03   0.370000E+00   0.735018E-03   0.779854E+00   0.734907E-03   0.137930E+03
     371   0.393631E+03   0.371000E+00   0.734475E-03   0.779278E+00   0.733380E-03   0.136869E+03
     372   0.394692E+03   0.372000E+00   0.735640E-03   0.780514E+00   0.733191E-03   0.135808E+03
     373   0.395753E+03   0.373000E+00   0.741207E-03   0.786420E+00   0.738848E-03   0.134747E+03
     374   0.396814E+03   0.374000E+00   0.740359E-03   0.785521E+00   0.739680E-03   0.133686E+03
     375   0.397875E+03   0.375000E+00   0.743577E-03   0.788935E+00   0.742285E-03   0.132625E+03
     376   0.398936E+03   0.376000E+00   0.744731E-03   0.790159E+00   0.742677E-03   0.131564E+03
     377   0.399997E+03   0.377000E+00   0.746229E-03   0.791749E+00   0.743739E-03   0.130503E+03
     378   0.401058E+03   0.378000E+00   0.750609E-03   0.796396E+00   0.746106E-03   0.129442E+03
     379   0.402119E+03   0.379000E+00   0.750783E-03   0.796581E+00   0.746170E-03   0.128381E+03
     380   0.403180E+03   0.380000E+00   0.751303E-03   0.797133E+00   0.747011E-03   0.127320E+03
     381   0.404241E+03   0.381000E+00   0.754284E-03   0.800296E+00   0.750157E-03   0.126259E+03
     382   0.405302E+03   0.382000E+00   0.757392E-03   0.803593E+00   0.750985E-03   0.125198E+03
     383   0.406363E+03   0.383000E+00   0.757780E-03   0.804004E+00   0.751473E-03   0.124137E+03
     384   0.407424E+03   0.384000E+00   0.759314E-03   0.805632E+00   0.752981E-03   0.123076E+03
     385   0.408485E+03   0.385000E+00   0.758500E-03   0.804769E+00   0.753109E-03   0.122015E+03
     386   0.409546E+03   0.386000E+00   0.759641E-03   0.805979E+00   0.753874E-03   0.120954E+03
     387   0.410607E+03   0.387000E+00   0.758177E-03   0.804426E+00   0.754320E-03   0.119893E+03
     388   0.411668E+03   0.388000E+00   0.761184E-03   0.807616E+00   0.756799E-03   0.118832E+03
     389   0.412729E+03   0.389000E+00   0.760214E-03   0.806587E+00   0.756838E-03   0.117771E+03
     390   0.413790E+03   0.390000E+00   0.761580E-03   0.808036E+00   0.760562E-03   0.116710E+03
     391   0.414851E+03   0.391000E+00   0.764050E-03   0.810657E+00   0.762363E-03   0.115649E+03
     392   0.415912E+03   0.392000E+00   0.766736E-03   0.813507E+00   0.764310E-03   0.114588E+03
     393   0.416973E+03   0.393000E+00   0.772896E-03   0.820043E+00   0.768113E-03   0.113527E+03
     394   0.418034E+03   0.394000E+00   0.773202E-03   0.820368E+00   0.769705E-03   0.112466E+03
     395   0.419095E+03   0.395000E+00   0.776117E-03   0.823460E+00   0.772928E-03   0.111405E+03
     396   0.420156E+03   0.396000E+00   0.777490E-03   0.824917E+00   0.772627E-03   0.110344E+03
     397   0.421217E+03   0.397000E+00   0.778739E-03   0.826242E+00   0.773163E-03   0.109283E+03
     398   0.422278E+03   0.398000E+00   0.780640E-03   0.828259E+00   0.776221E-03   0.108222E+03
     399   0.423339E+03   0.399000E+00   0.784803E-03   0.832676E+00   0.779330E-03   0.107161E+03
     400   0.424400E+03   0.400000E+00   0.783535E-03   0.831331E+00   0.778995E-03   0.106100E+03
     401   0.425461E+03   0.401000E+00   0.788241E-03   0.836324E+00   0.782039E-03   0.105039E+03
     402   0.426522E+03   0.402000E+00   0.785058E-03   0.832947E+00   0.781165E-03   0.103978E+03
     403   0.427583E+03   0.403000E+00   0.786685E-03   0.834672E+00   0.784023E-03   0.102917E+03
     404   0.428644E+03   0.404000E+00   0.789210E-03   0.837352E+00   0.785583E-03   0.101856E+03
     405   0.429705E+03   0.405000E+00   0.791644E-03   0.839934E+00   0.787298E-03   0.100795E+03
     406   0.430766E+03   0.406000E+00   0.793583E-03   0.841991E+00   0.791148E-03   0.997340E+02
     407   0.431827E+03   0.407000E+00   0.797786E-03   0.846450E+00   0.794887E-03   0.986730E+02
     408   0.432888E+03   0.408000E+00   0.797827E-03   0.846495E+00   0.797744E-03   0.976120E+02
     409   0.433949E+03   0.409000E+00   0.802225E-03   0.851160E+00   0.800533E-03   0.965510E+02
     410   0.435010E+03   0.410000E+00   0.801826E-03   0.850737E+00   0.799586E-03   0.954900E+02
     411   0.436071E+03   0.411000E+00   0.803322E-03   0.852324E+00   0.801706E-03   0.944290E+02
     412   0.437132E+03   0.412000E+00   0.809915E-03   0.859320E+00   0.806920E-03   0.933680E+02
     413   0.438193E+03   0.413000E+00   0.809628E-03   0.859015E+00   0.809146E-03   0.923070E+02
     414   0.439254E+03   0.414000E+00   0.813711E-03   0.863348E+00   0.811376E-03   0.912460E+02
     415   0.440315E+03   0.415000E+00   0.816091E-03   0.865872E+00   0.815068E-03   0.901850E+02
     416   0.441376E+03   0.416000E+00   0.816721E-03   0.866541E+00   0.817216E-03   0.891240E+02
     417   0.442437E+03   0.417000E+00   0.817547E-03   0.867418E+00   0.821011E-03   0.880630E+02
     418   0.443498E+03   0.418000E+00   0.819895E-03   0.869908E+00   0.822620E-03   0.870020E+02
     419   0.444559E+03   0.419000E+00   0.821877E-03   0.872011E+00   0.823785E-03   0.859410E+02
     420   0.445620E+03   0.420000E+00   0.826225E-03   0.876625E+00   0.829405E-03   0.848800E+02
     421   0.446681E+03   0.421000E+00   0.826734E-03   0.877165E+00   0.831182E-03   0.838190E+02
     422   0.447742E+03   0.422000E+00   0.825166E-03   0.875501E+00   0.830682E-03   0.827580E+02
     423   0.448803E+03   0.423000E+00   0.833774E-03   0.884634E+00   0.837146E-03   0.816970E+02
     424   0.449864E+03   0.424000E+00   0.837133E-03   0.888198E+00   0.839668E-03   0.806360E+02
     425   0.450925E+03   0.425000E+00   0.837877E-03   0.888987E+00   0.840377E-03   0.795750E+02
     426   0.451986E+03   0.426000E+00   0.841661E-03   0.893003E+00   0.842118E-03   0.785140E+02
     427   0.453047E+03   0.427000E+00   0.847302E-03   0.898987E+00   0.848772E-03   0.774530E+02
     428   0.454108E+03   0.428000E+00   0.849100E-03   0.900895E+00   0.849826E-03   0.763920E+02
     429   0.455169E+03   0.429000E+00   0.853466E-03   0.905527E+00   0.853721E-03   0.753310E+02
     430   0.456230E+03   0.430000E+00   0.857339E-03   0.909637E+00   0.856746E-03   0.742700E+02
     431   0.457291E+03   0.431000E+00   0.859055E-03   0.911457E+00   0.860146E-03   0.732090E+02
     432   0.458352E+03   0.432000E+00   0.863825E-03   0.916519E+00   0.865283E-03   0.721480E+02
     433   0.459413E+03   0.433000E+00   0.867160E-03   0.920057E+00   0.868002E-03   0.710870E+02
     434   0.460474E+03   0.434000E+00   0.873103E-03   0.926362E+00   0.873667E-03   0.700260E+02
     435   0.461535E+03   0.435000E+00   0.877858E-03   0.931407E+00   0.877045E-03   0.689650E+02
     436   0.462596E+03   0.436000E+00   0.880663E-03   0.934383E+00   0.879669E-03   0.679040E+02
     437   0.463657E+03   0.437000E+00   0.884124E-03   0.938056E+00   0.883596E-03   0.668430E+02
     438   0.464718E+03   0.438000E+00   0.890933E-03   0.945280E+00   0.889016E-03   0.657820E+02
     439   0.465779E+03   0.439000E+00   0.895006E-03   0.949601E+00   0.892604E-03   0.647210E+02
     440   0.466840E+03   0.440000E+00   0.898702E-03   0.953522E+00   0.898475E-03   0.636600E+02
     441   0.467901E+03   0.441000E+00   0.902265E-03   0.957303E+00   0.900164E-03   0.625990E+02
     442   0.468962E+03   0.442000E+00   0.906156E-03   0.961431E+00   0.904965E-03   0.615380E+02
     443   0.470023E+03   0.443000E+00   0.910867E-03   0.966430E+00   0.911259E-03   0.604770E+02
     444   0.471084E+03   0.444000E+00   0.918320E-03   0.974337E+00   0.918046E-03   0.594160E+02
     445   0.472145E+03   0.445000E+00   0.921087E-03   0.977273E+00   0.921597E-03   0.583550E+02
     446   0.473206E+03   0.446000E+00   0.926105E-03   0.982597E+00   0.927027E-03   0.572940E+02
     447   0.474267E+03   0.447000E+00   0.931594E-03   0.988421E+00   0.931914E-03   0.562330E+02
     448   0.475328E+03   0.448000E+00   0.940440E-03   0.997807E+00   0.938383E-03   0.551720E+02
     449   0.476389E+03   0.449000E+00   0.947739E-03   0.100555E+01   0.946095E-03   0.541110E+02
     450   0.477450E+03   0.450000E+00   0.955530E-03   0.101382E+01   0.953917E-03   0.530500E+02
     451   0.478511E+03   0.451000E+00   0.961153E-03   0.101978E+01   0.959408E-03   0.519890E+02
     452   0.479572E+03   0.452000E+00   0.964783E-03   0.102363E+01   0.964631E-03   0.509280E+02
     453   0.480633E+03   0.453000E+00   0.974683E-03   0.103414E+01   0.972830E-03   0.498670E+02
     454   0.481694E+03   0.454000E+00   0.982390E-03   0.104232E+01   0.979493E-03   0.488060E+02
     455   0.482755E+03   0.455000E+00   0.990007E-03   0.105040E+01   0.987719E-03   0.477450E+02
     456   0.483816E+03   0.456000E+00   0.997754E-03   0.105862E+01   0.997547E-03   0.466840E+02
     457   0.484877E+03   0.457000E+00   0.100696E-02   0.106838E+01   0.100545E-02   0.456230E+02
     458   0.485938E+03   0.458000E+00   0.101814E-02   0.108024E+01   0.101553E-02   0.445620E+02
     459   0.486999E+03   0.459000E+00   0.102912E-02   0.109190E+01   0.102671E-02   0.435010E+02
     460   0.488060E+03   0.460000E+00   0.103598E-02   0.109918E+01   0.103299E-02   0.424400E+02
     461   0.489121E+03   0.461000E+00   0.104876E-02   0.111274E+01   0.104454E-02   0.413790E+02
     462   0.490182E+03   0.462000E+00   0.106075E-02   0.112546E+01   0.105674E-02   0.403180E+02
     463   0.491243E+03   0.463000E+00   0.107107E-02   0.113641E+01   0.106547E-02   0.392570E+02
     464   0.492304E+03   0.464000E+00   0.108084E-02   0.114677E+01   0.107582E-02   0.381960E+02
     465   0.493365E+03   0.465000E+00   0.109326E-02   0.115995E+01   0.108974E-02   0.371350E+02
     466   0.494426E+03   0.466000E+00   0.110459E-02   0.117197E+01   0.110136E-02   0.360740E+02
     467   0.495487E+03   0.467000E+00   0.111521E-02   0.118323E+01   0.111429E-02   0.350130E+02
     468   0.496548E+03   0.468000E+00   0.112970E-02   0.119861E+01   0.112753E-02   0.339520E+02
     469   0.497609E+03   0.469000E+00   0.114676E-02   0.121671E+01   0.114341E-02   0.328910E+02
     470   0.498670E+03   0.470000E+00   0.116381E-02   0.123480E+01   0.116236E-02   0.318300E+02
     471   0.499731E+03   0.471000E+00   0.118108E-02   0.125312E+01   0.117786E-02   0.307690E+02
     472   0.500792E+03   0.472000E+00   0.119954E-02   0.127272E+01   0.119615E-02   0.297080E+02
     473   0.501853E+03   0.473000E+00   0.122136E-02   0.129586E+01   0.121645E-02   0.286470E+02
     474   0.502914E+03   0.474000E+00   0.124203E-02   0.131780E+01   0.123867E-02   0.275860E+02
     475   0.503975E+03   0.475000E+00   0.126333E-02   0.134040E+01   0.125836E-02   0.265250E+02
     476   0.505036E+03   0.476000E+00   0.128596E-02   0.136441E+01   0.128267E-02   0.254640E+02
     477   0.506097E+03   0.477000E+00   0.131286E-02   0.139295E+01   0.130962E-02   0.244030E+02
     478   0.507158E+03   0.478000E+00   0.134231E-02   0.142419E+01   0.133730E-02   0.233420E+02
     479   0.508219E+03   0.479000E+00   0.137238E-02   0.145610E+01   0.136802E-02   0.222810E+02
     480   0.509280E+03   0.480000E+00   0.140836E-02   0.149427E+01   0.140429E-02   0.212200E+02
     481   0.510341E+03   0.481000E+00   0.144872E-02   0.153710E+01   0.144263E-02   0.201590E+02
     482   0.511402E+03   0.482000E+00   0.148742E-02   0.157815E+01   0.148027E-02   0.190980E+02
     483   0.512463E+03   0.483000E+00   0.152942E-02   0.162271E+01   0.152422E-02   0.180370E+02
     484   0.513524E+03   0.484000E+00   0.158314E-02   0.167971E+01   0.157444E-02   0.169760E+02
     485   0.514585E+03   0.485000E+00   0.163944E-02   0.173945E+01   0.163021E-02   0.159150E+02
     486   0.515646E+03   0.486000E+00   0.169954E-02   0.180321E+01   0.169102E-02   0.148540E+02
     487   0.516707E+03   0.487000E+00   0.177505E-02   0.188333E+01   0.175958E-02   0.137930E+02
     488   0.517768E+03   0.488000E+00   0.185083E-02   0.196374E+01   0.183905E-02   0.127320E+02
     489   0.518829E+03   0.489000E+00   0.194729E-02   0.206608E+01   0.193659E-02   0.116710E+02
     490   0.519890E+03   0.490000E+00   0.206207E-02   0.218786E+01   0.205019E-02   0.106100E+02
     491   0.520951E+03   0.491000E+00   0.219561E-02   0.232954E+01   0.218043E-02   0.954900E+01
     492   0.522012E+03   0.492000E+00   0.236289E-02   0.250702E+01   0.234928E-02   0.848800E+01
     493   0.523073E+03   0.493000E+00   0.257975E-02   0.273711E+01   0.255873E-02   0.742700E+01
     494   0.524134E+03   0.494000E+00   0.284608E-02   0.301969E+01   0.283058E-02   0.636600E+01
     495   0.525195E+03   0.495000E+00   0.322086E-02   0.341733E+01   0.320472E-02   0.530500E+01
     496   0.526256E+03   0.496000E+00   0.376836E-02   0.399824E+01   0.375139E-02   0.424400E+01
     497   0.527317E+03   0.497000E+00   0.467293E-02   0.495798E+01   0.464543E-02   0.318300E+01
     498   0.528378E+03   0.498000E+00   0.652401E-02   0.692197E+01   0.649327E-02   0.212200E+01
     499   0.529439E+03   0.499000E+00   0.176000E-01   0.186736E+02   0.175099E-01   0.106100E+01
     500   0.530500E+03   0.500000E+00   0.646514E-01   0.685952E+02   0.643548E-01   0.000000E+00
