 Program bfbm2
 average displacement of reflected FBM
 STEPSIG=   1.0000000000000000     
 GAMMMA=  0.20000000000000001     
 BRANCHPROB=   1.0000000000000000E-003
 DEATHPROB=   9.7000000000000005E-004
 MEMORY=ORIG
 NT=        16384
 L=   1061.0000000000000     
 IRINIT=          43
 NCONF=       99840
 ==================================
     time  configs     <nwalker>    std.dev.nw           <r>         <r^2>     std.dev.r   std.dev.r^2
        1    99840  0.100000E+01  0.000000E+00  0.460489E-02  0.993820E+00  0.315498E-02  0.446491E-02
        2    99715  0.100082E+01  0.286647E-01  0.690425E-02  0.344946E+01  0.588156E-02  0.154607E-01
        3    99626  0.100174E+01  0.418755E-01  0.993850E-02  0.714763E+01  0.847016E-02  0.320260E-01
        4    99520  0.100262E+01  0.513401E-01  0.120303E-01  0.119908E+02  0.109766E-01  0.537809E-01
        5    99422  0.100367E+01  0.606453E-01  0.133631E-01  0.178928E+02  0.134151E-01  0.802093E-01
        6    99326  0.100471E+01  0.686272E-01  0.143712E-01  0.248305E+02  0.158110E-01  0.111290E+00
        7    99236  0.100582E+01  0.762281E-01  0.125731E-01  0.327372E+02  0.181629E-01  0.146936E+00
        8    99146  0.100681E+01  0.825973E-01  0.114695E-01  0.415648E+02  0.204750E-01  0.186851E+00
        9    99059  0.100780E+01  0.883352E-01  0.152711E-01  0.513344E+02  0.227644E-01  0.230928E+00
       10    98961  0.100887E+01  0.942035E-01  0.184082E-01  0.620948E+02  0.250492E-01  0.279740E+00
       11    98867  0.101002E+01  0.100222E+00  0.253012E-01  0.737299E+02  0.273083E-01  0.332840E+00
       12    98762  0.101089E+01  0.104683E+00  0.288452E-01  0.862265E+02  0.295477E-01  0.389429E+00
       13    98675  0.101196E+01  0.109996E+00  0.298870E-01  0.995808E+02  0.317674E-01  0.450119E+00
       14    98572  0.101310E+01  0.115109E+00  0.307212E-01  0.113819E+03  0.339804E-01  0.514395E+00
       15    98462  0.101414E+01  0.119511E+00  0.331436E-01  0.128915E+03  0.361839E-01  0.583082E+00
       16    98374  0.101515E+01  0.123624E+00  0.377853E-01  0.144798E+03  0.383653E-01  0.655080E+00
       17    98275  0.101614E+01  0.127772E+00  0.433988E-01  0.161450E+03  0.405317E-01  0.730283E+00
       18    98179  0.101708E+01  0.131447E+00  0.473677E-01  0.179030E+03  0.427023E-01  0.810125E+00
       19    98099  0.101794E+01  0.134719E+00  0.483955E-01  0.197261E+03  0.448421E-01  0.893107E+00
       20    98016  0.101898E+01  0.138446E+00  0.460677E-01  0.216396E+03  0.469866E-01  0.979781E+00
       21    97918  0.101975E+01  0.141401E+00  0.477162E-01  0.236150E+03  0.491090E-01  0.106991E+01
       22    97830  0.102086E+01  0.145195E+00  0.490726E-01  0.256783E+03  0.512324E-01  0.116372E+01
       23    97739  0.102165E+01  0.147907E+00  0.514320E-01  0.278186E+03  0.533497E-01  0.126188E+01
       24    97633  0.102272E+01  0.151659E+00  0.493221E-01  0.300368E+03  0.554660E-01  0.136304E+01
       25    97536  0.102367E+01  0.154836E+00  0.449916E-01  0.323315E+03  0.575743E-01  0.146778E+01
       26    97433  0.102446E+01  0.157362E+00  0.451744E-01  0.347023E+03  0.596795E-01  0.157619E+01
       27    97350  0.102559E+01  0.161187E+00  0.474507E-01  0.371434E+03  0.617692E-01  0.168797E+01
       28    97252  0.102654E+01  0.164276E+00  0.522509E-01  0.396494E+03  0.638510E-01  0.180205E+01
       29    97145  0.102771E+01  0.167987E+00  0.492608E-01  0.422365E+03  0.659375E-01  0.192077E+01
       30    97054  0.102857E+01  0.170814E+00  0.519999E-01  0.448944E+03  0.680124E-01  0.204244E+01
       31    96960  0.102957E+01  0.173901E+00  0.491459E-01  0.476205E+03  0.700809E-01  0.216733E+01
       32    96860  0.103061E+01  0.176992E+00  0.450927E-01  0.504125E+03  0.721433E-01  0.229545E+01
       33    96775  0.103159E+01  0.179912E+00  0.454913E-01  0.532658E+03  0.741894E-01  0.242645E+01
       34    96685  0.103256E+01  0.182650E+00  0.419706E-01  0.561922E+03  0.762356E-01  0.256107E+01
       35    96596  0.103350E+01  0.185101E+00  0.421132E-01  0.591910E+03  0.782794E-01  0.269863E+01
       36    96499  0.103446E+01  0.187994E+00  0.430857E-01  0.622770E+03  0.803344E-01  0.284094E+01
       37    96390  0.103516E+01  0.190059E+00  0.460864E-01  0.654183E+03  0.823821E-01  0.298662E+01
       38    96317  0.103608E+01  0.192890E+00  0.443109E-01  0.686399E+03  0.844182E-01  0.313456E+01
       39    96225  0.103707E+01  0.195527E+00  0.504678E-01  0.719494E+03  0.864707E-01  0.328607E+01
       40    96133  0.103790E+01  0.197899E+00  0.490513E-01  0.753107E+03  0.885098E-01  0.344142E+01
       42    95961  0.104002E+01  0.203663E+00  0.544609E-01  0.822407E+03  0.925753E-01  0.375976E+01
       44    95779  0.104190E+01  0.208378E+00  0.523348E-01  0.894228E+03  0.966247E-01  0.409114E+01
       46    95609  0.104387E+01  0.213450E+00  0.533138E-01  0.968985E+03  0.100672E+00  0.443483E+01
       48    95440  0.104576E+01  0.218468E+00  0.571264E-01  0.104617E+04  0.104697E+00  0.479106E+01
       50    95275  0.104779E+01  0.223458E+00  0.562332E-01  0.112551E+04  0.108689E+00  0.515606E+01
       52    95078  0.104994E+01  0.228377E+00  0.599627E-01  0.120718E+04  0.112680E+00  0.553205E+01
       54    94888  0.105189E+01  0.232527E+00  0.540399E-01  0.129138E+04  0.116660E+00  0.591675E+01
       56    94734  0.105375E+01  0.236893E+00  0.608933E-01  0.137762E+04  0.120590E+00  0.631387E+01
       58    94562  0.105561E+01  0.241094E+00  0.610031E-01  0.146640E+04  0.124528E+00  0.672485E+01
       60    94377  0.105733E+01  0.245341E+00  0.641327E-01  0.155725E+04  0.128453E+00  0.714747E+01
       63    94114  0.106041E+01  0.252484E+00  0.629929E-01  0.169900E+04  0.134360E+00  0.780949E+01
       66    93828  0.106374E+01  0.259692E+00  0.626670E-01  0.184541E+04  0.140243E+00  0.849131E+01
       69    93572  0.106672E+01  0.266556E+00  0.769199E-01  0.199772E+04  0.146115E+00  0.919746E+01
       72    93315  0.106974E+01  0.272989E+00  0.882309E-01  0.215582E+04  0.151995E+00  0.993702E+01
       75    93052  0.107306E+01  0.280078E+00  0.949804E-01  0.231946E+04  0.157881E+00  0.107058E+02
       78    92826  0.107569E+01  0.285574E+00  0.969030E-01  0.248732E+04  0.163693E+00  0.114940E+02
       81    92582  0.107831E+01  0.291229E+00  0.974710E-01  0.266113E+04  0.169539E+00  0.123116E+02
       85    92267  0.108240E+01  0.299538E+00  0.109175E+00  0.289916E+04  0.177261E+00  0.134292E+02
       89    91921  0.108599E+01  0.306910E+00  0.149770E+00  0.314715E+04  0.185033E+00  0.145949E+02
       93    91622  0.108972E+01  0.313739E+00  0.159747E+00  0.340243E+04  0.192705E+00  0.157995E+02
       97    91295  0.109398E+01  0.321111E+00  0.169242E+00  0.366831E+04  0.200451E+00  0.170547E+02
      101    90991  0.109773E+01  0.327810E+00  0.202263E+00  0.394435E+04  0.208203E+00  0.183662E+02
      106    90599  0.110280E+01  0.336857E+00  0.216283E+00  0.429933E+04  0.217839E+00  0.200492E+02
      111    90165  0.110750E+01  0.345114E+00  0.227635E+00  0.466654E+04  0.227497E+00  0.218111E+02
      116    89781  0.111222E+01  0.353928E+00  0.234330E+00  0.504614E+04  0.237075E+00  0.236296E+02
      121    89384  0.111792E+01  0.363694E+00  0.270221E+00  0.543753E+04  0.246643E+00  0.254974E+02
      127    88928  0.112447E+01  0.374576E+00  0.259800E+00  0.592024E+04  0.258017E+00  0.278254E+02
      133    88479  0.113027E+01  0.383967E+00  0.251248E+00  0.642594E+04  0.269492E+00  0.302846E+02
      139    88042  0.113621E+01  0.393471E+00  0.250679E+00  0.694582E+04  0.280876E+00  0.328132E+02
      145    87606  0.114194E+01  0.402404E+00  0.243772E+00  0.748294E+04  0.292259E+00  0.354229E+02
      152    87107  0.114884E+01  0.412688E+00  0.276101E+00  0.813839E+04  0.305661E+00  0.386347E+02
      159    86604  0.115571E+01  0.423754E+00  0.281939E+00  0.881758E+04  0.319083E+00  0.419537E+02
      166    86082  0.116284E+01  0.435139E+00  0.287306E+00  0.952076E+04  0.332566E+00  0.454053E+02
      174    85523  0.117049E+01  0.447010E+00  0.338191E+00  0.103487E+05  0.347856E+00  0.494942E+02
      182    85007  0.117893E+01  0.459527E+00  0.338922E+00  0.111979E+05  0.362943E+00  0.537397E+02
      191    84407  0.118801E+01  0.472915E+00  0.365772E+00  0.121913E+05  0.380044E+00  0.587050E+02
      200    83807  0.119718E+01  0.485628E+00  0.313100E+00  0.132317E+05  0.397344E+00  0.639081E+02
      210    83120  0.120722E+01  0.500612E+00  0.326681E+00  0.144154E+05  0.416446E+00  0.698825E+02
      220    82458  0.121766E+01  0.515300E+00  0.322613E+00  0.156401E+05  0.435513E+00  0.760501E+02
      231    81765  0.122922E+01  0.531983E+00  0.306145E+00  0.170593E+05  0.456768E+00  0.832666E+02
      242    81017  0.124044E+01  0.546900E+00  0.295775E+00  0.185053E+05  0.477924E+00  0.905926E+02
      254    80272  0.125224E+01  0.563452E+00  0.294733E+00  0.201356E+05  0.500841E+00  0.988401E+02
      266    79598  0.126394E+01  0.579167E+00  0.410230E+00  0.218297E+05  0.523687E+00  0.107422E+03
      279    78797  0.127769E+01  0.597584E+00  0.505251E+00  0.237261E+05  0.548727E+00  0.117073E+03
      292    78007  0.129056E+01  0.614603E+00  0.618485E+00  0.256726E+05  0.573674E+00  0.126871E+03
      306    77251  0.130481E+01  0.632713E+00  0.638946E+00  0.278284E+05  0.600190E+00  0.137469E+03
      321    76401  0.131975E+01  0.651794E+00  0.797897E+00  0.302306E+05  0.629027E+00  0.149124E+03
      337    75493  0.133603E+01  0.672376E+00  0.955809E+00  0.328206E+05  0.659346E+00  0.161552E+03
      353    74661  0.135203E+01  0.691110E+00  0.107096E+01  0.354738E+05  0.689287E+00  0.173810E+03
      370    73755  0.136887E+01  0.711399E+00  0.112911E+01  0.383348E+05  0.720931E+00  0.186542E+03
      388    72821  0.138698E+01  0.734470E+00  0.118401E+01  0.414019E+05  0.754006E+00  0.199966E+03
      407    71843  0.140595E+01  0.757843E+00  0.111474E+01  0.446588E+05  0.788416E+00  0.213943E+03
      427    70852  0.142593E+01  0.782817E+00  0.109983E+01  0.481138E+05  0.824049E+00  0.228605E+03
      448    69841  0.144813E+01  0.809201E+00  0.107898E+01  0.517253E+05  0.860580E+00  0.243115E+03
      470    68830  0.147042E+01  0.834541E+00  0.134708E+01  0.555014E+05  0.897958E+00  0.257964E+03
      493    67756  0.149337E+01  0.860529E+00  0.158967E+01  0.594063E+05  0.936339E+00  0.272553E+03
      517    66748  0.151813E+01  0.889882E+00  0.158085E+01  0.633936E+05  0.974530E+00  0.286470E+03
      542    65725  0.154407E+01  0.919007E+00  0.161930E+01  0.674488E+05  0.101301E+01  0.300080E+03
      569    64590  0.157351E+01  0.952588E+00  0.186731E+01  0.718300E+05  0.105453E+01  0.314188E+03
      597    63474  0.160272E+01  0.985214E+00  0.178132E+01  0.761500E+05  0.109529E+01  0.327754E+03
      626    62363  0.163291E+01  0.101864E+01  0.180746E+01  0.805411E+05  0.113641E+01  0.340736E+03
      657    61236  0.166430E+01  0.105391E+01  0.183955E+01  0.848492E+05  0.117710E+01  0.352715E+03
      689    60114  0.169601E+01  0.109094E+01  0.189330E+01  0.892121E+05  0.121819E+01  0.364560E+03
      723    58975  0.172936E+01  0.112845E+01  0.167644E+01  0.937219E+05  0.126061E+01  0.376140E+03
      759    57813  0.176666E+01  0.116652E+01  0.164929E+01  0.983228E+05  0.130409E+01  0.387108E+03
      796    56705  0.180397E+01  0.120956E+01  0.152885E+01  0.102770E+06  0.134622E+01  0.397319E+03
      835    55543  0.184517E+01  0.124889E+01  0.155901E+01  0.107184E+06  0.138914E+01  0.406631E+03
      876    54381  0.188965E+01  0.129886E+01  0.172180E+01  0.111505E+06  0.143192E+01  0.415212E+03
      919    53229  0.193447E+01  0.134579E+01  0.147697E+01  0.115756E+06  0.147467E+01  0.423503E+03
      964    52038  0.197861E+01  0.139503E+01  0.103153E+01  0.119903E+06  0.151793E+01  0.431132E+03
     1012    50894  0.202411E+01  0.145117E+01  0.108977E+01  0.124059E+06  0.156127E+01  0.437755E+03
     1062    49660  0.207628E+01  0.150650E+01  0.109341E+01  0.127992E+06  0.160541E+01  0.444081E+03
     1115    48436  0.213147E+01  0.156377E+01  0.939479E+00  0.131741E+06  0.164921E+01  0.449690E+03
     1170    47254  0.218955E+01  0.161931E+01  0.103690E+01  0.135249E+06  0.169179E+01  0.454452E+03
     1228    46109  0.224594E+01  0.167446E+01  0.113502E+01  0.138861E+06  0.173538E+01  0.458512E+03
     1289    44866  0.231367E+01  0.174139E+01  0.137839E+01  0.142284E+06  0.178081E+01  0.462553E+03
     1353    43703  0.237652E+01  0.180532E+01  0.163141E+01  0.145324E+06  0.182351E+01  0.466009E+03
     1420    42547  0.244431E+01  0.187447E+01  0.204847E+01  0.148616E+06  0.186893E+01  0.469584E+03
     1491    41393  0.251378E+01  0.194671E+01  0.183114E+01  0.151599E+06  0.191373E+01  0.471877E+03
     1565    40246  0.259203E+01  0.202846E+01  0.221948E+01  0.154071E+06  0.195655E+01  0.474067E+03
     1643    39084  0.267168E+01  0.211733E+01  0.244375E+01  0.156417E+06  0.200048E+01  0.476777E+03
     1725    37936  0.275786E+01  0.220134E+01  0.268678E+01  0.158178E+06  0.204191E+01  0.477705E+03
     1811    36797  0.284991E+01  0.229027E+01  0.223799E+01  0.160072E+06  0.208566E+01  0.479888E+03
     1901    35691  0.295167E+01  0.239301E+01  0.241546E+01  0.161460E+06  0.212689E+01  0.480883E+03
     1996    34636  0.305359E+01  0.249919E+01  0.182221E+01  0.162857E+06  0.216838E+01  0.482302E+03
     2095    33535  0.315858E+01  0.260170E+01  0.210717E+01  0.164016E+06  0.221150E+01  0.484142E+03
     2199    32573  0.326620E+01  0.271701E+01  0.269381E+01  0.165221E+06  0.225214E+01  0.485739E+03
     2308    31498  0.337948E+01  0.282576E+01  0.302868E+01  0.166147E+06  0.229664E+01  0.488857E+03
     2423    30458  0.351366E+01  0.296166E+01  0.391975E+01  0.167081E+06  0.234204E+01  0.492502E+03
     2544    29474  0.364080E+01  0.309038E+01  0.338874E+01  0.167497E+06  0.238380E+01  0.493860E+03
     2671    28520  0.377514E+01  0.323807E+01  0.301125E+01  0.167989E+06  0.242692E+01  0.495605E+03
     2804    27636  0.391732E+01  0.337926E+01  0.207689E+01  0.168210E+06  0.246708E+01  0.497447E+03
     2944    26669  0.407829E+01  0.353039E+01  0.189274E+01  0.168498E+06  0.251356E+01  0.499323E+03
     3091    25810  0.420426E+01  0.366562E+01  0.131833E+01  0.168383E+06  0.255419E+01  0.503094E+03
     3245    24931  0.436713E+01  0.384409E+01  0.114253E+01  0.168258E+06  0.259786E+01  0.506012E+03
     3407    24067  0.455865E+01  0.402911E+01  0.155742E+01  0.168486E+06  0.264586E+01  0.510818E+03
     3577    23284  0.473523E+01  0.422368E+01  0.231526E+01  0.168267E+06  0.268821E+01  0.512443E+03
     3755    22491  0.492068E+01  0.442817E+01  0.338052E+01  0.168003E+06  0.273300E+01  0.515441E+03
     3942    21699  0.512816E+01  0.464940E+01  0.269766E+01  0.167526E+06  0.277851E+01  0.517619E+03
     4139    20940  0.535143E+01  0.487101E+01  0.151333E+01  0.167293E+06  0.282649E+01  0.520613E+03
     4345    20182  0.557323E+01  0.509682E+01  0.205007E+01  0.167645E+06  0.288209E+01  0.526814E+03
     4562    19467  0.583141E+01  0.538676E+01  0.543658E+01  0.167352E+06  0.293175E+01  0.530425E+03
     4790    18809  0.607422E+01  0.564078E+01  0.556276E+01  0.167521E+06  0.298409E+01  0.533122E+03
     5029    18141  0.634171E+01  0.588450E+01  0.653540E+01  0.168121E+06  0.304386E+01  0.535153E+03
     5280    17474  0.661646E+01  0.617946E+01  0.707774E+01  0.167754E+06  0.309796E+01  0.538853E+03
     5544    16808  0.693836E+01  0.653216E+01  0.629714E+01  0.167556E+06  0.315697E+01  0.543738E+03
     5821    16212  0.725728E+01  0.682984E+01  0.582292E+01  0.167229E+06  0.321139E+01  0.547645E+03
     6112    15587  0.760717E+01  0.718491E+01  0.393329E+01  0.166851E+06  0.327162E+01  0.550473E+03
     6417    14979  0.798244E+01  0.757967E+01  0.427215E+01  0.166360E+06  0.333241E+01  0.549578E+03
     6737    14407  0.837975E+01  0.792512E+01  0.447867E+01  0.166544E+06  0.339979E+01  0.552567E+03
     7073    13887  0.878404E+01  0.833518E+01  0.355195E+01  0.166400E+06  0.346143E+01  0.554178E+03
     7426    13349  0.923567E+01  0.875676E+01  0.427009E+01  0.166481E+06  0.353129E+01  0.554326E+03
     7797    12830  0.971278E+01  0.925092E+01  0.242144E+01  0.166514E+06  0.360250E+01  0.558949E+03
     8186    12369  0.101838E+02  0.976139E+01  0.223622E+01  0.166391E+06  0.366768E+01  0.564797E+03
     8595    11921  0.106685E+02  0.102307E+02  0.279777E+01  0.166600E+06  0.373827E+01  0.562248E+03
     9024    11484  0.111870E+02  0.108178E+02  0.381987E+01  0.167214E+06  0.381566E+01  0.566250E+03
     9475    11020  0.118624E+02  0.115096E+02  0.218070E+01  0.167520E+06  0.389885E+01  0.567149E+03
     9948    10622  0.124542E+02  0.120631E+02  0.130336E+01  0.166915E+06  0.396408E+01  0.572837E+03
    10445    10209  0.131596E+02  0.127645E+02  0.302311E+01  0.166400E+06  0.403714E+01  0.573279E+03
    10967     9839  0.139282E+02  0.135818E+02  0.282961E+01  0.165859E+06  0.410567E+01  0.572428E+03
    11515     9468  0.147051E+02  0.143630E+02  0.172577E+01  0.165832E+06  0.418505E+01  0.569426E+03
    12090     9114  0.154670E+02  0.151251E+02  0.506148E+00  0.165819E+06  0.426542E+01  0.573897E+03
    12694     8780  0.162933E+02  0.160235E+02  0.248278E+01  0.165913E+06  0.434696E+01  0.575483E+03
    13328     8448  0.172326E+02  0.170297E+02 -0.150741E+01  0.166346E+06  0.443738E+01  0.571070E+03
    13994     8132  0.182538E+02  0.179139E+02 -0.187167E+01  0.165684E+06  0.451374E+01  0.575661E+03
    14693     7833  0.193411E+02  0.188483E+02 -0.288379E+01  0.165931E+06  0.460244E+01  0.582864E+03
    15427     7563  0.205112E+02  0.200420E+02 -0.199150E+00  0.165583E+06  0.467909E+01  0.569824E+03
    16198     7257  0.219150E+02  0.213728E+02  0.122883E+01  0.165778E+06  0.477950E+01  0.576565E+03
    16384     7197  0.221965E+02  0.217231E+02  0.879782E+00  0.165824E+06  0.480006E+01  0.579703E+03
