 Program bfbm2
 Density distribution between NTSTART and NTEND
 GAMMMA=  0.20000000000000001     
 BRANCHPROB=   1.0000000000000000E-003
 DEATHPROB=   9.7000000000000005E-004
 MEMORY=ORIG
 NT=        16384
 NTSTART=        13107
 NTEND=        16384
 L=   1061.0000000000000     
 IRINIT=          43
 NCONF=       99840
 ==================================
    ibin    x=(L/2*ibin)/NBIN  x/L   P(x)  P(x)*L  P(|x|)   L/2-x 
    -500  -0.530500E+03  -0.500000E+00   0.857624E-01   0.909940E+02   0.857714E-01   0.106100E+04
    -499  -0.529439E+03  -0.499000E+00   0.225338E-01   0.239083E+02   0.225388E-01   0.105994E+04
    -498  -0.528378E+03  -0.498000E+00   0.817670E-02   0.867548E+01   0.817300E-02   0.105888E+04
    -497  -0.527317E+03  -0.497000E+00   0.576587E-02   0.611759E+01   0.576273E-02   0.105782E+04
    -496  -0.526256E+03  -0.496000E+00   0.459171E-02   0.487181E+01   0.458881E-02   0.105676E+04
    -495  -0.525195E+03  -0.495000E+00   0.387130E-02   0.410745E+01   0.387233E-02   0.105570E+04
    -494  -0.524134E+03  -0.494000E+00   0.339389E-02   0.360091E+01   0.339416E-02   0.105463E+04
    -493  -0.523073E+03  -0.493000E+00   0.303398E-02   0.321905E+01   0.303684E-02   0.105357E+04
    -492  -0.522012E+03  -0.492000E+00   0.276120E-02   0.292963E+01   0.276279E-02   0.105251E+04
    -491  -0.520951E+03  -0.491000E+00   0.254318E-02   0.269832E+01   0.254909E-02   0.105145E+04
    -490  -0.519890E+03  -0.490000E+00   0.236903E-02   0.251355E+01   0.237377E-02   0.105039E+04
    -489  -0.518829E+03  -0.489000E+00   0.222359E-02   0.235923E+01   0.222897E-02   0.104933E+04
    -488  -0.517768E+03  -0.488000E+00   0.210009E-02   0.222819E+01   0.210238E-02   0.104827E+04
    -487  -0.516707E+03  -0.487000E+00   0.199531E-02   0.211702E+01   0.199748E-02   0.104721E+04
    -486  -0.515646E+03  -0.486000E+00   0.190440E-02   0.202056E+01   0.190702E-02   0.104615E+04
    -485  -0.514585E+03  -0.485000E+00   0.182803E-02   0.193954E+01   0.182669E-02   0.104509E+04
    -484  -0.513524E+03  -0.484000E+00   0.175902E-02   0.186632E+01   0.175799E-02   0.104402E+04
    -483  -0.512463E+03  -0.483000E+00   0.169728E-02   0.180081E+01   0.169238E-02   0.104296E+04
    -482  -0.511402E+03  -0.482000E+00   0.164280E-02   0.174301E+01   0.163802E-02   0.104190E+04
    -481  -0.510341E+03  -0.481000E+00   0.158840E-02   0.168529E+01   0.158411E-02   0.104084E+04
    -480  -0.509280E+03  -0.480000E+00   0.154057E-02   0.163455E+01   0.153705E-02   0.103978E+04
    -479  -0.508219E+03  -0.479000E+00   0.149885E-02   0.159028E+01   0.149373E-02   0.103872E+04
    -478  -0.507158E+03  -0.478000E+00   0.145408E-02   0.154277E+01   0.145240E-02   0.103766E+04
    -477  -0.506097E+03  -0.477000E+00   0.141629E-02   0.150268E+01   0.141609E-02   0.103660E+04
    -476  -0.505036E+03  -0.476000E+00   0.138646E-02   0.147103E+01   0.138311E-02   0.103554E+04
    -475  -0.503975E+03  -0.475000E+00   0.135358E-02   0.143615E+01   0.135217E-02   0.103447E+04
    -474  -0.502914E+03  -0.474000E+00   0.132307E-02   0.140378E+01   0.132390E-02   0.103341E+04
    -473  -0.501853E+03  -0.473000E+00   0.129455E-02   0.137352E+01   0.129493E-02   0.103235E+04
    -472  -0.500792E+03  -0.472000E+00   0.126470E-02   0.134185E+01   0.126636E-02   0.103129E+04
    -471  -0.499731E+03  -0.471000E+00   0.124480E-02   0.132073E+01   0.124309E-02   0.103023E+04
    -470  -0.498670E+03  -0.470000E+00   0.122505E-02   0.129977E+01   0.122439E-02   0.102917E+04
    -469  -0.497609E+03  -0.469000E+00   0.120123E-02   0.127451E+01   0.120262E-02   0.102811E+04
    -468  -0.496548E+03  -0.468000E+00   0.118149E-02   0.125356E+01   0.118115E-02   0.102705E+04
    -467  -0.495487E+03  -0.467000E+00   0.116514E-02   0.123621E+01   0.116427E-02   0.102599E+04
    -466  -0.494426E+03  -0.466000E+00   0.114922E-02   0.121932E+01   0.114521E-02   0.102493E+04
    -465  -0.493365E+03  -0.465000E+00   0.112673E-02   0.119546E+01   0.112662E-02   0.102387E+04
    -464  -0.492304E+03  -0.464000E+00   0.111329E-02   0.118120E+01   0.111354E-02   0.102280E+04
    -463  -0.491243E+03  -0.463000E+00   0.109567E-02   0.116251E+01   0.109878E-02   0.102174E+04
    -462  -0.490182E+03  -0.462000E+00   0.108100E-02   0.114694E+01   0.108457E-02   0.102068E+04
    -461  -0.489121E+03  -0.461000E+00   0.106796E-02   0.113310E+01   0.106976E-02   0.101962E+04
    -460  -0.488060E+03  -0.460000E+00   0.105507E-02   0.111942E+01   0.105699E-02   0.101856E+04
    -459  -0.486999E+03  -0.459000E+00   0.104388E-02   0.110756E+01   0.104372E-02   0.101750E+04
    -458  -0.485938E+03  -0.458000E+00   0.103232E-02   0.109529E+01   0.103251E-02   0.101644E+04
    -457  -0.484877E+03  -0.457000E+00   0.102095E-02   0.108323E+01   0.102108E-02   0.101538E+04
    -456  -0.483816E+03  -0.456000E+00   0.100888E-02   0.107042E+01   0.101019E-02   0.101432E+04
    -455  -0.482755E+03  -0.455000E+00   0.995477E-03   0.105620E+01   0.998921E-03   0.101325E+04
    -454  -0.481694E+03  -0.454000E+00   0.984624E-03   0.104469E+01   0.987147E-03   0.101219E+04
    -453  -0.480633E+03  -0.453000E+00   0.979608E-03   0.103936E+01   0.981122E-03   0.101113E+04
    -452  -0.479572E+03  -0.452000E+00   0.972307E-03   0.103162E+01   0.971429E-03   0.101007E+04
    -451  -0.478511E+03  -0.451000E+00   0.962615E-03   0.102133E+01   0.961513E-03   0.100901E+04
    -450  -0.477450E+03  -0.450000E+00   0.955594E-03   0.101389E+01   0.954023E-03   0.100795E+04
    -449  -0.476389E+03  -0.449000E+00   0.946426E-03   0.100416E+01   0.945759E-03   0.100689E+04
    -448  -0.475328E+03  -0.448000E+00   0.938174E-03   0.995403E+00   0.938152E-03   0.100583E+04
    -447  -0.474267E+03  -0.447000E+00   0.929381E-03   0.986073E+00   0.929164E-03   0.100477E+04
    -446  -0.473206E+03  -0.446000E+00   0.921378E-03   0.977582E+00   0.922177E-03   0.100371E+04
    -445  -0.472145E+03  -0.445000E+00   0.915866E-03   0.971734E+00   0.918496E-03   0.100264E+04
    -444  -0.471084E+03  -0.444000E+00   0.908053E-03   0.963444E+00   0.909805E-03   0.100158E+04
    -443  -0.470023E+03  -0.443000E+00   0.895813E-03   0.950458E+00   0.900667E-03   0.100052E+04
    -442  -0.468962E+03  -0.442000E+00   0.892866E-03   0.947331E+00   0.895173E-03   0.999462E+03
    -441  -0.467901E+03  -0.441000E+00   0.888819E-03   0.943037E+00   0.890021E-03   0.998401E+03
    -440  -0.466840E+03  -0.440000E+00   0.882229E-03   0.936045E+00   0.884472E-03   0.997340E+03
    -439  -0.465779E+03  -0.439000E+00   0.874067E-03   0.927386E+00   0.877548E-03   0.996279E+03
    -438  -0.464718E+03  -0.438000E+00   0.868232E-03   0.921194E+00   0.868541E-03   0.995218E+03
    -437  -0.463657E+03  -0.437000E+00   0.863137E-03   0.915788E+00   0.862946E-03   0.994157E+03
    -436  -0.462596E+03  -0.436000E+00   0.860776E-03   0.913284E+00   0.860127E-03   0.993096E+03
    -435  -0.461535E+03  -0.435000E+00   0.852965E-03   0.904995E+00   0.852897E-03   0.992035E+03
    -434  -0.460474E+03  -0.434000E+00   0.846242E-03   0.897863E+00   0.846283E-03   0.990974E+03
    -433  -0.459413E+03  -0.433000E+00   0.844054E-03   0.895541E+00   0.841851E-03   0.989913E+03
    -432  -0.458352E+03  -0.432000E+00   0.839830E-03   0.891060E+00   0.837716E-03   0.988852E+03
    -431  -0.457291E+03  -0.431000E+00   0.835005E-03   0.885941E+00   0.833078E-03   0.987791E+03
    -430  -0.456230E+03  -0.430000E+00   0.831705E-03   0.882439E+00   0.830154E-03   0.986730E+03
    -429  -0.455169E+03  -0.429000E+00   0.828845E-03   0.879404E+00   0.826458E-03   0.985669E+03
    -428  -0.454108E+03  -0.428000E+00   0.824896E-03   0.875214E+00   0.822452E-03   0.984608E+03
    -427  -0.453047E+03  -0.427000E+00   0.819295E-03   0.869272E+00   0.818997E-03   0.983547E+03
    -426  -0.451986E+03  -0.426000E+00   0.812614E-03   0.862184E+00   0.812876E-03   0.982486E+03
    -425  -0.450925E+03  -0.425000E+00   0.809692E-03   0.859083E+00   0.809181E-03   0.981425E+03
    -424  -0.449864E+03  -0.424000E+00   0.804780E-03   0.853872E+00   0.805040E-03   0.980364E+03
    -423  -0.448803E+03  -0.423000E+00   0.802592E-03   0.851550E+00   0.800562E-03   0.979303E+03
    -422  -0.447742E+03  -0.422000E+00   0.799664E-03   0.848443E+00   0.797097E-03   0.978242E+03
    -421  -0.446681E+03  -0.421000E+00   0.796244E-03   0.844815E+00   0.795071E-03   0.977181E+03
    -420  -0.445620E+03  -0.420000E+00   0.792512E-03   0.840855E+00   0.790243E-03   0.976120E+03
    -419  -0.444559E+03  -0.419000E+00   0.790042E-03   0.838235E+00   0.788709E-03   0.975059E+03
    -418  -0.443498E+03  -0.418000E+00   0.784665E-03   0.832529E+00   0.783812E-03   0.973998E+03
    -417  -0.442437E+03  -0.417000E+00   0.779253E-03   0.826788E+00   0.776798E-03   0.972937E+03
    -416  -0.441376E+03  -0.416000E+00   0.776953E-03   0.824347E+00   0.776321E-03   0.971876E+03
    -415  -0.440315E+03  -0.415000E+00   0.773424E-03   0.820603E+00   0.773327E-03   0.970815E+03
    -414  -0.439254E+03  -0.414000E+00   0.770840E-03   0.817861E+00   0.770432E-03   0.969754E+03
    -413  -0.438193E+03  -0.413000E+00   0.767536E-03   0.814355E+00   0.766853E-03   0.968693E+03
    -412  -0.437132E+03  -0.412000E+00   0.761457E-03   0.807905E+00   0.763286E-03   0.967632E+03
    -411  -0.436071E+03  -0.411000E+00   0.757935E-03   0.804169E+00   0.758253E-03   0.966571E+03
    -410  -0.435010E+03  -0.410000E+00   0.752760E-03   0.798678E+00   0.755308E-03   0.965510E+03
    -409  -0.433949E+03  -0.409000E+00   0.750140E-03   0.795899E+00   0.753539E-03   0.964449E+03
    -408  -0.432888E+03  -0.408000E+00   0.748563E-03   0.794225E+00   0.751284E-03   0.963388E+03
    -407  -0.431827E+03  -0.407000E+00   0.743647E-03   0.789009E+00   0.748736E-03   0.962327E+03
    -406  -0.430766E+03  -0.406000E+00   0.740424E-03   0.785590E+00   0.744319E-03   0.961266E+03
    -405  -0.429705E+03  -0.405000E+00   0.733681E-03   0.778435E+00   0.739607E-03   0.960205E+03
    -404  -0.428644E+03  -0.404000E+00   0.732907E-03   0.777615E+00   0.737420E-03   0.959144E+03
    -403  -0.427583E+03  -0.403000E+00   0.731642E-03   0.776272E+00   0.734409E-03   0.958083E+03
    -402  -0.426522E+03  -0.402000E+00   0.725593E-03   0.769854E+00   0.732127E-03   0.957022E+03
    -401  -0.425461E+03  -0.401000E+00   0.725780E-03   0.770053E+00   0.731642E-03   0.955961E+03
    -400  -0.424400E+03  -0.400000E+00   0.727301E-03   0.771666E+00   0.729483E-03   0.954900E+03
    -399  -0.423339E+03  -0.399000E+00   0.723405E-03   0.767532E+00   0.726112E-03   0.953839E+03
    -398  -0.422278E+03  -0.398000E+00   0.722391E-03   0.766457E+00   0.724736E-03   0.952778E+03
    -397  -0.421217E+03  -0.397000E+00   0.718453E-03   0.762278E+00   0.721861E-03   0.951717E+03
    -396  -0.420156E+03  -0.396000E+00   0.717220E-03   0.760970E+00   0.720399E-03   0.950656E+03
    -395  -0.419095E+03  -0.395000E+00   0.716026E-03   0.759704E+00   0.717503E-03   0.949595E+03
    -394  -0.418034E+03  -0.394000E+00   0.713338E-03   0.756852E+00   0.714868E-03   0.948534E+03
    -393  -0.416973E+03  -0.393000E+00   0.710204E-03   0.753527E+00   0.713112E-03   0.947473E+03
    -392  -0.415912E+03  -0.392000E+00   0.708262E-03   0.751466E+00   0.711469E-03   0.946412E+03
    -391  -0.414851E+03  -0.391000E+00   0.709162E-03   0.752421E+00   0.710815E-03   0.945351E+03
    -390  -0.413790E+03  -0.390000E+00   0.710961E-03   0.754329E+00   0.711422E-03   0.944290E+03
    -389  -0.412729E+03  -0.389000E+00   0.709293E-03   0.752559E+00   0.707451E-03   0.943229E+03
    -388  -0.411668E+03  -0.388000E+00   0.703369E-03   0.746274E+00   0.705270E-03   0.942168E+03
    -387  -0.410607E+03  -0.387000E+00   0.700386E-03   0.743109E+00   0.702361E-03   0.941107E+03
    -386  -0.409546E+03  -0.386000E+00   0.697316E-03   0.739852E+00   0.700049E-03   0.940046E+03
    -385  -0.408485E+03  -0.385000E+00   0.694318E-03   0.736671E+00   0.697792E-03   0.938985E+03
    -384  -0.407424E+03  -0.384000E+00   0.692468E-03   0.734709E+00   0.696112E-03   0.937924E+03
    -383  -0.406363E+03  -0.383000E+00   0.690386E-03   0.732499E+00   0.695706E-03   0.936863E+03
    -382  -0.405302E+03  -0.382000E+00   0.685984E-03   0.727829E+00   0.690836E-03   0.935802E+03
    -381  -0.404241E+03  -0.381000E+00   0.685243E-03   0.727043E+00   0.689330E-03   0.934741E+03
    -380  -0.403180E+03  -0.380000E+00   0.686223E-03   0.728082E+00   0.689280E-03   0.933680E+03
    -379  -0.402119E+03  -0.379000E+00   0.681445E-03   0.723013E+00   0.687121E-03   0.932619E+03
    -378  -0.401058E+03  -0.378000E+00   0.679739E-03   0.721203E+00   0.684827E-03   0.931558E+03
    -377  -0.399997E+03  -0.377000E+00   0.679126E-03   0.720553E+00   0.682113E-03   0.930497E+03
    -376  -0.398936E+03  -0.376000E+00   0.677573E-03   0.718905E+00   0.680095E-03   0.929436E+03
    -375  -0.397875E+03  -0.375000E+00   0.677443E-03   0.718767E+00   0.679469E-03   0.928375E+03
    -374  -0.396814E+03  -0.374000E+00   0.675738E-03   0.716958E+00   0.678025E-03   0.927314E+03
    -373  -0.395753E+03  -0.373000E+00   0.674916E-03   0.716085E+00   0.677722E-03   0.926253E+03
    -372  -0.394692E+03  -0.372000E+00   0.671583E-03   0.712549E+00   0.675446E-03   0.925192E+03
    -371  -0.393631E+03  -0.371000E+00   0.667089E-03   0.707781E+00   0.671839E-03   0.924131E+03
    -370  -0.392570E+03  -0.370000E+00   0.663317E-03   0.703780E+00   0.668748E-03   0.923070E+03
    -369  -0.391509E+03  -0.369000E+00   0.663219E-03   0.703675E+00   0.669042E-03   0.922009E+03
    -368  -0.390448E+03  -0.368000E+00   0.662182E-03   0.702576E+00   0.666907E-03   0.920948E+03
    -367  -0.389387E+03  -0.367000E+00   0.663851E-03   0.704346E+00   0.666706E-03   0.919887E+03
    -366  -0.388326E+03  -0.366000E+00   0.660815E-03   0.701125E+00   0.663313E-03   0.918826E+03
    -365  -0.387265E+03  -0.365000E+00   0.662239E-03   0.702636E+00   0.663340E-03   0.917765E+03
    -364  -0.386204E+03  -0.364000E+00   0.659366E-03   0.699587E+00   0.661427E-03   0.916704E+03
    -363  -0.385143E+03  -0.363000E+00   0.657876E-03   0.698006E+00   0.659830E-03   0.915643E+03
    -362  -0.384082E+03  -0.362000E+00   0.658212E-03   0.698363E+00   0.658221E-03   0.914582E+03
    -361  -0.383021E+03  -0.361000E+00   0.659103E-03   0.699308E+00   0.657374E-03   0.913521E+03
    -360  -0.381960E+03  -0.360000E+00   0.658424E-03   0.698588E+00   0.657868E-03   0.912460E+03
    -359  -0.380899E+03  -0.359000E+00   0.657622E-03   0.697737E+00   0.658354E-03   0.911399E+03
    -358  -0.379838E+03  -0.358000E+00   0.652207E-03   0.691992E+00   0.654521E-03   0.910338E+03
    -357  -0.378777E+03  -0.357000E+00   0.653875E-03   0.693762E+00   0.655515E-03   0.909277E+03
    -356  -0.377716E+03  -0.356000E+00   0.653121E-03   0.692961E+00   0.654672E-03   0.908216E+03
    -355  -0.376655E+03  -0.355000E+00   0.649251E-03   0.688855E+00   0.650561E-03   0.907155E+03
    -354  -0.375594E+03  -0.354000E+00   0.650427E-03   0.690103E+00   0.650744E-03   0.906094E+03
    -353  -0.374533E+03  -0.353000E+00   0.650514E-03   0.690195E+00   0.650360E-03   0.905033E+03
    -352  -0.373472E+03  -0.352000E+00   0.646799E-03   0.686254E+00   0.648180E-03   0.903972E+03
    -351  -0.372411E+03  -0.351000E+00   0.646118E-03   0.685532E+00   0.647946E-03   0.902911E+03
    -350  -0.371350E+03  -0.350000E+00   0.644564E-03   0.683882E+00   0.646086E-03   0.901850E+03
    -349  -0.370289E+03  -0.349000E+00   0.644594E-03   0.683914E+00   0.645236E-03   0.900789E+03
    -348  -0.369228E+03  -0.348000E+00   0.640890E-03   0.679985E+00   0.642674E-03   0.899728E+03
    -347  -0.368167E+03  -0.347000E+00   0.641025E-03   0.680127E+00   0.642853E-03   0.898667E+03
    -346  -0.367106E+03  -0.346000E+00   0.640993E-03   0.680093E+00   0.642240E-03   0.897606E+03
    -345  -0.366045E+03  -0.345000E+00   0.638222E-03   0.677153E+00   0.640661E-03   0.896545E+03
    -344  -0.364984E+03  -0.344000E+00   0.637482E-03   0.676368E+00   0.639001E-03   0.895484E+03
    -343  -0.363923E+03  -0.343000E+00   0.636640E-03   0.675475E+00   0.637660E-03   0.894423E+03
    -342  -0.362862E+03  -0.342000E+00   0.635751E-03   0.674532E+00   0.636481E-03   0.893362E+03
    -341  -0.361801E+03  -0.341000E+00   0.636050E-03   0.674849E+00   0.635189E-03   0.892301E+03
    -340  -0.360740E+03  -0.340000E+00   0.635097E-03   0.673838E+00   0.633624E-03   0.891240E+03
    -339  -0.359679E+03  -0.339000E+00   0.634806E-03   0.673529E+00   0.632666E-03   0.890179E+03
    -338  -0.358618E+03  -0.338000E+00   0.631965E-03   0.670515E+00   0.632156E-03   0.889118E+03
    -337  -0.357557E+03  -0.337000E+00   0.632854E-03   0.671458E+00   0.632315E-03   0.888057E+03
    -336  -0.356496E+03  -0.336000E+00   0.631437E-03   0.669955E+00   0.631501E-03   0.886996E+03
    -335  -0.355435E+03  -0.335000E+00   0.630716E-03   0.669190E+00   0.629748E-03   0.885935E+03
    -334  -0.354374E+03  -0.334000E+00   0.628904E-03   0.667268E+00   0.628928E-03   0.884874E+03
    -333  -0.353313E+03  -0.333000E+00   0.627013E-03   0.665261E+00   0.627227E-03   0.883813E+03
    -332  -0.352252E+03  -0.332000E+00   0.626145E-03   0.664340E+00   0.628061E-03   0.882752E+03
    -331  -0.351191E+03  -0.331000E+00   0.624987E-03   0.663111E+00   0.626538E-03   0.881691E+03
    -330  -0.350130E+03  -0.330000E+00   0.622046E-03   0.659991E+00   0.625540E-03   0.880630E+03
    -329  -0.349069E+03  -0.329000E+00   0.623586E-03   0.661624E+00   0.624711E-03   0.879569E+03
    -328  -0.348008E+03  -0.328000E+00   0.625649E-03   0.663814E+00   0.624636E-03   0.878508E+03
    -327  -0.346947E+03  -0.327000E+00   0.623820E-03   0.661873E+00   0.623640E-03   0.877447E+03
    -326  -0.345886E+03  -0.326000E+00   0.623016E-03   0.661020E+00   0.622597E-03   0.876386E+03
    -325  -0.344825E+03  -0.325000E+00   0.622267E-03   0.660226E+00   0.622503E-03   0.875325E+03
    -324  -0.343764E+03  -0.324000E+00   0.622112E-03   0.660061E+00   0.621124E-03   0.874264E+03
    -323  -0.342703E+03  -0.323000E+00   0.622846E-03   0.660840E+00   0.622142E-03   0.873203E+03
    -322  -0.341642E+03  -0.322000E+00   0.620308E-03   0.658147E+00   0.619989E-03   0.872142E+03
    -321  -0.340581E+03  -0.321000E+00   0.615661E-03   0.653216E+00   0.617156E-03   0.871081E+03
    -320  -0.339520E+03  -0.320000E+00   0.616807E-03   0.654432E+00   0.615912E-03   0.870020E+03
    -319  -0.338459E+03  -0.319000E+00   0.616324E-03   0.653920E+00   0.613773E-03   0.868959E+03
    -318  -0.337398E+03  -0.318000E+00   0.617406E-03   0.655068E+00   0.614345E-03   0.867898E+03
    -317  -0.336337E+03  -0.317000E+00   0.617531E-03   0.655201E+00   0.614132E-03   0.866837E+03
    -316  -0.335276E+03  -0.316000E+00   0.614790E-03   0.652293E+00   0.612772E-03   0.865776E+03
    -315  -0.334215E+03  -0.315000E+00   0.610663E-03   0.647914E+00   0.612221E-03   0.864715E+03
    -314  -0.333154E+03  -0.314000E+00   0.613601E-03   0.651030E+00   0.612769E-03   0.863654E+03
    -313  -0.332093E+03  -0.313000E+00   0.611566E-03   0.648871E+00   0.611366E-03   0.862593E+03
    -312  -0.331032E+03  -0.312000E+00   0.611112E-03   0.648389E+00   0.612124E-03   0.861532E+03
    -311  -0.329971E+03  -0.311000E+00   0.607491E-03   0.644548E+00   0.609845E-03   0.860471E+03
    -310  -0.328910E+03  -0.310000E+00   0.606156E-03   0.643132E+00   0.608844E-03   0.859410E+03
    -309  -0.327849E+03  -0.309000E+00   0.607060E-03   0.644091E+00   0.608915E-03   0.858349E+03
    -308  -0.326788E+03  -0.308000E+00   0.606587E-03   0.643589E+00   0.609146E-03   0.857288E+03
    -307  -0.325727E+03  -0.307000E+00   0.605025E-03   0.641931E+00   0.606477E-03   0.856227E+03
    -306  -0.324666E+03  -0.306000E+00   0.606695E-03   0.643703E+00   0.608385E-03   0.855166E+03
    -305  -0.323605E+03  -0.305000E+00   0.603858E-03   0.640693E+00   0.607130E-03   0.854105E+03
    -304  -0.322544E+03  -0.304000E+00   0.601045E-03   0.637709E+00   0.604822E-03   0.853044E+03
    -303  -0.321483E+03  -0.303000E+00   0.600782E-03   0.637430E+00   0.603074E-03   0.851983E+03
    -302  -0.320422E+03  -0.302000E+00   0.599693E-03   0.636274E+00   0.604301E-03   0.850922E+03
    -301  -0.319361E+03  -0.301000E+00   0.598102E-03   0.634586E+00   0.602255E-03   0.849861E+03
    -300  -0.318300E+03  -0.300000E+00   0.600531E-03   0.637163E+00   0.603177E-03   0.848800E+03
    -299  -0.317239E+03  -0.299000E+00   0.601140E-03   0.637809E+00   0.603734E-03   0.847739E+03
    -298  -0.316178E+03  -0.298000E+00   0.600164E-03   0.636774E+00   0.601731E-03   0.846678E+03
    -297  -0.315117E+03  -0.297000E+00   0.599343E-03   0.635903E+00   0.600383E-03   0.845617E+03
    -296  -0.314056E+03  -0.296000E+00   0.600308E-03   0.636926E+00   0.601324E-03   0.844556E+03
    -295  -0.312995E+03  -0.295000E+00   0.594938E-03   0.631229E+00   0.597054E-03   0.843495E+03
    -294  -0.311934E+03  -0.294000E+00   0.594420E-03   0.630679E+00   0.595556E-03   0.842434E+03
    -293  -0.310873E+03  -0.293000E+00   0.597253E-03   0.633685E+00   0.596226E-03   0.841373E+03
    -292  -0.309812E+03  -0.292000E+00   0.598723E-03   0.635245E+00   0.596984E-03   0.840312E+03
    -291  -0.308751E+03  -0.291000E+00   0.594043E-03   0.630280E+00   0.595131E-03   0.839251E+03
    -290  -0.307690E+03  -0.290000E+00   0.595819E-03   0.632164E+00   0.595596E-03   0.838190E+03
    -289  -0.306629E+03  -0.289000E+00   0.593985E-03   0.630218E+00   0.595074E-03   0.837129E+03
    -288  -0.305568E+03  -0.288000E+00   0.594779E-03   0.631061E+00   0.596030E-03   0.836068E+03
    -287  -0.304507E+03  -0.287000E+00   0.594234E-03   0.630483E+00   0.594435E-03   0.835007E+03
    -286  -0.303446E+03  -0.286000E+00   0.593498E-03   0.629702E+00   0.593573E-03   0.833946E+03
    -285  -0.302385E+03  -0.285000E+00   0.595449E-03   0.631771E+00   0.594701E-03   0.832885E+03
    -284  -0.301324E+03  -0.284000E+00   0.593266E-03   0.629455E+00   0.593879E-03   0.831824E+03
    -283  -0.300263E+03  -0.283000E+00   0.592655E-03   0.628807E+00   0.593898E-03   0.830763E+03
    -282  -0.299202E+03  -0.282000E+00   0.595163E-03   0.631468E+00   0.592661E-03   0.829702E+03
    -281  -0.298141E+03  -0.281000E+00   0.592712E-03   0.628867E+00   0.592461E-03   0.828641E+03
    -280  -0.297080E+03  -0.280000E+00   0.592343E-03   0.628476E+00   0.590989E-03   0.827580E+03
    -279  -0.296019E+03  -0.279000E+00   0.590890E-03   0.626934E+00   0.591723E-03   0.826519E+03
    -278  -0.294958E+03  -0.278000E+00   0.588306E-03   0.624193E+00   0.591040E-03   0.825458E+03
    -277  -0.293897E+03  -0.277000E+00   0.585577E-03   0.621297E+00   0.588167E-03   0.824397E+03
    -276  -0.292836E+03  -0.276000E+00   0.587567E-03   0.623409E+00   0.588694E-03   0.823336E+03
    -275  -0.291775E+03  -0.275000E+00   0.588759E-03   0.624673E+00   0.589102E-03   0.822275E+03
    -274  -0.290714E+03  -0.274000E+00   0.587758E-03   0.623611E+00   0.586477E-03   0.821214E+03
    -273  -0.289653E+03  -0.273000E+00   0.586462E-03   0.622237E+00   0.587152E-03   0.820153E+03
    -272  -0.288592E+03  -0.272000E+00   0.585556E-03   0.621275E+00   0.587354E-03   0.819092E+03
    -271  -0.287531E+03  -0.271000E+00   0.584911E-03   0.620591E+00   0.587313E-03   0.818031E+03
    -270  -0.286470E+03  -0.270000E+00   0.584166E-03   0.619800E+00   0.585847E-03   0.816970E+03
    -269  -0.285409E+03  -0.269000E+00   0.584126E-03   0.619758E+00   0.584939E-03   0.815909E+03
    -268  -0.284348E+03  -0.268000E+00   0.583166E-03   0.618739E+00   0.584066E-03   0.814848E+03
    -267  -0.283287E+03  -0.267000E+00   0.583907E-03   0.619525E+00   0.584522E-03   0.813787E+03
    -266  -0.282226E+03  -0.266000E+00   0.583266E-03   0.618845E+00   0.583634E-03   0.812726E+03
    -265  -0.281165E+03  -0.265000E+00   0.584094E-03   0.619724E+00   0.582634E-03   0.811665E+03
    -264  -0.280104E+03  -0.264000E+00   0.584762E-03   0.620432E+00   0.583774E-03   0.810604E+03
    -263  -0.279043E+03  -0.263000E+00   0.584098E-03   0.619728E+00   0.583611E-03   0.809543E+03
    -262  -0.277982E+03  -0.262000E+00   0.583211E-03   0.618787E+00   0.583658E-03   0.808482E+03
    -261  -0.276921E+03  -0.261000E+00   0.583421E-03   0.619010E+00   0.583737E-03   0.807421E+03
    -260  -0.275860E+03  -0.260000E+00   0.581503E-03   0.616975E+00   0.582014E-03   0.806360E+03
    -259  -0.274799E+03  -0.259000E+00   0.581660E-03   0.617141E+00   0.581209E-03   0.805299E+03
    -258  -0.273738E+03  -0.258000E+00   0.579899E-03   0.615273E+00   0.580204E-03   0.804238E+03
    -257  -0.272677E+03  -0.257000E+00   0.579907E-03   0.615281E+00   0.581002E-03   0.803177E+03
    -256  -0.271616E+03  -0.256000E+00   0.579651E-03   0.615010E+00   0.580513E-03   0.802116E+03
    -255  -0.270555E+03  -0.255000E+00   0.578734E-03   0.614037E+00   0.580433E-03   0.801055E+03
    -254  -0.269494E+03  -0.254000E+00   0.577353E-03   0.612572E+00   0.580077E-03   0.799994E+03
    -253  -0.268433E+03  -0.253000E+00   0.574981E-03   0.610055E+00   0.577275E-03   0.798933E+03
    -252  -0.267372E+03  -0.252000E+00   0.573476E-03   0.608458E+00   0.576631E-03   0.797872E+03
    -251  -0.266311E+03  -0.251000E+00   0.574715E-03   0.609772E+00   0.577417E-03   0.796811E+03
    -250  -0.265250E+03  -0.250000E+00   0.574908E-03   0.609977E+00   0.576495E-03   0.795750E+03
    -249  -0.264189E+03  -0.249000E+00   0.574542E-03   0.609590E+00   0.576061E-03   0.794689E+03
    -248  -0.263128E+03  -0.248000E+00   0.575127E-03   0.610210E+00   0.576772E-03   0.793628E+03
    -247  -0.262067E+03  -0.247000E+00   0.575859E-03   0.610986E+00   0.576814E-03   0.792567E+03
    -246  -0.261006E+03  -0.246000E+00   0.578270E-03   0.613545E+00   0.579462E-03   0.791506E+03
    -245  -0.259945E+03  -0.245000E+00   0.574692E-03   0.609748E+00   0.576594E-03   0.790445E+03
    -244  -0.258884E+03  -0.244000E+00   0.575102E-03   0.610184E+00   0.576798E-03   0.789384E+03
    -243  -0.257823E+03  -0.243000E+00   0.576243E-03   0.611394E+00   0.575370E-03   0.788323E+03
    -242  -0.256762E+03  -0.242000E+00   0.577092E-03   0.612295E+00   0.576423E-03   0.787262E+03
    -241  -0.255701E+03  -0.241000E+00   0.577601E-03   0.612835E+00   0.575699E-03   0.786201E+03
    -240  -0.254640E+03  -0.240000E+00   0.576423E-03   0.611584E+00   0.575300E-03   0.785140E+03
    -239  -0.253579E+03  -0.239000E+00   0.575579E-03   0.610689E+00   0.575151E-03   0.784079E+03
    -238  -0.252518E+03  -0.238000E+00   0.572505E-03   0.607428E+00   0.575239E-03   0.783018E+03
    -237  -0.251457E+03  -0.237000E+00   0.572222E-03   0.607127E+00   0.573118E-03   0.781957E+03
    -236  -0.250396E+03  -0.236000E+00   0.571467E-03   0.606326E+00   0.573071E-03   0.780896E+03
    -235  -0.249335E+03  -0.235000E+00   0.573485E-03   0.608468E+00   0.574309E-03   0.779835E+03
    -234  -0.248274E+03  -0.234000E+00   0.570962E-03   0.605791E+00   0.572752E-03   0.778774E+03
    -233  -0.247213E+03  -0.233000E+00   0.571853E-03   0.606736E+00   0.572585E-03   0.777713E+03
    -232  -0.246152E+03  -0.232000E+00   0.569994E-03   0.604763E+00   0.571823E-03   0.776652E+03
    -231  -0.245091E+03  -0.231000E+00   0.569350E-03   0.604081E+00   0.571368E-03   0.775591E+03
    -230  -0.244030E+03  -0.230000E+00   0.571919E-03   0.606806E+00   0.573295E-03   0.774530E+03
    -229  -0.242969E+03  -0.229000E+00   0.570213E-03   0.604996E+00   0.572497E-03   0.773469E+03
    -228  -0.241908E+03  -0.228000E+00   0.566135E-03   0.600669E+00   0.569617E-03   0.772408E+03
    -227  -0.240847E+03  -0.227000E+00   0.568155E-03   0.602813E+00   0.569929E-03   0.771347E+03
    -226  -0.239786E+03  -0.226000E+00   0.568458E-03   0.603134E+00   0.570102E-03   0.770286E+03
    -225  -0.238725E+03  -0.225000E+00   0.567192E-03   0.601791E+00   0.568028E-03   0.769225E+03
    -224  -0.237664E+03  -0.224000E+00   0.566383E-03   0.600932E+00   0.567718E-03   0.768164E+03
    -223  -0.236603E+03  -0.223000E+00   0.568287E-03   0.602953E+00   0.570435E-03   0.767103E+03
    -222  -0.235542E+03  -0.222000E+00   0.568768E-03   0.603463E+00   0.570522E-03   0.766042E+03
    -221  -0.234481E+03  -0.221000E+00   0.565628E-03   0.600131E+00   0.568503E-03   0.764981E+03
    -220  -0.233420E+03  -0.220000E+00   0.568200E-03   0.602861E+00   0.567383E-03   0.763920E+03
    -219  -0.232359E+03  -0.219000E+00   0.567731E-03   0.602363E+00   0.567190E-03   0.762859E+03
    -218  -0.231298E+03  -0.218000E+00   0.567523E-03   0.602142E+00   0.567203E-03   0.761798E+03
    -217  -0.230237E+03  -0.217000E+00   0.566460E-03   0.601014E+00   0.567310E-03   0.760737E+03
    -216  -0.229176E+03  -0.216000E+00   0.566057E-03   0.600587E+00   0.567077E-03   0.759676E+03
    -215  -0.228115E+03  -0.215000E+00   0.565426E-03   0.599917E+00   0.566946E-03   0.758615E+03
    -214  -0.227054E+03  -0.214000E+00   0.564924E-03   0.599385E+00   0.565893E-03   0.757554E+03
    -213  -0.225993E+03  -0.213000E+00   0.563190E-03   0.597545E+00   0.564353E-03   0.756493E+03
    -212  -0.224932E+03  -0.212000E+00   0.565613E-03   0.600115E+00   0.565479E-03   0.755432E+03
    -211  -0.223871E+03  -0.211000E+00   0.565238E-03   0.599718E+00   0.566139E-03   0.754371E+03
    -210  -0.222810E+03  -0.210000E+00   0.564699E-03   0.599146E+00   0.565787E-03   0.753310E+03
    -209  -0.221749E+03  -0.209000E+00   0.562309E-03   0.596609E+00   0.563763E-03   0.752249E+03
    -208  -0.220688E+03  -0.208000E+00   0.565590E-03   0.600091E+00   0.564782E-03   0.751188E+03
    -207  -0.219627E+03  -0.207000E+00   0.564130E-03   0.598542E+00   0.564750E-03   0.750127E+03
    -206  -0.218566E+03  -0.206000E+00   0.561870E-03   0.596144E+00   0.562602E-03   0.749066E+03
    -205  -0.217505E+03  -0.205000E+00   0.559840E-03   0.593991E+00   0.562829E-03   0.748005E+03
    -204  -0.216444E+03  -0.204000E+00   0.559297E-03   0.593415E+00   0.561739E-03   0.746944E+03
    -203  -0.215383E+03  -0.203000E+00   0.562742E-03   0.597069E+00   0.562478E-03   0.745883E+03
    -202  -0.214322E+03  -0.202000E+00   0.563065E-03   0.597412E+00   0.562479E-03   0.744822E+03
    -201  -0.213261E+03  -0.201000E+00   0.561919E-03   0.596196E+00   0.562109E-03   0.743761E+03
    -200  -0.212200E+03  -0.200000E+00   0.562415E-03   0.596722E+00   0.562103E-03   0.742700E+03
    -199  -0.211139E+03  -0.199000E+00   0.561955E-03   0.596234E+00   0.562156E-03   0.741639E+03
    -198  -0.210078E+03  -0.198000E+00   0.561656E-03   0.595917E+00   0.560735E-03   0.740578E+03
    -197  -0.209017E+03  -0.197000E+00   0.563423E-03   0.597791E+00   0.561930E-03   0.739517E+03
    -196  -0.207956E+03  -0.196000E+00   0.562609E-03   0.596929E+00   0.563001E-03   0.738456E+03
    -195  -0.206895E+03  -0.195000E+00   0.562494E-03   0.596806E+00   0.563559E-03   0.737395E+03
    -194  -0.205834E+03  -0.194000E+00   0.562091E-03   0.596379E+00   0.562359E-03   0.736334E+03
    -193  -0.204773E+03  -0.193000E+00   0.560135E-03   0.594304E+00   0.561840E-03   0.735273E+03
    -192  -0.203712E+03  -0.192000E+00   0.562118E-03   0.596407E+00   0.561595E-03   0.734212E+03
    -191  -0.202651E+03  -0.191000E+00   0.561579E-03   0.595835E+00   0.560807E-03   0.733151E+03
    -190  -0.201590E+03  -0.190000E+00   0.560979E-03   0.595199E+00   0.559784E-03   0.732090E+03
    -189  -0.200529E+03  -0.189000E+00   0.559504E-03   0.593633E+00   0.560308E-03   0.731029E+03
    -188  -0.199468E+03  -0.188000E+00   0.561282E-03   0.595520E+00   0.561755E-03   0.729968E+03
    -187  -0.198407E+03  -0.187000E+00   0.561482E-03   0.595732E+00   0.559247E-03   0.728907E+03
    -186  -0.197346E+03  -0.186000E+00   0.563131E-03   0.597482E+00   0.561339E-03   0.727846E+03
    -185  -0.196285E+03  -0.185000E+00   0.562121E-03   0.596411E+00   0.561340E-03   0.726785E+03
    -184  -0.195224E+03  -0.184000E+00   0.558618E-03   0.592694E+00   0.559242E-03   0.725724E+03
    -183  -0.194163E+03  -0.183000E+00   0.559377E-03   0.593499E+00   0.559959E-03   0.724663E+03
    -182  -0.193102E+03  -0.182000E+00   0.559986E-03   0.594145E+00   0.560011E-03   0.723602E+03
    -181  -0.192041E+03  -0.181000E+00   0.559551E-03   0.593683E+00   0.559837E-03   0.722541E+03
    -180  -0.190980E+03  -0.180000E+00   0.558219E-03   0.592271E+00   0.558579E-03   0.721480E+03
    -179  -0.189919E+03  -0.179000E+00   0.558482E-03   0.592550E+00   0.559257E-03   0.720419E+03
    -178  -0.188858E+03  -0.178000E+00   0.557697E-03   0.591717E+00   0.559500E-03   0.719358E+03
    -177  -0.187797E+03  -0.177000E+00   0.557103E-03   0.591087E+00   0.556941E-03   0.718297E+03
    -176  -0.186736E+03  -0.176000E+00   0.555723E-03   0.589622E+00   0.555811E-03   0.717236E+03
    -175  -0.185675E+03  -0.175000E+00   0.555023E-03   0.588879E+00   0.556892E-03   0.716175E+03
    -174  -0.184614E+03  -0.174000E+00   0.556706E-03   0.590665E+00   0.556193E-03   0.715114E+03
    -173  -0.183553E+03  -0.173000E+00   0.555153E-03   0.589018E+00   0.554907E-03   0.714053E+03
    -172  -0.182492E+03  -0.172000E+00   0.556088E-03   0.590009E+00   0.556091E-03   0.712992E+03
    -171  -0.181431E+03  -0.171000E+00   0.558713E-03   0.592794E+00   0.556883E-03   0.711931E+03
    -170  -0.180370E+03  -0.170000E+00   0.557171E-03   0.591159E+00   0.555765E-03   0.710870E+03
    -169  -0.179309E+03  -0.169000E+00   0.555590E-03   0.589481E+00   0.556210E-03   0.709809E+03
    -168  -0.178248E+03  -0.168000E+00   0.554488E-03   0.588311E+00   0.556088E-03   0.708748E+03
    -167  -0.177187E+03  -0.167000E+00   0.553943E-03   0.587733E+00   0.555459E-03   0.707687E+03
    -166  -0.176126E+03  -0.166000E+00   0.552526E-03   0.586230E+00   0.553787E-03   0.706626E+03
    -165  -0.175065E+03  -0.165000E+00   0.554580E-03   0.588410E+00   0.553778E-03   0.705565E+03
    -164  -0.174004E+03  -0.164000E+00   0.556127E-03   0.590051E+00   0.554750E-03   0.704504E+03
    -163  -0.172943E+03  -0.163000E+00   0.556990E-03   0.590966E+00   0.557422E-03   0.703443E+03
    -162  -0.171882E+03  -0.162000E+00   0.556629E-03   0.590583E+00   0.555392E-03   0.702382E+03
    -161  -0.170821E+03  -0.161000E+00   0.555386E-03   0.589264E+00   0.555802E-03   0.701321E+03
    -160  -0.169760E+03  -0.160000E+00   0.557158E-03   0.591145E+00   0.555515E-03   0.700260E+03
    -159  -0.168699E+03  -0.159000E+00   0.555611E-03   0.589503E+00   0.555991E-03   0.699199E+03
    -158  -0.167638E+03  -0.158000E+00   0.557164E-03   0.591151E+00   0.556082E-03   0.698138E+03
    -157  -0.166577E+03  -0.157000E+00   0.558132E-03   0.592178E+00   0.556230E-03   0.697077E+03
    -156  -0.165516E+03  -0.156000E+00   0.559237E-03   0.593350E+00   0.556465E-03   0.696016E+03
    -155  -0.164455E+03  -0.155000E+00   0.557397E-03   0.591398E+00   0.555306E-03   0.694955E+03
    -154  -0.163394E+03  -0.154000E+00   0.556394E-03   0.590334E+00   0.555034E-03   0.693894E+03
    -153  -0.162333E+03  -0.153000E+00   0.556950E-03   0.590924E+00   0.555411E-03   0.692833E+03
    -152  -0.161272E+03  -0.152000E+00   0.557599E-03   0.591612E+00   0.555927E-03   0.691772E+03
    -151  -0.160211E+03  -0.151000E+00   0.553812E-03   0.587595E+00   0.553206E-03   0.690711E+03
    -150  -0.159150E+03  -0.150000E+00   0.555910E-03   0.589820E+00   0.553158E-03   0.689650E+03
    -149  -0.158089E+03  -0.149000E+00   0.557398E-03   0.591400E+00   0.555031E-03   0.688589E+03
    -148  -0.157028E+03  -0.148000E+00   0.557166E-03   0.591153E+00   0.554185E-03   0.687528E+03
    -147  -0.155967E+03  -0.147000E+00   0.555150E-03   0.589014E+00   0.551964E-03   0.686467E+03
    -146  -0.154906E+03  -0.146000E+00   0.557058E-03   0.591039E+00   0.553042E-03   0.685406E+03
    -145  -0.153845E+03  -0.145000E+00   0.555950E-03   0.589863E+00   0.552243E-03   0.684345E+03
    -144  -0.152784E+03  -0.144000E+00   0.556118E-03   0.590041E+00   0.553315E-03   0.683284E+03
    -143  -0.151723E+03  -0.143000E+00   0.557196E-03   0.591185E+00   0.553353E-03   0.682223E+03
    -142  -0.150662E+03  -0.142000E+00   0.553288E-03   0.587039E+00   0.551524E-03   0.681162E+03
    -141  -0.149601E+03  -0.141000E+00   0.555108E-03   0.588969E+00   0.552577E-03   0.680101E+03
    -140  -0.148540E+03  -0.140000E+00   0.554820E-03   0.588664E+00   0.551861E-03   0.679040E+03
    -139  -0.147479E+03  -0.139000E+00   0.555687E-03   0.589584E+00   0.551078E-03   0.677979E+03
    -138  -0.146418E+03  -0.138000E+00   0.554567E-03   0.588396E+00   0.550950E-03   0.676918E+03
    -137  -0.145357E+03  -0.137000E+00   0.556434E-03   0.590376E+00   0.551732E-03   0.675857E+03
    -136  -0.144296E+03  -0.136000E+00   0.557083E-03   0.591065E+00   0.552475E-03   0.674796E+03
    -135  -0.143235E+03  -0.135000E+00   0.556806E-03   0.590772E+00   0.552854E-03   0.673735E+03
    -134  -0.142174E+03  -0.134000E+00   0.557720E-03   0.591741E+00   0.553621E-03   0.672674E+03
    -133  -0.141113E+03  -0.133000E+00   0.557578E-03   0.591590E+00   0.553030E-03   0.671613E+03
    -132  -0.140052E+03  -0.132000E+00   0.557026E-03   0.591004E+00   0.552704E-03   0.670552E+03
    -131  -0.138991E+03  -0.131000E+00   0.560088E-03   0.594253E+00   0.554035E-03   0.669491E+03
    -130  -0.137930E+03  -0.130000E+00   0.560090E-03   0.594255E+00   0.554535E-03   0.668430E+03
    -129  -0.136869E+03  -0.129000E+00   0.559091E-03   0.593196E+00   0.555469E-03   0.667369E+03
    -128  -0.135808E+03  -0.128000E+00   0.556475E-03   0.590420E+00   0.552797E-03   0.666308E+03
    -127  -0.134747E+03  -0.127000E+00   0.556260E-03   0.590192E+00   0.552481E-03   0.665247E+03
    -126  -0.133686E+03  -0.126000E+00   0.555853E-03   0.589760E+00   0.550957E-03   0.664186E+03
    -125  -0.132625E+03  -0.125000E+00   0.555280E-03   0.589152E+00   0.553342E-03   0.663125E+03
    -124  -0.131564E+03  -0.124000E+00   0.554667E-03   0.588502E+00   0.553833E-03   0.662064E+03
    -123  -0.130503E+03  -0.123000E+00   0.553107E-03   0.586846E+00   0.552432E-03   0.661003E+03
    -122  -0.129442E+03  -0.122000E+00   0.552424E-03   0.586122E+00   0.550923E-03   0.659942E+03
    -121  -0.128381E+03  -0.121000E+00   0.552770E-03   0.586489E+00   0.551228E-03   0.658881E+03
    -120  -0.127320E+03  -0.120000E+00   0.552677E-03   0.586391E+00   0.550322E-03   0.657820E+03
    -119  -0.126259E+03  -0.119000E+00   0.553737E-03   0.587515E+00   0.551808E-03   0.656759E+03
    -118  -0.125198E+03  -0.118000E+00   0.552528E-03   0.586232E+00   0.550478E-03   0.655698E+03
    -117  -0.124137E+03  -0.117000E+00   0.553771E-03   0.587551E+00   0.550857E-03   0.654637E+03
    -116  -0.123076E+03  -0.116000E+00   0.554862E-03   0.588709E+00   0.550774E-03   0.653576E+03
    -115  -0.122015E+03  -0.115000E+00   0.554304E-03   0.588117E+00   0.549815E-03   0.652515E+03
    -114  -0.120954E+03  -0.114000E+00   0.552829E-03   0.586551E+00   0.551076E-03   0.651454E+03
    -113  -0.119893E+03  -0.113000E+00   0.551857E-03   0.585520E+00   0.548767E-03   0.650393E+03
    -112  -0.118832E+03  -0.112000E+00   0.554244E-03   0.588052E+00   0.550490E-03   0.649332E+03
    -111  -0.117771E+03  -0.111000E+00   0.555450E-03   0.589333E+00   0.550447E-03   0.648271E+03
    -110  -0.116710E+03  -0.110000E+00   0.556585E-03   0.590537E+00   0.549695E-03   0.647210E+03
    -109  -0.115649E+03  -0.109000E+00   0.555288E-03   0.589160E+00   0.549823E-03   0.646149E+03
    -108  -0.114588E+03  -0.108000E+00   0.556880E-03   0.590850E+00   0.552713E-03   0.645088E+03
    -107  -0.113527E+03  -0.107000E+00   0.553706E-03   0.587482E+00   0.550083E-03   0.644027E+03
    -106  -0.112466E+03  -0.106000E+00   0.554030E-03   0.587826E+00   0.549688E-03   0.642966E+03
    -105  -0.111405E+03  -0.105000E+00   0.552946E-03   0.586676E+00   0.550269E-03   0.641905E+03
    -104  -0.110344E+03  -0.104000E+00   0.553264E-03   0.587013E+00   0.550601E-03   0.640844E+03
    -103  -0.109283E+03  -0.103000E+00   0.554896E-03   0.588745E+00   0.550303E-03   0.639783E+03
    -102  -0.108222E+03  -0.102000E+00   0.552598E-03   0.586306E+00   0.549459E-03   0.638722E+03
    -101  -0.107161E+03  -0.101000E+00   0.550476E-03   0.584055E+00   0.547724E-03   0.637661E+03
    -100  -0.106100E+03  -0.100000E+00   0.550519E-03   0.584101E+00   0.547885E-03   0.636600E+03
     -99  -0.105039E+03  -0.990000E-01   0.550039E-03   0.583591E+00   0.547383E-03   0.635539E+03
     -98  -0.103978E+03  -0.980000E-01   0.549912E-03   0.583457E+00   0.547745E-03   0.634478E+03
     -97  -0.102917E+03  -0.970000E-01   0.548535E-03   0.581996E+00   0.546070E-03   0.633417E+03
     -96  -0.101856E+03  -0.960000E-01   0.552651E-03   0.586363E+00   0.547737E-03   0.632356E+03
     -95  -0.100795E+03  -0.950000E-01   0.549759E-03   0.583294E+00   0.547427E-03   0.631295E+03
     -94  -0.997340E+02  -0.940000E-01   0.550321E-03   0.583890E+00   0.548485E-03   0.630234E+03
     -93  -0.986730E+02  -0.930000E-01   0.546729E-03   0.580079E+00   0.547269E-03   0.629173E+03
     -92  -0.976120E+02  -0.920000E-01   0.549940E-03   0.583487E+00   0.547225E-03   0.628112E+03
     -91  -0.965510E+02  -0.910000E-01   0.549594E-03   0.583120E+00   0.547335E-03   0.627051E+03
     -90  -0.954900E+02  -0.900000E-01   0.548248E-03   0.581691E+00   0.548654E-03   0.625990E+03
     -89  -0.944290E+02  -0.890000E-01   0.549343E-03   0.582853E+00   0.549671E-03   0.624929E+03
     -88  -0.933680E+02  -0.880000E-01   0.550943E-03   0.584550E+00   0.548941E-03   0.623868E+03
     -87  -0.923070E+02  -0.870000E-01   0.547599E-03   0.581002E+00   0.547255E-03   0.622807E+03
     -86  -0.912460E+02  -0.860000E-01   0.548214E-03   0.581655E+00   0.547555E-03   0.621746E+03
     -85  -0.901850E+02  -0.850000E-01   0.549048E-03   0.582540E+00   0.547746E-03   0.620685E+03
     -84  -0.891240E+02  -0.840000E-01   0.549676E-03   0.583206E+00   0.546697E-03   0.619624E+03
     -83  -0.880630E+02  -0.830000E-01   0.549439E-03   0.582955E+00   0.546741E-03   0.618563E+03
     -82  -0.870020E+02  -0.820000E-01   0.549311E-03   0.582819E+00   0.548261E-03   0.617502E+03
     -81  -0.859410E+02  -0.810000E-01   0.550784E-03   0.584382E+00   0.547143E-03   0.616441E+03
     -80  -0.848800E+02  -0.800000E-01   0.549131E-03   0.582628E+00   0.546590E-03   0.615380E+03
     -79  -0.838190E+02  -0.790000E-01   0.547381E-03   0.580772E+00   0.545665E-03   0.614319E+03
     -78  -0.827580E+02  -0.780000E-01   0.547814E-03   0.581231E+00   0.545706E-03   0.613258E+03
     -77  -0.816970E+02  -0.770000E-01   0.544081E-03   0.577270E+00   0.542781E-03   0.612197E+03
     -76  -0.806360E+02  -0.760000E-01   0.546313E-03   0.579638E+00   0.543884E-03   0.611136E+03
     -75  -0.795750E+02  -0.750000E-01   0.546203E-03   0.579521E+00   0.543846E-03   0.610075E+03
     -74  -0.785140E+02  -0.740000E-01   0.547483E-03   0.580880E+00   0.543432E-03   0.609014E+03
     -73  -0.774530E+02  -0.730000E-01   0.548189E-03   0.581629E+00   0.545591E-03   0.607953E+03
     -72  -0.763920E+02  -0.720000E-01   0.549116E-03   0.582612E+00   0.545658E-03   0.606892E+03
     -71  -0.753310E+02  -0.710000E-01   0.548272E-03   0.581717E+00   0.546093E-03   0.605831E+03
     -70  -0.742700E+02  -0.700000E-01   0.547323E-03   0.580709E+00   0.544861E-03   0.604770E+03
     -69  -0.732090E+02  -0.690000E-01   0.548859E-03   0.582339E+00   0.545732E-03   0.603709E+03
     -68  -0.721480E+02  -0.680000E-01   0.547584E-03   0.580986E+00   0.545504E-03   0.602648E+03
     -67  -0.710870E+02  -0.670000E-01   0.544858E-03   0.578095E+00   0.544944E-03   0.601587E+03
     -66  -0.700260E+02  -0.660000E-01   0.544716E-03   0.577944E+00   0.545064E-03   0.600526E+03
     -65  -0.689650E+02  -0.650000E-01   0.545624E-03   0.578907E+00   0.544013E-03   0.599465E+03
     -64  -0.679040E+02  -0.640000E-01   0.545166E-03   0.578422E+00   0.545777E-03   0.598404E+03
     -63  -0.668430E+02  -0.630000E-01   0.546963E-03   0.580328E+00   0.546904E-03   0.597343E+03
     -62  -0.657820E+02  -0.620000E-01   0.546850E-03   0.580208E+00   0.547645E-03   0.596282E+03
     -61  -0.647210E+02  -0.610000E-01   0.546888E-03   0.580248E+00   0.547988E-03   0.595221E+03
     -60  -0.636600E+02  -0.600000E-01   0.548789E-03   0.582265E+00   0.547197E-03   0.594160E+03
     -59  -0.625990E+02  -0.590000E-01   0.549944E-03   0.583491E+00   0.547727E-03   0.593099E+03
     -58  -0.615380E+02  -0.580000E-01   0.550589E-03   0.584175E+00   0.548011E-03   0.592038E+03
     -57  -0.604770E+02  -0.570000E-01   0.548253E-03   0.581697E+00   0.546455E-03   0.590977E+03
     -56  -0.594160E+02  -0.560000E-01   0.550898E-03   0.584502E+00   0.546976E-03   0.589916E+03
     -55  -0.583550E+02  -0.550000E-01   0.549299E-03   0.582807E+00   0.545625E-03   0.588855E+03
     -54  -0.572940E+02  -0.540000E-01   0.547884E-03   0.581305E+00   0.545143E-03   0.587794E+03
     -53  -0.562330E+02  -0.530000E-01   0.549420E-03   0.582935E+00   0.545690E-03   0.586733E+03
     -52  -0.551720E+02  -0.520000E-01   0.548715E-03   0.582186E+00   0.546174E-03   0.585672E+03
     -51  -0.541110E+02  -0.510000E-01   0.548248E-03   0.581691E+00   0.544427E-03   0.584611E+03
     -50  -0.530500E+02  -0.500000E-01   0.547315E-03   0.580701E+00   0.543858E-03   0.583550E+03
     -49  -0.519890E+02  -0.490000E-01   0.547277E-03   0.580661E+00   0.543745E-03   0.582489E+03
     -48  -0.509280E+02  -0.480000E-01   0.548170E-03   0.581608E+00   0.544355E-03   0.581428E+03
     -47  -0.498670E+02  -0.470000E-01   0.546912E-03   0.580274E+00   0.542728E-03   0.580367E+03
     -46  -0.488060E+02  -0.460000E-01   0.547160E-03   0.580537E+00   0.543707E-03   0.579306E+03
     -45  -0.477450E+02  -0.450000E-01   0.546377E-03   0.579706E+00   0.544163E-03   0.578245E+03
     -44  -0.466840E+02  -0.440000E-01   0.546020E-03   0.579327E+00   0.544716E-03   0.577184E+03
     -43  -0.456230E+02  -0.430000E-01   0.546046E-03   0.579355E+00   0.544411E-03   0.576123E+03
     -42  -0.445620E+02  -0.420000E-01   0.544499E-03   0.577713E+00   0.543427E-03   0.575062E+03
     -41  -0.435010E+02  -0.410000E-01   0.544088E-03   0.577278E+00   0.543563E-03   0.574001E+03
     -40  -0.424400E+02  -0.400000E-01   0.544518E-03   0.577733E+00   0.543747E-03   0.572940E+03
     -39  -0.413790E+02  -0.390000E-01   0.546438E-03   0.579770E+00   0.543846E-03   0.571879E+03
     -38  -0.403180E+02  -0.380000E-01   0.547219E-03   0.580599E+00   0.545084E-03   0.570818E+03
     -37  -0.392570E+02  -0.370000E-01   0.546842E-03   0.580200E+00   0.546036E-03   0.569757E+03
     -36  -0.381960E+02  -0.360000E-01   0.548698E-03   0.582168E+00   0.545652E-03   0.568696E+03
     -35  -0.371350E+02  -0.350000E-01   0.546311E-03   0.579636E+00   0.543963E-03   0.567635E+03
     -34  -0.360740E+02  -0.340000E-01   0.543485E-03   0.576638E+00   0.543185E-03   0.566574E+03
     -33  -0.350130E+02  -0.330000E-01   0.542747E-03   0.575855E+00   0.541903E-03   0.565513E+03
     -32  -0.339520E+02  -0.320000E-01   0.543880E-03   0.577057E+00   0.542171E-03   0.564452E+03
     -31  -0.328910E+02  -0.310000E-01   0.541824E-03   0.574876E+00   0.541343E-03   0.563391E+03
     -30  -0.318300E+02  -0.300000E-01   0.541444E-03   0.574472E+00   0.540497E-03   0.562330E+03
     -29  -0.307690E+02  -0.290000E-01   0.541970E-03   0.575030E+00   0.541076E-03   0.561269E+03
     -28  -0.297080E+02  -0.280000E-01   0.541577E-03   0.574613E+00   0.539345E-03   0.560208E+03
     -27  -0.286470E+02  -0.270000E-01   0.539305E-03   0.572202E+00   0.537778E-03   0.559147E+03
     -26  -0.275860E+02  -0.260000E-01   0.542422E-03   0.575510E+00   0.539085E-03   0.558086E+03
     -25  -0.265250E+02  -0.250000E-01   0.541230E-03   0.574245E+00   0.540350E-03   0.557025E+03
     -24  -0.254640E+02  -0.240000E-01   0.541132E-03   0.574141E+00   0.540381E-03   0.555964E+03
     -23  -0.244030E+02  -0.230000E-01   0.543587E-03   0.576746E+00   0.540079E-03   0.554903E+03
     -22  -0.233420E+02  -0.220000E-01   0.544298E-03   0.577501E+00   0.540055E-03   0.553842E+03
     -21  -0.222810E+02  -0.210000E-01   0.540793E-03   0.573782E+00   0.538715E-03   0.552781E+03
     -20  -0.212200E+02  -0.200000E-01   0.540073E-03   0.573017E+00   0.538524E-03   0.551720E+03
     -19  -0.201590E+02  -0.190000E-01   0.541342E-03   0.574364E+00   0.538414E-03   0.550659E+03
     -18  -0.190980E+02  -0.180000E-01   0.542100E-03   0.575169E+00   0.538631E-03   0.549598E+03
     -17  -0.180370E+02  -0.170000E-01   0.541648E-03   0.574689E+00   0.538794E-03   0.548537E+03
     -16  -0.169760E+02  -0.160000E-01   0.541673E-03   0.574715E+00   0.539822E-03   0.547476E+03
     -15  -0.159150E+02  -0.150000E-01   0.539541E-03   0.572453E+00   0.538651E-03   0.546415E+03
     -14  -0.148540E+02  -0.140000E-01   0.541066E-03   0.574071E+00   0.540148E-03   0.545354E+03
     -13  -0.137930E+02  -0.130000E-01   0.542912E-03   0.576030E+00   0.541168E-03   0.544293E+03
     -12  -0.127320E+02  -0.120000E-01   0.543684E-03   0.576848E+00   0.540826E-03   0.543232E+03
     -11  -0.116710E+02  -0.110000E-01   0.544440E-03   0.577651E+00   0.541283E-03   0.542171E+03
     -10  -0.106100E+02  -0.100000E-01   0.544382E-03   0.577589E+00   0.540084E-03   0.541110E+03
      -9  -0.954900E+01  -0.900000E-02   0.542647E-03   0.575749E+00   0.541927E-03   0.540049E+03
      -8  -0.848800E+01  -0.800000E-02   0.539674E-03   0.572594E+00   0.539919E-03   0.538988E+03
      -7  -0.742700E+01  -0.700000E-02   0.539076E-03   0.571960E+00   0.539099E-03   0.537927E+03
      -6  -0.636600E+01  -0.600000E-02   0.538365E-03   0.571205E+00   0.539166E-03   0.536866E+03
      -5  -0.530500E+01  -0.500000E-02   0.540438E-03   0.573405E+00   0.539323E-03   0.535805E+03
      -4  -0.424400E+01  -0.400000E-02   0.539231E-03   0.572124E+00   0.539173E-03   0.534744E+03
      -3  -0.318300E+01  -0.300000E-02   0.539585E-03   0.572500E+00   0.540323E-03   0.533683E+03
      -2  -0.212200E+01  -0.200000E-02   0.540126E-03   0.573073E+00   0.539451E-03   0.532622E+03
      -1  -0.106100E+01  -0.100000E-02   0.538195E-03   0.571024E+00   0.537467E-03   0.531561E+03
       0   0.000000E+00   0.000000E+00   0.538983E-03   0.571861E+00   0.538983E-03   0.530500E+03
       1   0.106100E+01   0.100000E-02   0.536740E-03   0.569481E+00   0.537467E-03   0.529439E+03
       2   0.212200E+01   0.200000E-02   0.538775E-03   0.571641E+00   0.539451E-03   0.528378E+03
       3   0.318300E+01   0.300000E-02   0.541062E-03   0.574067E+00   0.540323E-03   0.527317E+03
       4   0.424400E+01   0.400000E-02   0.539116E-03   0.572002E+00   0.539173E-03   0.526256E+03
       5   0.530500E+01   0.500000E-02   0.538208E-03   0.571039E+00   0.539323E-03   0.525195E+03
       6   0.636600E+01   0.600000E-02   0.539967E-03   0.572905E+00   0.539166E-03   0.524134E+03
       7   0.742700E+01   0.700000E-02   0.539121E-03   0.572008E+00   0.539099E-03   0.523073E+03
       8   0.848800E+01   0.800000E-02   0.540164E-03   0.573114E+00   0.539919E-03   0.522012E+03
       9   0.954900E+01   0.900000E-02   0.541208E-03   0.574221E+00   0.541927E-03   0.520951E+03
      10   0.106100E+02   0.100000E-01   0.535787E-03   0.568470E+00   0.540084E-03   0.519890E+03
      11   0.116710E+02   0.110000E-01   0.538127E-03   0.570952E+00   0.541283E-03   0.518829E+03
      12   0.127320E+02   0.120000E-01   0.537968E-03   0.570784E+00   0.540826E-03   0.517768E+03
      13   0.137930E+02   0.130000E-01   0.539424E-03   0.572329E+00   0.541168E-03   0.516707E+03
      14   0.148540E+02   0.140000E-01   0.539229E-03   0.572122E+00   0.540148E-03   0.515646E+03
      15   0.159150E+02   0.150000E-01   0.537761E-03   0.570565E+00   0.538651E-03   0.514585E+03
      16   0.169760E+02   0.160000E-01   0.537971E-03   0.570788E+00   0.539822E-03   0.513524E+03
      17   0.180370E+02   0.170000E-01   0.535940E-03   0.568632E+00   0.538794E-03   0.512463E+03
      18   0.190980E+02   0.180000E-01   0.535161E-03   0.567806E+00   0.538631E-03   0.511402E+03
      19   0.201590E+02   0.190000E-01   0.535486E-03   0.568151E+00   0.538414E-03   0.510341E+03
      20   0.212200E+02   0.200000E-01   0.536975E-03   0.569730E+00   0.538524E-03   0.509280E+03
      21   0.222810E+02   0.210000E-01   0.536636E-03   0.569371E+00   0.538715E-03   0.508219E+03
      22   0.233420E+02   0.220000E-01   0.535811E-03   0.568496E+00   0.540055E-03   0.507158E+03
      23   0.244030E+02   0.230000E-01   0.536572E-03   0.569303E+00   0.540079E-03   0.506097E+03
      24   0.254640E+02   0.240000E-01   0.539630E-03   0.572548E+00   0.540381E-03   0.505036E+03
      25   0.265250E+02   0.250000E-01   0.539469E-03   0.572377E+00   0.540350E-03   0.503975E+03
      26   0.275860E+02   0.260000E-01   0.535749E-03   0.568430E+00   0.539085E-03   0.502914E+03
      27   0.286470E+02   0.270000E-01   0.536250E-03   0.568961E+00   0.537778E-03   0.501853E+03
      28   0.297080E+02   0.280000E-01   0.537113E-03   0.569877E+00   0.539345E-03   0.500792E+03
      29   0.307690E+02   0.290000E-01   0.540183E-03   0.573134E+00   0.541076E-03   0.499731E+03
      30   0.318300E+02   0.300000E-01   0.539549E-03   0.572461E+00   0.540497E-03   0.498670E+03
      31   0.328910E+02   0.310000E-01   0.540862E-03   0.573854E+00   0.541343E-03   0.497609E+03
      32   0.339520E+02   0.320000E-01   0.540462E-03   0.573431E+00   0.542171E-03   0.496548E+03
      33   0.350130E+02   0.330000E-01   0.541058E-03   0.574063E+00   0.541903E-03   0.495487E+03
      34   0.360740E+02   0.340000E-01   0.542885E-03   0.576001E+00   0.543185E-03   0.494426E+03
      35   0.371350E+02   0.350000E-01   0.541614E-03   0.574653E+00   0.543963E-03   0.493365E+03
      36   0.381960E+02   0.360000E-01   0.542605E-03   0.575704E+00   0.545652E-03   0.492304E+03
      37   0.392570E+02   0.370000E-01   0.545229E-03   0.578488E+00   0.546036E-03   0.491243E+03
      38   0.403180E+02   0.380000E-01   0.542950E-03   0.576070E+00   0.545084E-03   0.490182E+03
      39   0.413790E+02   0.390000E-01   0.541255E-03   0.574272E+00   0.543846E-03   0.489121E+03
      40   0.424400E+02   0.400000E-01   0.542976E-03   0.576098E+00   0.543747E-03   0.488060E+03
      41   0.435010E+02   0.410000E-01   0.543039E-03   0.576164E+00   0.543563E-03   0.486999E+03
      42   0.445620E+02   0.420000E-01   0.542356E-03   0.575439E+00   0.543427E-03   0.485938E+03
      43   0.456230E+02   0.430000E-01   0.542776E-03   0.575885E+00   0.544411E-03   0.484877E+03
      44   0.466840E+02   0.440000E-01   0.543413E-03   0.576561E+00   0.544716E-03   0.483816E+03
      45   0.477450E+02   0.450000E-01   0.541949E-03   0.575008E+00   0.544163E-03   0.482755E+03
      46   0.488060E+02   0.460000E-01   0.540254E-03   0.573210E+00   0.543707E-03   0.481694E+03
      47   0.498670E+02   0.470000E-01   0.538545E-03   0.571396E+00   0.542728E-03   0.480633E+03
      48   0.509280E+02   0.480000E-01   0.540540E-03   0.573513E+00   0.544355E-03   0.479572E+03
      49   0.519890E+02   0.490000E-01   0.540213E-03   0.573166E+00   0.543745E-03   0.478511E+03
      50   0.530500E+02   0.500000E-01   0.540400E-03   0.573364E+00   0.543858E-03   0.477450E+03
      51   0.541110E+02   0.510000E-01   0.540606E-03   0.573583E+00   0.544427E-03   0.476389E+03
      52   0.551720E+02   0.520000E-01   0.543633E-03   0.576794E+00   0.546174E-03   0.475328E+03
      53   0.562330E+02   0.530000E-01   0.541960E-03   0.575020E+00   0.545690E-03   0.474267E+03
      54   0.572940E+02   0.540000E-01   0.542401E-03   0.575488E+00   0.545143E-03   0.473206E+03
      55   0.583550E+02   0.550000E-01   0.541951E-03   0.575010E+00   0.545625E-03   0.472145E+03
      56   0.594160E+02   0.560000E-01   0.543054E-03   0.576180E+00   0.546976E-03   0.471084E+03
      57   0.604770E+02   0.570000E-01   0.544656E-03   0.577880E+00   0.546455E-03   0.470023E+03
      58   0.615380E+02   0.580000E-01   0.545433E-03   0.578705E+00   0.548011E-03   0.468962E+03
      59   0.625990E+02   0.590000E-01   0.545511E-03   0.578787E+00   0.547727E-03   0.467901E+03
      60   0.636600E+02   0.600000E-01   0.545605E-03   0.578887E+00   0.547197E-03   0.466840E+03
      61   0.647210E+02   0.610000E-01   0.549087E-03   0.582582E+00   0.547988E-03   0.465779E+03
      62   0.657820E+02   0.620000E-01   0.548441E-03   0.581895E+00   0.547645E-03   0.464718E+03
      63   0.668430E+02   0.630000E-01   0.546844E-03   0.580202E+00   0.546904E-03   0.463657E+03
      64   0.679040E+02   0.640000E-01   0.546388E-03   0.579718E+00   0.545777E-03   0.462596E+03
      65   0.689650E+02   0.650000E-01   0.542401E-03   0.575488E+00   0.544013E-03   0.461535E+03
      66   0.700260E+02   0.660000E-01   0.545412E-03   0.578683E+00   0.545064E-03   0.460474E+03
      67   0.710870E+02   0.670000E-01   0.545030E-03   0.578277E+00   0.544944E-03   0.459413E+03
      68   0.721480E+02   0.680000E-01   0.543424E-03   0.576573E+00   0.545504E-03   0.458352E+03
      69   0.732090E+02   0.690000E-01   0.542605E-03   0.575704E+00   0.545732E-03   0.457291E+03
      70   0.742700E+02   0.700000E-01   0.542399E-03   0.575486E+00   0.544861E-03   0.456230E+03
      71   0.753310E+02   0.710000E-01   0.543914E-03   0.577093E+00   0.546093E-03   0.455169E+03
      72   0.763920E+02   0.720000E-01   0.542201E-03   0.575275E+00   0.545658E-03   0.454108E+03
      73   0.774530E+02   0.730000E-01   0.542993E-03   0.576116E+00   0.545591E-03   0.453047E+03
      74   0.785140E+02   0.740000E-01   0.539381E-03   0.572283E+00   0.543432E-03   0.451986E+03
      75   0.795750E+02   0.750000E-01   0.541490E-03   0.574520E+00   0.543846E-03   0.450925E+03
      76   0.806360E+02   0.760000E-01   0.541455E-03   0.574484E+00   0.543884E-03   0.449864E+03
      77   0.816970E+02   0.770000E-01   0.541482E-03   0.574512E+00   0.542781E-03   0.448803E+03
      78   0.827580E+02   0.780000E-01   0.543598E-03   0.576758E+00   0.545706E-03   0.447742E+03
      79   0.838190E+02   0.790000E-01   0.543948E-03   0.577129E+00   0.545665E-03   0.446681E+03
      80   0.848800E+02   0.800000E-01   0.544049E-03   0.577236E+00   0.546590E-03   0.445620E+03
      81   0.859410E+02   0.810000E-01   0.543502E-03   0.576656E+00   0.547143E-03   0.444559E+03
      82   0.870020E+02   0.820000E-01   0.547211E-03   0.580591E+00   0.548261E-03   0.443498E+03
      83   0.880630E+02   0.830000E-01   0.544043E-03   0.577230E+00   0.546741E-03   0.442437E+03
      84   0.891240E+02   0.840000E-01   0.543718E-03   0.576884E+00   0.546697E-03   0.441376E+03
      85   0.901850E+02   0.850000E-01   0.546445E-03   0.579778E+00   0.547746E-03   0.440315E+03
      86   0.912460E+02   0.860000E-01   0.546897E-03   0.580258E+00   0.547555E-03   0.439254E+03
      87   0.923070E+02   0.870000E-01   0.546910E-03   0.580272E+00   0.547255E-03   0.438193E+03
      88   0.933680E+02   0.880000E-01   0.546939E-03   0.580302E+00   0.548941E-03   0.437132E+03
      89   0.944290E+02   0.890000E-01   0.549999E-03   0.583549E+00   0.549671E-03   0.436071E+03
      90   0.954900E+02   0.900000E-01   0.549061E-03   0.582554E+00   0.548654E-03   0.435010E+03
      91   0.965510E+02   0.910000E-01   0.545076E-03   0.578325E+00   0.547335E-03   0.433949E+03
      92   0.976120E+02   0.920000E-01   0.544510E-03   0.577725E+00   0.547225E-03   0.432888E+03
      93   0.986730E+02   0.930000E-01   0.547809E-03   0.581225E+00   0.547269E-03   0.431827E+03
      94   0.997340E+02   0.940000E-01   0.546649E-03   0.579995E+00   0.548485E-03   0.430766E+03
      95   0.100795E+03   0.950000E-01   0.545095E-03   0.578345E+00   0.547427E-03   0.429705E+03
      96   0.101856E+03   0.960000E-01   0.542823E-03   0.575935E+00   0.547737E-03   0.428644E+03
      97   0.102917E+03   0.970000E-01   0.543604E-03   0.576764E+00   0.546070E-03   0.427583E+03
      98   0.103978E+03   0.980000E-01   0.545579E-03   0.578859E+00   0.547745E-03   0.426522E+03
      99   0.105039E+03   0.990000E-01   0.544728E-03   0.577956E+00   0.547383E-03   0.425461E+03
     100   0.106100E+03   0.100000E+00   0.545252E-03   0.578512E+00   0.547885E-03   0.424400E+03
     101   0.107161E+03   0.101000E+00   0.544972E-03   0.578215E+00   0.547724E-03   0.423339E+03
     102   0.108222E+03   0.102000E+00   0.546320E-03   0.579646E+00   0.549459E-03   0.422278E+03
     103   0.109283E+03   0.103000E+00   0.545709E-03   0.578998E+00   0.550303E-03   0.421217E+03
     104   0.110344E+03   0.104000E+00   0.547937E-03   0.581362E+00   0.550601E-03   0.420156E+03
     105   0.111405E+03   0.105000E+00   0.547591E-03   0.580994E+00   0.550269E-03   0.419095E+03
     106   0.112466E+03   0.106000E+00   0.545346E-03   0.578612E+00   0.549688E-03   0.418034E+03
     107   0.113527E+03   0.107000E+00   0.546460E-03   0.579794E+00   0.550083E-03   0.416973E+03
     108   0.114588E+03   0.108000E+00   0.548546E-03   0.582008E+00   0.552713E-03   0.415912E+03
     109   0.115649E+03   0.109000E+00   0.544359E-03   0.577565E+00   0.549823E-03   0.414851E+03
     110   0.116710E+03   0.110000E+00   0.542804E-03   0.575915E+00   0.549695E-03   0.413790E+03
     111   0.117771E+03   0.111000E+00   0.545445E-03   0.578717E+00   0.550447E-03   0.412729E+03
     112   0.118832E+03   0.112000E+00   0.546736E-03   0.580087E+00   0.550490E-03   0.411668E+03
     113   0.119893E+03   0.113000E+00   0.545677E-03   0.578963E+00   0.548767E-03   0.410607E+03
     114   0.120954E+03   0.114000E+00   0.549324E-03   0.582833E+00   0.551076E-03   0.409546E+03
     115   0.122015E+03   0.115000E+00   0.545325E-03   0.578590E+00   0.549815E-03   0.408485E+03
     116   0.123076E+03   0.116000E+00   0.546685E-03   0.580033E+00   0.550774E-03   0.407424E+03
     117   0.124137E+03   0.117000E+00   0.547943E-03   0.581368E+00   0.550857E-03   0.406363E+03
     118   0.125198E+03   0.118000E+00   0.548427E-03   0.581881E+00   0.550478E-03   0.405302E+03
     119   0.126259E+03   0.119000E+00   0.549880E-03   0.583423E+00   0.551808E-03   0.404241E+03
     120   0.127320E+03   0.120000E+00   0.547966E-03   0.581392E+00   0.550322E-03   0.403180E+03
     121   0.128381E+03   0.121000E+00   0.549685E-03   0.583216E+00   0.551228E-03   0.402119E+03
     122   0.129442E+03   0.122000E+00   0.549422E-03   0.582937E+00   0.550923E-03   0.401058E+03
     123   0.130503E+03   0.123000E+00   0.551758E-03   0.585415E+00   0.552432E-03   0.399997E+03
     124   0.131564E+03   0.124000E+00   0.552999E-03   0.586732E+00   0.553833E-03   0.398936E+03
     125   0.132625E+03   0.125000E+00   0.551404E-03   0.585040E+00   0.553342E-03   0.397875E+03
     126   0.133686E+03   0.126000E+00   0.546061E-03   0.579371E+00   0.550957E-03   0.396814E+03
     127   0.134747E+03   0.127000E+00   0.548702E-03   0.582172E+00   0.552481E-03   0.395753E+03
     128   0.135808E+03   0.128000E+00   0.549118E-03   0.582614E+00   0.552797E-03   0.394692E+03
     129   0.136869E+03   0.129000E+00   0.551847E-03   0.585510E+00   0.555469E-03   0.393631E+03
     130   0.137930E+03   0.130000E+00   0.548980E-03   0.582467E+00   0.554535E-03   0.392570E+03
     131   0.138991E+03   0.131000E+00   0.547983E-03   0.581410E+00   0.554035E-03   0.391509E+03
     132   0.140052E+03   0.132000E+00   0.548382E-03   0.581833E+00   0.552704E-03   0.390448E+03
     133   0.141113E+03   0.133000E+00   0.548482E-03   0.581940E+00   0.553030E-03   0.389387E+03
     134   0.142174E+03   0.134000E+00   0.549522E-03   0.583043E+00   0.553621E-03   0.388326E+03
     135   0.143235E+03   0.135000E+00   0.548902E-03   0.582385E+00   0.552854E-03   0.387265E+03
     136   0.144296E+03   0.136000E+00   0.547867E-03   0.581287E+00   0.552475E-03   0.386204E+03
     137   0.145357E+03   0.137000E+00   0.547030E-03   0.580398E+00   0.551732E-03   0.385143E+03
     138   0.146418E+03   0.138000E+00   0.547332E-03   0.580719E+00   0.550950E-03   0.384082E+03
     139   0.147479E+03   0.139000E+00   0.546470E-03   0.579804E+00   0.551078E-03   0.383021E+03
     140   0.148540E+03   0.140000E+00   0.548902E-03   0.582385E+00   0.551861E-03   0.381960E+03
     141   0.149601E+03   0.141000E+00   0.550046E-03   0.583599E+00   0.552577E-03   0.380899E+03
     142   0.150662E+03   0.142000E+00   0.549759E-03   0.583294E+00   0.551524E-03   0.379838E+03
     143   0.151723E+03   0.143000E+00   0.549509E-03   0.583029E+00   0.553353E-03   0.378777E+03
     144   0.152784E+03   0.144000E+00   0.550512E-03   0.584093E+00   0.553315E-03   0.377716E+03
     145   0.153845E+03   0.145000E+00   0.548537E-03   0.581998E+00   0.552243E-03   0.376655E+03
     146   0.154906E+03   0.146000E+00   0.549027E-03   0.582518E+00   0.553042E-03   0.375594E+03
     147   0.155967E+03   0.147000E+00   0.548779E-03   0.582255E+00   0.551964E-03   0.374533E+03
     148   0.157028E+03   0.148000E+00   0.551204E-03   0.584827E+00   0.554185E-03   0.373472E+03
     149   0.158089E+03   0.149000E+00   0.552664E-03   0.586377E+00   0.555031E-03   0.372411E+03
     150   0.159150E+03   0.150000E+00   0.550406E-03   0.583981E+00   0.553158E-03   0.371350E+03
     151   0.160211E+03   0.151000E+00   0.552600E-03   0.586308E+00   0.553206E-03   0.370289E+03
     152   0.161272E+03   0.152000E+00   0.554255E-03   0.588064E+00   0.555927E-03   0.369228E+03
     153   0.162333E+03   0.153000E+00   0.553871E-03   0.587657E+00   0.555411E-03   0.368167E+03
     154   0.163394E+03   0.154000E+00   0.553674E-03   0.587448E+00   0.555034E-03   0.367106E+03
     155   0.164455E+03   0.155000E+00   0.553215E-03   0.586961E+00   0.555306E-03   0.366045E+03
     156   0.165516E+03   0.156000E+00   0.553693E-03   0.587468E+00   0.556465E-03   0.364984E+03
     157   0.166577E+03   0.157000E+00   0.554327E-03   0.588141E+00   0.556230E-03   0.363923E+03
     158   0.167638E+03   0.158000E+00   0.555000E-03   0.588855E+00   0.556082E-03   0.362862E+03
     159   0.168699E+03   0.159000E+00   0.556371E-03   0.590310E+00   0.555991E-03   0.361801E+03
     160   0.169760E+03   0.160000E+00   0.553871E-03   0.587657E+00   0.555515E-03   0.360740E+03
     161   0.170821E+03   0.161000E+00   0.556218E-03   0.590147E+00   0.555802E-03   0.359679E+03
     162   0.171882E+03   0.162000E+00   0.554155E-03   0.587958E+00   0.555392E-03   0.358618E+03
     163   0.172943E+03   0.163000E+00   0.557854E-03   0.591883E+00   0.557422E-03   0.357557E+03
     164   0.174004E+03   0.164000E+00   0.553373E-03   0.587129E+00   0.554750E-03   0.356496E+03
     165   0.175065E+03   0.165000E+00   0.552976E-03   0.586708E+00   0.553778E-03   0.355435E+03
     166   0.176126E+03   0.166000E+00   0.555047E-03   0.588905E+00   0.553787E-03   0.354374E+03
     167   0.177187E+03   0.167000E+00   0.556975E-03   0.590950E+00   0.555459E-03   0.353313E+03
     168   0.178248E+03   0.168000E+00   0.557688E-03   0.591707E+00   0.556088E-03   0.352252E+03
     169   0.179309E+03   0.169000E+00   0.556829E-03   0.590796E+00   0.556210E-03   0.351191E+03
     170   0.180370E+03   0.170000E+00   0.554359E-03   0.588175E+00   0.555765E-03   0.350130E+03
     171   0.181431E+03   0.171000E+00   0.555053E-03   0.588911E+00   0.556883E-03   0.349069E+03
     172   0.182492E+03   0.172000E+00   0.556095E-03   0.590017E+00   0.556091E-03   0.348008E+03
     173   0.183553E+03   0.173000E+00   0.554662E-03   0.588496E+00   0.554907E-03   0.346947E+03
     174   0.184614E+03   0.174000E+00   0.555679E-03   0.589576E+00   0.556193E-03   0.345886E+03
     175   0.185675E+03   0.175000E+00   0.558760E-03   0.592845E+00   0.556892E-03   0.344825E+03
     176   0.186736E+03   0.176000E+00   0.555899E-03   0.589808E+00   0.555811E-03   0.343764E+03
     177   0.187797E+03   0.177000E+00   0.556778E-03   0.590741E+00   0.556941E-03   0.342703E+03
     178   0.188858E+03   0.178000E+00   0.561302E-03   0.595542E+00   0.559500E-03   0.341642E+03
     179   0.189919E+03   0.179000E+00   0.560031E-03   0.594193E+00   0.559257E-03   0.340581E+03
     180   0.190980E+03   0.180000E+00   0.558938E-03   0.593033E+00   0.558579E-03   0.339520E+03
     181   0.192041E+03   0.181000E+00   0.560122E-03   0.594290E+00   0.559837E-03   0.338459E+03
     182   0.193102E+03   0.182000E+00   0.560037E-03   0.594199E+00   0.560011E-03   0.337398E+03
     183   0.194163E+03   0.183000E+00   0.560542E-03   0.594735E+00   0.559959E-03   0.336337E+03
     184   0.195224E+03   0.184000E+00   0.559865E-03   0.594017E+00   0.559242E-03   0.335276E+03
     185   0.196285E+03   0.185000E+00   0.560559E-03   0.594753E+00   0.561340E-03   0.334215E+03
     186   0.197346E+03   0.186000E+00   0.559547E-03   0.593679E+00   0.561339E-03   0.333154E+03
     187   0.198407E+03   0.187000E+00   0.557013E-03   0.590990E+00   0.559247E-03   0.332093E+03
     188   0.199468E+03   0.188000E+00   0.562229E-03   0.596525E+00   0.561755E-03   0.331032E+03
     189   0.200529E+03   0.189000E+00   0.561113E-03   0.595341E+00   0.560308E-03   0.329971E+03
     190   0.201590E+03   0.190000E+00   0.558588E-03   0.592662E+00   0.559784E-03   0.328910E+03
     191   0.202651E+03   0.191000E+00   0.560035E-03   0.594197E+00   0.560807E-03   0.327849E+03
     192   0.203712E+03   0.192000E+00   0.561072E-03   0.595297E+00   0.561595E-03   0.326788E+03
     193   0.204773E+03   0.193000E+00   0.563546E-03   0.597922E+00   0.561840E-03   0.325727E+03
     194   0.205834E+03   0.194000E+00   0.562626E-03   0.596947E+00   0.562359E-03   0.324666E+03
     195   0.206895E+03   0.195000E+00   0.564624E-03   0.599066E+00   0.563559E-03   0.323605E+03
     196   0.207956E+03   0.196000E+00   0.563392E-03   0.597759E+00   0.563001E-03   0.322544E+03
     197   0.209017E+03   0.197000E+00   0.560438E-03   0.594625E+00   0.561930E-03   0.321483E+03
     198   0.210078E+03   0.198000E+00   0.559814E-03   0.593962E+00   0.560735E-03   0.320422E+03
     199   0.211139E+03   0.199000E+00   0.562358E-03   0.596662E+00   0.562156E-03   0.319361E+03
     200   0.212200E+03   0.200000E+00   0.561792E-03   0.596062E+00   0.562103E-03   0.318300E+03
     201   0.213261E+03   0.201000E+00   0.562299E-03   0.596599E+00   0.562109E-03   0.317239E+03
     202   0.214322E+03   0.202000E+00   0.561892E-03   0.596168E+00   0.562479E-03   0.316178E+03
     203   0.215383E+03   0.203000E+00   0.562214E-03   0.596509E+00   0.562478E-03   0.315117E+03
     204   0.216444E+03   0.204000E+00   0.564181E-03   0.598596E+00   0.561739E-03   0.314056E+03
     205   0.217505E+03   0.205000E+00   0.565817E-03   0.600332E+00   0.562829E-03   0.312995E+03
     206   0.218566E+03   0.206000E+00   0.563334E-03   0.597697E+00   0.562602E-03   0.311934E+03
     207   0.219627E+03   0.207000E+00   0.565369E-03   0.599856E+00   0.564750E-03   0.310873E+03
     208   0.220688E+03   0.208000E+00   0.563973E-03   0.598375E+00   0.564782E-03   0.309812E+03
     209   0.221749E+03   0.209000E+00   0.565218E-03   0.599696E+00   0.563763E-03   0.308751E+03
     210   0.222810E+03   0.210000E+00   0.566875E-03   0.601454E+00   0.565787E-03   0.307690E+03
     211   0.223871E+03   0.211000E+00   0.567039E-03   0.601628E+00   0.566139E-03   0.306629E+03
     212   0.224932E+03   0.212000E+00   0.565344E-03   0.599830E+00   0.565479E-03   0.305568E+03
     213   0.225993E+03   0.213000E+00   0.565516E-03   0.600013E+00   0.564353E-03   0.304507E+03
     214   0.227054E+03   0.214000E+00   0.566861E-03   0.601440E+00   0.565893E-03   0.303446E+03
     215   0.228115E+03   0.215000E+00   0.568467E-03   0.603144E+00   0.566946E-03   0.302385E+03
     216   0.229176E+03   0.216000E+00   0.568096E-03   0.602750E+00   0.567077E-03   0.301324E+03
     217   0.230237E+03   0.217000E+00   0.568159E-03   0.602817E+00   0.567310E-03   0.300263E+03
     218   0.231298E+03   0.218000E+00   0.566882E-03   0.601462E+00   0.567203E-03   0.299202E+03
     219   0.232359E+03   0.219000E+00   0.566649E-03   0.601215E+00   0.567190E-03   0.298141E+03
     220   0.233420E+03   0.220000E+00   0.566566E-03   0.601127E+00   0.567383E-03   0.297080E+03
     221   0.234481E+03   0.221000E+00   0.571378E-03   0.606232E+00   0.568503E-03   0.296019E+03
     222   0.235542E+03   0.222000E+00   0.572277E-03   0.607185E+00   0.570522E-03   0.294958E+03
     223   0.236603E+03   0.223000E+00   0.572583E-03   0.607510E+00   0.570435E-03   0.293897E+03
     224   0.237664E+03   0.224000E+00   0.569053E-03   0.603766E+00   0.567718E-03   0.292836E+03
     225   0.238725E+03   0.225000E+00   0.568864E-03   0.603565E+00   0.568028E-03   0.291775E+03
     226   0.239786E+03   0.226000E+00   0.571747E-03   0.606623E+00   0.570102E-03   0.290714E+03
     227   0.240847E+03   0.227000E+00   0.571703E-03   0.606577E+00   0.569929E-03   0.289653E+03
     228   0.241908E+03   0.228000E+00   0.573099E-03   0.608058E+00   0.569617E-03   0.288592E+03
     229   0.242969E+03   0.229000E+00   0.574781E-03   0.609842E+00   0.572497E-03   0.287531E+03
     230   0.244030E+03   0.230000E+00   0.574671E-03   0.609726E+00   0.573295E-03   0.286470E+03
     231   0.245091E+03   0.231000E+00   0.573385E-03   0.608361E+00   0.571368E-03   0.285409E+03
     232   0.246152E+03   0.232000E+00   0.573652E-03   0.608644E+00   0.571823E-03   0.284348E+03
     233   0.247213E+03   0.233000E+00   0.573317E-03   0.608289E+00   0.572585E-03   0.283287E+03
     234   0.248274E+03   0.234000E+00   0.574542E-03   0.609590E+00   0.572752E-03   0.282226E+03
     235   0.249335E+03   0.235000E+00   0.575133E-03   0.610216E+00   0.574309E-03   0.281165E+03
     236   0.250396E+03   0.236000E+00   0.574675E-03   0.609730E+00   0.573071E-03   0.280104E+03
     237   0.251457E+03   0.237000E+00   0.574015E-03   0.609030E+00   0.573118E-03   0.279043E+03
     238   0.252518E+03   0.238000E+00   0.577974E-03   0.613230E+00   0.575239E-03   0.277982E+03
     239   0.253579E+03   0.239000E+00   0.574722E-03   0.609780E+00   0.575151E-03   0.276921E+03
     240   0.254640E+03   0.240000E+00   0.574177E-03   0.609202E+00   0.575300E-03   0.275860E+03
     241   0.255701E+03   0.241000E+00   0.573797E-03   0.608799E+00   0.575699E-03   0.274799E+03
     242   0.256762E+03   0.242000E+00   0.575755E-03   0.610876E+00   0.576423E-03   0.273738E+03
     243   0.257823E+03   0.243000E+00   0.574497E-03   0.609541E+00   0.575370E-03   0.272677E+03
     244   0.258884E+03   0.244000E+00   0.578494E-03   0.613782E+00   0.576798E-03   0.271616E+03
     245   0.259945E+03   0.245000E+00   0.578496E-03   0.613784E+00   0.576594E-03   0.270555E+03
     246   0.261006E+03   0.246000E+00   0.580654E-03   0.616074E+00   0.579462E-03   0.269494E+03
     247   0.262067E+03   0.247000E+00   0.577769E-03   0.613013E+00   0.576814E-03   0.268433E+03
     248   0.263128E+03   0.248000E+00   0.578416E-03   0.613700E+00   0.576772E-03   0.267372E+03
     249   0.264189E+03   0.249000E+00   0.577580E-03   0.612813E+00   0.576061E-03   0.266311E+03
     250   0.265250E+03   0.250000E+00   0.578083E-03   0.613346E+00   0.576495E-03   0.265250E+03
     251   0.266311E+03   0.251000E+00   0.580120E-03   0.615508E+00   0.577417E-03   0.264189E+03
     252   0.267372E+03   0.252000E+00   0.579786E-03   0.615152E+00   0.576631E-03   0.263128E+03
     253   0.268433E+03   0.253000E+00   0.579568E-03   0.614922E+00   0.577275E-03   0.262067E+03
     254   0.269494E+03   0.254000E+00   0.582800E-03   0.618351E+00   0.580077E-03   0.261006E+03
     255   0.270555E+03   0.255000E+00   0.582133E-03   0.617643E+00   0.580433E-03   0.259945E+03
     256   0.271616E+03   0.256000E+00   0.581374E-03   0.616838E+00   0.580513E-03   0.258884E+03
     257   0.272677E+03   0.257000E+00   0.582097E-03   0.617605E+00   0.581002E-03   0.257823E+03
     258   0.273738E+03   0.258000E+00   0.580510E-03   0.615921E+00   0.580204E-03   0.256762E+03
     259   0.274799E+03   0.259000E+00   0.580758E-03   0.616184E+00   0.581209E-03   0.255701E+03
     260   0.275860E+03   0.260000E+00   0.582524E-03   0.618058E+00   0.582014E-03   0.254640E+03
     261   0.276921E+03   0.261000E+00   0.584053E-03   0.619680E+00   0.583737E-03   0.253579E+03
     262   0.277982E+03   0.262000E+00   0.584106E-03   0.619736E+00   0.583658E-03   0.252518E+03
     263   0.279043E+03   0.263000E+00   0.583124E-03   0.618694E+00   0.583611E-03   0.251457E+03
     264   0.280104E+03   0.264000E+00   0.582785E-03   0.618335E+00   0.583774E-03   0.250396E+03
     265   0.281165E+03   0.265000E+00   0.581174E-03   0.616625E+00   0.582634E-03   0.249335E+03
     266   0.282226E+03   0.266000E+00   0.584002E-03   0.619626E+00   0.583634E-03   0.248274E+03
     267   0.283287E+03   0.267000E+00   0.585136E-03   0.620830E+00   0.584522E-03   0.247213E+03
     268   0.284348E+03   0.268000E+00   0.584966E-03   0.620649E+00   0.584066E-03   0.246152E+03
     269   0.285409E+03   0.269000E+00   0.585751E-03   0.621482E+00   0.584939E-03   0.245091E+03
     270   0.286470E+03   0.270000E+00   0.587527E-03   0.623366E+00   0.585847E-03   0.244030E+03
     271   0.287531E+03   0.271000E+00   0.589714E-03   0.625686E+00   0.587313E-03   0.242969E+03
     272   0.288592E+03   0.272000E+00   0.589152E-03   0.625090E+00   0.587354E-03   0.241908E+03
     273   0.289653E+03   0.273000E+00   0.587841E-03   0.623699E+00   0.587152E-03   0.240847E+03
     274   0.290714E+03   0.274000E+00   0.585195E-03   0.620892E+00   0.586477E-03   0.239786E+03
     275   0.291775E+03   0.275000E+00   0.589445E-03   0.625401E+00   0.589102E-03   0.238725E+03
     276   0.292836E+03   0.276000E+00   0.589822E-03   0.625801E+00   0.588694E-03   0.237664E+03
     277   0.293897E+03   0.277000E+00   0.590756E-03   0.626792E+00   0.588167E-03   0.236603E+03
     278   0.294958E+03   0.278000E+00   0.593773E-03   0.629993E+00   0.591040E-03   0.235542E+03
     279   0.296019E+03   0.279000E+00   0.592557E-03   0.628703E+00   0.591723E-03   0.234481E+03
     280   0.297080E+03   0.280000E+00   0.589636E-03   0.625604E+00   0.590989E-03   0.233420E+03
     281   0.298141E+03   0.281000E+00   0.592210E-03   0.628335E+00   0.592461E-03   0.232359E+03
     282   0.299202E+03   0.282000E+00   0.590158E-03   0.626158E+00   0.592661E-03   0.231298E+03
     283   0.300263E+03   0.283000E+00   0.595140E-03   0.631444E+00   0.593898E-03   0.230237E+03
     284   0.301324E+03   0.284000E+00   0.594491E-03   0.630755E+00   0.593879E-03   0.229176E+03
     285   0.302385E+03   0.285000E+00   0.593954E-03   0.630186E+00   0.594701E-03   0.228115E+03
     286   0.303446E+03   0.286000E+00   0.593648E-03   0.629860E+00   0.593573E-03   0.227054E+03
     287   0.304507E+03   0.287000E+00   0.594635E-03   0.630908E+00   0.594435E-03   0.225993E+03
     288   0.305568E+03   0.288000E+00   0.597281E-03   0.633716E+00   0.596030E-03   0.224932E+03
     289   0.306629E+03   0.289000E+00   0.596164E-03   0.632530E+00   0.595074E-03   0.223871E+03
     290   0.307690E+03   0.290000E+00   0.595373E-03   0.631691E+00   0.595596E-03   0.222810E+03
     291   0.308751E+03   0.291000E+00   0.596218E-03   0.632588E+00   0.595131E-03   0.221749E+03
     292   0.309812E+03   0.292000E+00   0.595246E-03   0.631556E+00   0.596984E-03   0.220688E+03
     293   0.310873E+03   0.293000E+00   0.595199E-03   0.631506E+00   0.596226E-03   0.219627E+03
     294   0.311934E+03   0.294000E+00   0.596693E-03   0.633091E+00   0.595556E-03   0.218566E+03
     295   0.312995E+03   0.295000E+00   0.599171E-03   0.635720E+00   0.597054E-03   0.217505E+03
     296   0.314056E+03   0.296000E+00   0.602341E-03   0.639084E+00   0.601324E-03   0.216444E+03
     297   0.315117E+03   0.297000E+00   0.601424E-03   0.638110E+00   0.600383E-03   0.215383E+03
     298   0.316178E+03   0.298000E+00   0.603298E-03   0.640099E+00   0.601731E-03   0.214322E+03
     299   0.317239E+03   0.299000E+00   0.606328E-03   0.643314E+00   0.603734E-03   0.213261E+03
     300   0.318300E+03   0.300000E+00   0.605823E-03   0.642778E+00   0.603177E-03   0.212200E+03
     301   0.319361E+03   0.301000E+00   0.606408E-03   0.643398E+00   0.602255E-03   0.211139E+03
     302   0.320422E+03   0.302000E+00   0.608908E-03   0.646051E+00   0.604301E-03   0.210078E+03
     303   0.321483E+03   0.303000E+00   0.605365E-03   0.642293E+00   0.603074E-03   0.209017E+03
     304   0.322544E+03   0.304000E+00   0.608598E-03   0.645722E+00   0.604822E-03   0.207956E+03
     305   0.323605E+03   0.305000E+00   0.610402E-03   0.647637E+00   0.607130E-03   0.206895E+03
     306   0.324666E+03   0.306000E+00   0.610075E-03   0.647290E+00   0.608385E-03   0.205834E+03
     307   0.325727E+03   0.307000E+00   0.607928E-03   0.645012E+00   0.606477E-03   0.204773E+03
     308   0.326788E+03   0.308000E+00   0.611706E-03   0.649020E+00   0.609146E-03   0.203712E+03
     309   0.327849E+03   0.309000E+00   0.610769E-03   0.648026E+00   0.608915E-03   0.202651E+03
     310   0.328910E+03   0.310000E+00   0.611531E-03   0.648835E+00   0.608844E-03   0.201590E+03
     311   0.329971E+03   0.311000E+00   0.612199E-03   0.649543E+00   0.609845E-03   0.200529E+03
     312   0.331032E+03   0.312000E+00   0.613135E-03   0.650537E+00   0.612124E-03   0.199468E+03
     313   0.332093E+03   0.313000E+00   0.611166E-03   0.648448E+00   0.611366E-03   0.198407E+03
     314   0.333154E+03   0.314000E+00   0.611938E-03   0.649266E+00   0.612769E-03   0.197346E+03
     315   0.334215E+03   0.315000E+00   0.613779E-03   0.651219E+00   0.612221E-03   0.196285E+03
     316   0.335276E+03   0.316000E+00   0.610754E-03   0.648010E+00   0.612772E-03   0.195224E+03
     317   0.336337E+03   0.317000E+00   0.610733E-03   0.647988E+00   0.614132E-03   0.194163E+03
     318   0.337398E+03   0.318000E+00   0.611284E-03   0.648572E+00   0.614345E-03   0.193102E+03
     319   0.338459E+03   0.319000E+00   0.611221E-03   0.648506E+00   0.613773E-03   0.192041E+03
     320   0.339520E+03   0.320000E+00   0.615017E-03   0.652533E+00   0.615912E-03   0.190980E+03
     321   0.340581E+03   0.321000E+00   0.618651E-03   0.656389E+00   0.617156E-03   0.189919E+03
     322   0.341642E+03   0.322000E+00   0.619670E-03   0.657470E+00   0.619989E-03   0.188858E+03
     323   0.342703E+03   0.323000E+00   0.621437E-03   0.659345E+00   0.622142E-03   0.187797E+03
     324   0.343764E+03   0.324000E+00   0.620136E-03   0.657964E+00   0.621124E-03   0.186736E+03
     325   0.344825E+03   0.325000E+00   0.622738E-03   0.660725E+00   0.622503E-03   0.185675E+03
     326   0.345886E+03   0.326000E+00   0.622178E-03   0.660131E+00   0.622597E-03   0.184614E+03
     327   0.346947E+03   0.327000E+00   0.623459E-03   0.661490E+00   0.623640E-03   0.183553E+03
     328   0.348008E+03   0.328000E+00   0.623623E-03   0.661665E+00   0.624636E-03   0.182492E+03
     329   0.349069E+03   0.329000E+00   0.625836E-03   0.664012E+00   0.624711E-03   0.181431E+03
     330   0.350130E+03   0.330000E+00   0.629035E-03   0.667406E+00   0.625540E-03   0.180370E+03
     331   0.351191E+03   0.331000E+00   0.628089E-03   0.666403E+00   0.626538E-03   0.179309E+03
     332   0.352252E+03   0.332000E+00   0.629977E-03   0.668405E+00   0.628061E-03   0.178248E+03
     333   0.353313E+03   0.333000E+00   0.627440E-03   0.665714E+00   0.627227E-03   0.177187E+03
     334   0.354374E+03   0.334000E+00   0.628952E-03   0.667318E+00   0.628928E-03   0.176126E+03
     335   0.355435E+03   0.335000E+00   0.628780E-03   0.667135E+00   0.629748E-03   0.175065E+03
     336   0.356496E+03   0.336000E+00   0.631566E-03   0.670091E+00   0.631501E-03   0.174004E+03
     337   0.357557E+03   0.337000E+00   0.631776E-03   0.670314E+00   0.632315E-03   0.172943E+03
     338   0.358618E+03   0.338000E+00   0.632347E-03   0.670920E+00   0.632156E-03   0.171882E+03
     339   0.359679E+03   0.339000E+00   0.630527E-03   0.668989E+00   0.632666E-03   0.170821E+03
     340   0.360740E+03   0.340000E+00   0.632152E-03   0.670713E+00   0.633624E-03   0.169760E+03
     341   0.361801E+03   0.341000E+00   0.634327E-03   0.673021E+00   0.635189E-03   0.168699E+03
     342   0.362862E+03   0.342000E+00   0.637210E-03   0.676080E+00   0.636481E-03   0.167638E+03
     343   0.363923E+03   0.343000E+00   0.638679E-03   0.677639E+00   0.637660E-03   0.166577E+03
     344   0.364984E+03   0.344000E+00   0.640520E-03   0.679591E+00   0.639001E-03   0.165516E+03
     345   0.366045E+03   0.345000E+00   0.643100E-03   0.682329E+00   0.640661E-03   0.164455E+03
     346   0.367106E+03   0.346000E+00   0.643487E-03   0.682740E+00   0.642240E-03   0.163394E+03
     347   0.368167E+03   0.347000E+00   0.644681E-03   0.684006E+00   0.642853E-03   0.162333E+03
     348   0.369228E+03   0.348000E+00   0.644458E-03   0.683770E+00   0.642674E-03   0.161272E+03
     349   0.370289E+03   0.349000E+00   0.645878E-03   0.685277E+00   0.645236E-03   0.160211E+03
     350   0.371350E+03   0.350000E+00   0.647609E-03   0.687113E+00   0.646086E-03   0.159150E+03
     351   0.372411E+03   0.351000E+00   0.649775E-03   0.689411E+00   0.647946E-03   0.158089E+03
     352   0.373472E+03   0.352000E+00   0.649561E-03   0.689184E+00   0.648180E-03   0.157028E+03
     353   0.374533E+03   0.353000E+00   0.650206E-03   0.689868E+00   0.650360E-03   0.155967E+03
     354   0.375594E+03   0.354000E+00   0.651061E-03   0.690775E+00   0.650744E-03   0.154906E+03
     355   0.376655E+03   0.355000E+00   0.651872E-03   0.691636E+00   0.650561E-03   0.153845E+03
     356   0.377716E+03   0.356000E+00   0.656224E-03   0.696254E+00   0.654672E-03   0.152784E+03
     357   0.378777E+03   0.357000E+00   0.657155E-03   0.697241E+00   0.655515E-03   0.151723E+03
     358   0.379838E+03   0.358000E+00   0.656835E-03   0.696902E+00   0.654521E-03   0.150662E+03
     359   0.380899E+03   0.359000E+00   0.659086E-03   0.699290E+00   0.658354E-03   0.149601E+03
     360   0.381960E+03   0.360000E+00   0.657312E-03   0.697408E+00   0.657868E-03   0.148540E+03
     361   0.383021E+03   0.361000E+00   0.655646E-03   0.695640E+00   0.657374E-03   0.147479E+03
     362   0.384082E+03   0.362000E+00   0.658229E-03   0.698381E+00   0.658221E-03   0.146418E+03
     363   0.385143E+03   0.363000E+00   0.661785E-03   0.702154E+00   0.659830E-03   0.145357E+03
     364   0.386204E+03   0.364000E+00   0.663488E-03   0.703960E+00   0.661427E-03   0.144296E+03
     365   0.387265E+03   0.365000E+00   0.664441E-03   0.704972E+00   0.663340E-03   0.143235E+03
     366   0.388326E+03   0.366000E+00   0.665810E-03   0.706425E+00   0.663313E-03   0.142174E+03
     367   0.389387E+03   0.367000E+00   0.669561E-03   0.710404E+00   0.666706E-03   0.141113E+03
     368   0.390448E+03   0.368000E+00   0.671632E-03   0.712602E+00   0.666907E-03   0.140052E+03
     369   0.391509E+03   0.369000E+00   0.674865E-03   0.716031E+00   0.669042E-03   0.138991E+03
     370   0.392570E+03   0.370000E+00   0.674178E-03   0.715303E+00   0.668748E-03   0.137930E+03
     371   0.393631E+03   0.371000E+00   0.676590E-03   0.717861E+00   0.671839E-03   0.136869E+03
     372   0.394692E+03   0.372000E+00   0.679309E-03   0.720747E+00   0.675446E-03   0.135808E+03
     373   0.395753E+03   0.373000E+00   0.680528E-03   0.722040E+00   0.677722E-03   0.134747E+03
     374   0.396814E+03   0.374000E+00   0.680312E-03   0.721811E+00   0.678025E-03   0.133686E+03
     375   0.397875E+03   0.375000E+00   0.681496E-03   0.723067E+00   0.679469E-03   0.132625E+03
     376   0.398936E+03   0.376000E+00   0.682618E-03   0.724257E+00   0.680095E-03   0.131564E+03
     377   0.399997E+03   0.377000E+00   0.685099E-03   0.726890E+00   0.682113E-03   0.130503E+03
     378   0.401058E+03   0.378000E+00   0.689915E-03   0.732000E+00   0.684827E-03   0.129442E+03
     379   0.402119E+03   0.379000E+00   0.692797E-03   0.735058E+00   0.687121E-03   0.128381E+03
     380   0.403180E+03   0.380000E+00   0.692338E-03   0.734570E+00   0.689280E-03   0.127320E+03
     381   0.404241E+03   0.381000E+00   0.693418E-03   0.735716E+00   0.689330E-03   0.126259E+03
     382   0.405302E+03   0.382000E+00   0.695687E-03   0.738124E+00   0.690836E-03   0.125198E+03
     383   0.406363E+03   0.383000E+00   0.701027E-03   0.743790E+00   0.695706E-03   0.124137E+03
     384   0.407424E+03   0.384000E+00   0.699756E-03   0.742441E+00   0.696112E-03   0.123076E+03
     385   0.408485E+03   0.385000E+00   0.701265E-03   0.744042E+00   0.697792E-03   0.122015E+03
     386   0.409546E+03   0.386000E+00   0.702782E-03   0.745652E+00   0.700049E-03   0.120954E+03
     387   0.410607E+03   0.387000E+00   0.704337E-03   0.747302E+00   0.702361E-03   0.119893E+03
     388   0.411668E+03   0.388000E+00   0.707172E-03   0.750310E+00   0.705270E-03   0.118832E+03
     389   0.412729E+03   0.389000E+00   0.705610E-03   0.748652E+00   0.707451E-03   0.117771E+03
     390   0.413790E+03   0.390000E+00   0.711884E-03   0.755309E+00   0.711422E-03   0.116710E+03
     391   0.414851E+03   0.391000E+00   0.712468E-03   0.755929E+00   0.710815E-03   0.115649E+03
     392   0.415912E+03   0.392000E+00   0.714676E-03   0.758271E+00   0.711469E-03   0.114588E+03
     393   0.416973E+03   0.393000E+00   0.716020E-03   0.759698E+00   0.713112E-03   0.113527E+03
     394   0.418034E+03   0.394000E+00   0.716397E-03   0.760097E+00   0.714868E-03   0.112466E+03
     395   0.419095E+03   0.395000E+00   0.718981E-03   0.762838E+00   0.717503E-03   0.111405E+03
     396   0.420156E+03   0.396000E+00   0.723579E-03   0.767717E+00   0.720399E-03   0.110344E+03
     397   0.421217E+03   0.397000E+00   0.725270E-03   0.769511E+00   0.721861E-03   0.109283E+03
     398   0.422278E+03   0.398000E+00   0.727082E-03   0.771434E+00   0.724736E-03   0.108222E+03
     399   0.423339E+03   0.399000E+00   0.728820E-03   0.773278E+00   0.726112E-03   0.107161E+03
     400   0.424400E+03   0.400000E+00   0.731665E-03   0.776296E+00   0.729483E-03   0.106100E+03
     401   0.425461E+03   0.401000E+00   0.737503E-03   0.782491E+00   0.731642E-03   0.105039E+03
     402   0.426522E+03   0.402000E+00   0.738661E-03   0.783719E+00   0.732127E-03   0.103978E+03
     403   0.427583E+03   0.403000E+00   0.737176E-03   0.782144E+00   0.734409E-03   0.102917E+03
     404   0.428644E+03   0.404000E+00   0.741933E-03   0.787191E+00   0.737420E-03   0.101856E+03
     405   0.429705E+03   0.405000E+00   0.745533E-03   0.791010E+00   0.739607E-03   0.100795E+03
     406   0.430766E+03   0.406000E+00   0.748215E-03   0.793856E+00   0.744319E-03   0.997340E+02
     407   0.431827E+03   0.407000E+00   0.753825E-03   0.799808E+00   0.748736E-03   0.986730E+02
     408   0.432888E+03   0.408000E+00   0.754006E-03   0.800001E+00   0.751284E-03   0.976120E+02
     409   0.433949E+03   0.409000E+00   0.756938E-03   0.803111E+00   0.753539E-03   0.965510E+02
     410   0.435010E+03   0.410000E+00   0.757855E-03   0.804084E+00   0.755308E-03   0.954900E+02
     411   0.436071E+03   0.411000E+00   0.758572E-03   0.804845E+00   0.758253E-03   0.944290E+02
     412   0.437132E+03   0.412000E+00   0.765115E-03   0.811787E+00   0.763286E-03   0.933680E+02
     413   0.438193E+03   0.413000E+00   0.766170E-03   0.812906E+00   0.766853E-03   0.923070E+02
     414   0.439254E+03   0.414000E+00   0.770025E-03   0.816996E+00   0.770432E-03   0.912460E+02
     415   0.440315E+03   0.415000E+00   0.773231E-03   0.820398E+00   0.773327E-03   0.901850E+02
     416   0.441376E+03   0.416000E+00   0.775690E-03   0.823007E+00   0.776321E-03   0.891240E+02
     417   0.442437E+03   0.417000E+00   0.774343E-03   0.821578E+00   0.776798E-03   0.880630E+02
     418   0.443498E+03   0.418000E+00   0.782959E-03   0.830719E+00   0.783812E-03   0.870020E+02
     419   0.444559E+03   0.419000E+00   0.787375E-03   0.835405E+00   0.788709E-03   0.859410E+02
     420   0.445620E+03   0.420000E+00   0.787975E-03   0.836041E+00   0.790243E-03   0.848800E+02
     421   0.446681E+03   0.421000E+00   0.793899E-03   0.842326E+00   0.795071E-03   0.838190E+02
     422   0.447742E+03   0.422000E+00   0.794530E-03   0.842997E+00   0.797097E-03   0.827580E+02
     423   0.448803E+03   0.423000E+00   0.798533E-03   0.847243E+00   0.800562E-03   0.816970E+02
     424   0.449864E+03   0.424000E+00   0.805300E-03   0.854424E+00   0.805040E-03   0.806360E+02
     425   0.450925E+03   0.425000E+00   0.808671E-03   0.858000E+00   0.809181E-03   0.795750E+02
     426   0.451986E+03   0.426000E+00   0.813138E-03   0.862740E+00   0.812876E-03   0.785140E+02
     427   0.453047E+03   0.427000E+00   0.818699E-03   0.868640E+00   0.818997E-03   0.774530E+02
     428   0.454108E+03   0.428000E+00   0.820008E-03   0.870029E+00   0.822452E-03   0.763920E+02
     429   0.455169E+03   0.429000E+00   0.824071E-03   0.874339E+00   0.826458E-03   0.753310E+02
     430   0.456230E+03   0.430000E+00   0.828603E-03   0.879148E+00   0.830154E-03   0.742700E+02
     431   0.457291E+03   0.431000E+00   0.831151E-03   0.881851E+00   0.833078E-03   0.732090E+02
     432   0.458352E+03   0.432000E+00   0.835601E-03   0.886573E+00   0.837716E-03   0.721480E+02
     433   0.459413E+03   0.433000E+00   0.839649E-03   0.890867E+00   0.841851E-03   0.710870E+02
     434   0.460474E+03   0.434000E+00   0.846324E-03   0.897949E+00   0.846283E-03   0.700260E+02
     435   0.461535E+03   0.435000E+00   0.852830E-03   0.904853E+00   0.852897E-03   0.689650E+02
     436   0.462596E+03   0.436000E+00   0.859477E-03   0.911905E+00   0.860127E-03   0.679040E+02
     437   0.463657E+03   0.437000E+00   0.862755E-03   0.915383E+00   0.862946E-03   0.668430E+02
     438   0.464718E+03   0.438000E+00   0.868849E-03   0.921849E+00   0.868541E-03   0.657820E+02
     439   0.465779E+03   0.439000E+00   0.881028E-03   0.934771E+00   0.877548E-03   0.647210E+02
     440   0.466840E+03   0.440000E+00   0.886715E-03   0.940805E+00   0.884472E-03   0.636600E+02
     441   0.467901E+03   0.441000E+00   0.891223E-03   0.945587E+00   0.890021E-03   0.625990E+02
     442   0.468962E+03   0.442000E+00   0.897480E-03   0.952226E+00   0.895173E-03   0.615380E+02
     443   0.470023E+03   0.443000E+00   0.905520E-03   0.960757E+00   0.900667E-03   0.604770E+02
     444   0.471084E+03   0.444000E+00   0.911558E-03   0.967163E+00   0.909805E-03   0.594160E+02
     445   0.472145E+03   0.445000E+00   0.921126E-03   0.977315E+00   0.918496E-03   0.583550E+02
     446   0.473206E+03   0.446000E+00   0.922976E-03   0.979278E+00   0.922177E-03   0.572940E+02
     447   0.474267E+03   0.447000E+00   0.928948E-03   0.985613E+00   0.929164E-03   0.562330E+02
     448   0.475328E+03   0.448000E+00   0.938131E-03   0.995356E+00   0.938152E-03   0.551720E+02
     449   0.476389E+03   0.449000E+00   0.945091E-03   0.100274E+01   0.945759E-03   0.541110E+02
     450   0.477450E+03   0.450000E+00   0.952453E-03   0.101055E+01   0.954023E-03   0.530500E+02
     451   0.478511E+03   0.451000E+00   0.960412E-03   0.101900E+01   0.961513E-03   0.519890E+02
     452   0.479572E+03   0.452000E+00   0.970552E-03   0.102976E+01   0.971429E-03   0.509280E+02
     453   0.480633E+03   0.453000E+00   0.982636E-03   0.104258E+01   0.981122E-03   0.498670E+02
     454   0.481694E+03   0.454000E+00   0.989670E-03   0.105004E+01   0.987147E-03   0.488060E+02
     455   0.482755E+03   0.455000E+00   0.100236E-02   0.106351E+01   0.998921E-03   0.477450E+02
     456   0.483816E+03   0.456000E+00   0.101150E-02   0.107320E+01   0.101019E-02   0.466840E+02
     457   0.484877E+03   0.457000E+00   0.102122E-02   0.108352E+01   0.102108E-02   0.456230E+02
     458   0.485938E+03   0.458000E+00   0.103270E-02   0.109570E+01   0.103251E-02   0.445620E+02
     459   0.486999E+03   0.459000E+00   0.104355E-02   0.110720E+01   0.104372E-02   0.435010E+02
     460   0.488060E+03   0.460000E+00   0.105892E-02   0.112351E+01   0.105699E-02   0.424400E+02
     461   0.489121E+03   0.461000E+00   0.107155E-02   0.113692E+01   0.106976E-02   0.413790E+02
     462   0.490182E+03   0.462000E+00   0.108813E-02   0.115451E+01   0.108457E-02   0.403180E+02
     463   0.491243E+03   0.463000E+00   0.110188E-02   0.116910E+01   0.109878E-02   0.392570E+02
     464   0.492304E+03   0.464000E+00   0.111379E-02   0.118173E+01   0.111354E-02   0.381960E+02
     465   0.493365E+03   0.465000E+00   0.112650E-02   0.119522E+01   0.112662E-02   0.371350E+02
     466   0.494426E+03   0.466000E+00   0.114120E-02   0.121081E+01   0.114521E-02   0.360740E+02
     467   0.495487E+03   0.467000E+00   0.116340E-02   0.123436E+01   0.116427E-02   0.350130E+02
     468   0.496548E+03   0.468000E+00   0.118080E-02   0.125283E+01   0.118115E-02   0.339520E+02
     469   0.497609E+03   0.469000E+00   0.120400E-02   0.127744E+01   0.120262E-02   0.328910E+02
     470   0.498670E+03   0.470000E+00   0.122372E-02   0.129837E+01   0.122439E-02   0.318300E+02
     471   0.499731E+03   0.471000E+00   0.124138E-02   0.131710E+01   0.124309E-02   0.307690E+02
     472   0.500792E+03   0.472000E+00   0.126801E-02   0.134536E+01   0.126636E-02   0.297080E+02
     473   0.501853E+03   0.473000E+00   0.129530E-02   0.137431E+01   0.129493E-02   0.286470E+02
     474   0.502914E+03   0.474000E+00   0.132473E-02   0.140554E+01   0.132390E-02   0.275860E+02
     475   0.503975E+03   0.475000E+00   0.135077E-02   0.143317E+01   0.135217E-02   0.265250E+02
     476   0.505036E+03   0.476000E+00   0.137977E-02   0.146393E+01   0.138311E-02   0.254640E+02
     477   0.506097E+03   0.477000E+00   0.141590E-02   0.150227E+01   0.141609E-02   0.244030E+02
     478   0.507158E+03   0.478000E+00   0.145072E-02   0.153921E+01   0.145240E-02   0.233420E+02
     479   0.508219E+03   0.479000E+00   0.148860E-02   0.157941E+01   0.149373E-02   0.222810E+02
     480   0.509280E+03   0.480000E+00   0.153354E-02   0.162708E+01   0.153705E-02   0.212200E+02
     481   0.510341E+03   0.481000E+00   0.157982E-02   0.167618E+01   0.158411E-02   0.201590E+02
     482   0.511402E+03   0.482000E+00   0.163324E-02   0.173287E+01   0.163802E-02   0.190980E+02
     483   0.512463E+03   0.483000E+00   0.168748E-02   0.179042E+01   0.169238E-02   0.180370E+02
     484   0.513524E+03   0.484000E+00   0.175697E-02   0.186414E+01   0.175799E-02   0.169760E+02
     485   0.514585E+03   0.485000E+00   0.182536E-02   0.193670E+01   0.182669E-02   0.159150E+02
     486   0.515646E+03   0.486000E+00   0.190965E-02   0.202614E+01   0.190702E-02   0.148540E+02
     487   0.516707E+03   0.487000E+00   0.199966E-02   0.212164E+01   0.199748E-02   0.137930E+02
     488   0.517768E+03   0.488000E+00   0.210467E-02   0.223305E+01   0.210238E-02   0.127320E+02
     489   0.518829E+03   0.489000E+00   0.223434E-02   0.237063E+01   0.222897E-02   0.116710E+02
     490   0.519890E+03   0.490000E+00   0.237851E-02   0.252360E+01   0.237377E-02   0.106100E+02
     491   0.520951E+03   0.491000E+00   0.255499E-02   0.271085E+01   0.254909E-02   0.954900E+01
     492   0.522012E+03   0.492000E+00   0.276438E-02   0.293301E+01   0.276279E-02   0.848800E+01
     493   0.523073E+03   0.493000E+00   0.303971E-02   0.322513E+01   0.303684E-02   0.742700E+01
     494   0.524134E+03   0.494000E+00   0.339442E-02   0.360148E+01   0.339416E-02   0.636600E+01
     495   0.525195E+03   0.495000E+00   0.387335E-02   0.410963E+01   0.387233E-02   0.530500E+01
     496   0.526256E+03   0.496000E+00   0.458591E-02   0.486565E+01   0.458881E-02   0.424400E+01
     497   0.527317E+03   0.497000E+00   0.575959E-02   0.611093E+01   0.576273E-02   0.318300E+01
     498   0.528378E+03   0.498000E+00   0.816929E-02   0.866762E+01   0.817300E-02   0.212200E+01
     499   0.529439E+03   0.499000E+00   0.225439E-01   0.239191E+02   0.225388E-01   0.106100E+01
     500   0.530500E+03   0.500000E+00   0.857804E-01   0.910130E+02   0.857714E-01   0.000000E+00
