 ilogbin    ln(x)=LNXMIN+ilogbin*DELLNX/NLOGBIN  x  P(ln(x))  P(x)  x/L    P(x)*L
       0  -0.230259E+01   0.100000E+00   0.269507E-01   0.269507E+00   0.942507E-04   0.285947E+03
       1  -0.220989E+01   0.109713E+00   0.282216E-01   0.257231E+00   0.103405E-03   0.272922E+03
       2  -0.211719E+01   0.120369E+00   0.301575E-01   0.250543E+00   0.113449E-03   0.265826E+03
       3  -0.202450E+01   0.132060E+00   0.316950E-01   0.240005E+00   0.124468E-03   0.254645E+03
       4  -0.193180E+01   0.144887E+00   0.328884E-01   0.226994E+00   0.136557E-03   0.240840E+03
       5  -0.183911E+01   0.158959E+00   0.345289E-01   0.217219E+00   0.149820E-03   0.230469E+03
       6  -0.174641E+01   0.174399E+00   0.356430E-01   0.204377E+00   0.164372E-03   0.216844E+03
       7  -0.165372E+01   0.191337E+00   0.369077E-01   0.192893E+00   0.180337E-03   0.204660E+03
       8  -0.156102E+01   0.209922E+00   0.377513E-01   0.179835E+00   0.197853E-03   0.190805E+03
       9  -0.146833E+01   0.230311E+00   0.386617E-01   0.167867E+00   0.217070E-03   0.178107E+03
      10  -0.137563E+01   0.252680E+00   0.387975E-01   0.153544E+00   0.238153E-03   0.162910E+03
      11  -0.128293E+01   0.277223E+00   0.389258E-01   0.140413E+00   0.261284E-03   0.148979E+03
      12  -0.119024E+01   0.304149E+00   0.387673E-01   0.127462E+00   0.286662E-03   0.135237E+03
      13  -0.109754E+01   0.333690E+00   0.382780E-01   0.114711E+00   0.314505E-03   0.121709E+03
      14  -0.100485E+01   0.366100E+00   0.371440E-01   0.101458E+00   0.345052E-03   0.107647E+03
      15  -0.912152E+00   0.401659E+00   0.359069E-01   0.893965E-01   0.378566E-03   0.948496E+02
      16  -0.819457E+00   0.440671E+00   0.346217E-01   0.785660E-01   0.415336E-03   0.833585E+02
      17  -0.726761E+00   0.483472E+00   0.330999E-01   0.684629E-01   0.455676E-03   0.726391E+02
      18  -0.634066E+00   0.530431E+00   0.311257E-01   0.586801E-01   0.499935E-03   0.622596E+02
      19  -0.541370E+00   0.581950E+00   0.290865E-01   0.499810E-01   0.548492E-03   0.530299E+02
      20  -0.448675E+00   0.638474E+00   0.271905E-01   0.425866E-01   0.601766E-03   0.451844E+02
      21  -0.355979E+00   0.700487E+00   0.252089E-01   0.359877E-01   0.660214E-03   0.381830E+02
      22  -0.263284E+00   0.768524E+00   0.233897E-01   0.304345E-01   0.724339E-03   0.322910E+02
      23  -0.170588E+00   0.843169E+00   0.219151E-01   0.259914E-01   0.794693E-03   0.275769E+02
      24  -0.778926E-01   0.925064E+00   0.204904E-01   0.221502E-01   0.871879E-03   0.235014E+02
      25   0.148030E-01   0.101491E+01   0.193451E-01   0.190608E-01   0.956563E-03   0.202235E+02
      26   0.107498E+00   0.111349E+01   0.184342E-01   0.165553E-01   0.104947E-02   0.175652E+02
      27   0.200194E+00   0.122164E+01   0.177000E-01   0.144887E-01   0.115140E-02   0.153725E+02
      28   0.292890E+00   0.134029E+01   0.172015E-01   0.128342E-01   0.126324E-02   0.136170E+02
      29   0.385585E+00   0.147047E+01   0.168667E-01   0.114702E-01   0.138593E-02   0.121699E+02
      30   0.478281E+00   0.161330E+01   0.167160E-01   0.103614E-01   0.152054E-02   0.109934E+02
      31   0.570976E+00   0.176999E+01   0.167260E-01   0.944977E-02   0.166823E-02   0.100262E+02
      32   0.663672E+00   0.194191E+01   0.167746E-01   0.863818E-02   0.183026E-02   0.916511E+01
      33   0.756367E+00   0.213052E+01   0.169312E-01   0.794698E-02   0.200803E-02   0.843174E+01
      34   0.849063E+00   0.233745E+01   0.172195E-01   0.736676E-02   0.220307E-02   0.781614E+01
      35   0.941758E+00   0.256449E+01   0.174236E-01   0.679417E-02   0.241705E-02   0.720862E+01
      36   0.103445E+01   0.281357E+01   0.177286E-01   0.630112E-02   0.265181E-02   0.668549E+01
      37   0.112715E+01   0.308684E+01   0.180917E-01   0.586090E-02   0.290937E-02   0.621842E+01
      38   0.121984E+01   0.338666E+01   0.184811E-01   0.545704E-02   0.319195E-02   0.578992E+01
      39   0.131254E+01   0.371560E+01   0.188065E-01   0.506150E-02   0.350198E-02   0.537025E+01
      40   0.140524E+01   0.407649E+01   0.191948E-01   0.470866E-02   0.384212E-02   0.499589E+01
      41   0.149793E+01   0.447243E+01   0.196557E-01   0.439487E-02   0.421529E-02   0.466296E+01
      42   0.159063E+01   0.490682E+01   0.200877E-01   0.409382E-02   0.462472E-02   0.434354E+01
      43   0.168332E+01   0.538341E+01   0.205667E-01   0.382037E-02   0.507390E-02   0.405342E+01
      44   0.177602E+01   0.590629E+01   0.211280E-01   0.357721E-02   0.556672E-02   0.379542E+01
      45   0.186871E+01   0.647995E+01   0.216933E-01   0.334775E-02   0.610740E-02   0.355196E+01
      46   0.196141E+01   0.710934E+01   0.222750E-01   0.313321E-02   0.670060E-02   0.332433E+01
      47   0.205410E+01   0.779985E+01   0.228830E-01   0.293378E-02   0.735141E-02   0.311274E+01
      48   0.214680E+01   0.855743E+01   0.234950E-01   0.274557E-02   0.806544E-02   0.291305E+01
      49   0.223950E+01   0.938859E+01   0.242342E-01   0.258123E-02   0.884882E-02   0.273869E+01
      50   0.233219E+01   0.103005E+02   0.250073E-01   0.242778E-02   0.970828E-02   0.257587E+01
      51   0.242489E+01   0.113009E+02   0.257778E-01   0.228103E-02   0.106512E-01   0.242017E+01
      52   0.251758E+01   0.123986E+02   0.265470E-01   0.214113E-02   0.116858E-01   0.227174E+01
      53   0.261028E+01   0.136028E+02   0.274477E-01   0.201780E-02   0.128208E-01   0.214088E+01
      54   0.270297E+01   0.149240E+02   0.284060E-01   0.190337E-02   0.140660E-01   0.201948E+01
      55   0.279567E+01   0.163736E+02   0.293603E-01   0.179315E-02   0.154322E-01   0.190253E+01
      56   0.288836E+01   0.179639E+02   0.304367E-01   0.169433E-02   0.169311E-01   0.179768E+01
      57   0.298106E+01   0.197087E+02   0.315614E-01   0.160139E-02   0.185756E-01   0.169908E+01
      58   0.307376E+01   0.216229E+02   0.327781E-01   0.151589E-02   0.203798E-01   0.160836E+01
      59   0.316645E+01   0.237231E+02   0.341231E-01   0.143839E-02   0.223592E-01   0.152613E+01
      60   0.325915E+01   0.260273E+02   0.354979E-01   0.136387E-02   0.245309E-01   0.144707E+01
      61   0.335184E+01   0.285553E+02   0.370690E-01   0.129815E-02   0.269136E-01   0.137734E+01
      62   0.344454E+01   0.313288E+02   0.385979E-01   0.123203E-02   0.295276E-01   0.130718E+01
      63   0.353723E+01   0.343717E+02   0.403657E-01   0.117439E-02   0.323955E-01   0.124603E+01
      64   0.362993E+01   0.377101E+02   0.422429E-01   0.112020E-02   0.355420E-01   0.118853E+01
      65   0.372262E+01   0.413728E+02   0.443559E-01   0.107210E-02   0.389942E-01   0.113750E+01
      66   0.381532E+01   0.453913E+02   0.464929E-01   0.102427E-02   0.427816E-01   0.108675E+01
      67   0.390801E+01   0.498000E+02   0.489010E-01   0.981947E-03   0.469368E-01   0.104185E+01
      68   0.400071E+01   0.546370E+02   0.514027E-01   0.940805E-03   0.514957E-01   0.998195E+00
      69   0.409341E+01   0.599437E+02   0.544637E-01   0.908580E-03   0.564974E-01   0.964004E+00
      70   0.418610E+01   0.657659E+02   0.573325E-01   0.871767E-03   0.619848E-01   0.924944E+00
      71   0.427880E+01   0.721536E+02   0.603615E-01   0.836570E-03   0.680053E-01   0.887601E+00
      72   0.437149E+01   0.791617E+02   0.641250E-01   0.810051E-03   0.746105E-01   0.859464E+00
      73   0.446419E+01   0.868505E+02   0.679820E-01   0.782747E-03   0.818572E-01   0.830495E+00
      74   0.455688E+01   0.952861E+02   0.723653E-01   0.759453E-03   0.898078E-01   0.805780E+00
      75   0.464958E+01   0.104541E+03   0.769271E-01   0.735856E-03   0.985306E-01   0.780743E+00
      76   0.474227E+01   0.114695E+03   0.819005E-01   0.714074E-03   0.108101E+00   0.757632E+00
      77   0.483497E+01   0.125835E+03   0.874684E-01   0.695105E-03   0.118600E+00   0.737506E+00
      78   0.492767E+01   0.138057E+03   0.930512E-01   0.674006E-03   0.130120E+00   0.715121E+00
      79   0.502036E+01   0.151466E+03   0.992703E-01   0.655396E-03   0.142758E+00   0.695376E+00
      80   0.511306E+01   0.166178E+03   0.106187E+00   0.638998E-03   0.156623E+00   0.677977E+00
      81   0.520575E+01   0.182318E+03   0.113899E+00   0.624729E-03   0.171836E+00   0.662838E+00
      82   0.529845E+01   0.200026E+03   0.122236E+00   0.611103E-03   0.188526E+00   0.648380E+00
      83   0.539114E+01   0.219454E+03   0.131514E+00   0.599280E-03   0.206837E+00   0.635836E+00
      84   0.548384E+01   0.240769E+03   0.141628E+00   0.588233E-03   0.226927E+00   0.624116E+00
      85   0.557653E+01   0.264155E+03   0.153089E+00   0.579545E-03   0.248968E+00   0.614897E+00
      86   0.566923E+01   0.289811E+03   0.165753E+00   0.571935E-03   0.273149E+00   0.606823E+00
      87   0.576193E+01   0.317960E+03   0.179027E+00   0.563048E-03   0.299679E+00   0.597394E+00
      88   0.585462E+01   0.348843E+03   0.194325E+00   0.557058E-03   0.328787E+00   0.591038E+00
      89   0.594732E+01   0.382725E+03   0.210574E+00   0.550197E-03   0.360721E+00   0.583759E+00
      90   0.604001E+01   0.419898E+03   0.229583E+00   0.546758E-03   0.395757E+00   0.580111E+00
      91   0.613271E+01   0.460682E+03   0.250417E+00   0.543580E-03   0.434196E+00   0.576738E+00
      92   0.622540E+01   0.505427E+03   0.272766E+00   0.539675E-03   0.476368E+00   0.572595E+00
      93   0.631810E+01   0.554518E+03   0.301024E+00   0.542857E-03   0.522637E+00   0.575971E+00
      94   0.641079E+01   0.608377E+03   0.333737E+00   0.548571E-03   0.573399E+00   0.582033E+00
      95   0.650349E+01   0.667467E+03   0.370904E+00   0.555690E-03   0.629092E+00   0.589587E+00
      96   0.659619E+01   0.732296E+03   0.410778E+00   0.560945E-03   0.690194E+00   0.595162E+00
      97   0.668888E+01   0.803422E+03   0.467050E+00   0.581326E-03   0.757231E+00   0.616787E+00
      98   0.678158E+01   0.881457E+03   0.554173E+00   0.628701E-03   0.830779E+00   0.667052E+00
      99   0.687427E+01   0.967071E+03   0.758265E+00   0.784085E-03   0.911471E+00   0.831914E+00
     100   0.696697E+01   0.106100E+04   0.220537E+01   0.207857E-02   0.100000E+01   0.220537E+01
