 Program bfbm2
 Density distribution between NTSTART and NTEND
 GAMMMA=   1.6000000000000001     
 BRANCHPROB=   1.0000000000000000E-002
 DEATHPROB=   9.7000000000000003E-003
 MEMORY=BOTH
 NT=        16384
 NTSTART=        13107
 NTEND=        16384
 L=   35.000000000000000     
 IRINIT=          43
 NCONF=      109440
 ==================================
    ibin    x=(L/2*ibin)/NBIN  x/L   P(x)  P(x)*L  P(|x|)   L/2-x 
    -500  -0.175000E+02  -0.500000E+00   0.361920E-04   0.126672E-02   0.356784E-04   0.350000E+02
    -499  -0.174650E+02  -0.499000E+00   0.747540E-04   0.261639E-02   0.739854E-04   0.349650E+02
    -498  -0.174300E+02  -0.498000E+00   0.798851E-04   0.279598E-02   0.789733E-04   0.349300E+02
    -497  -0.173950E+02  -0.497000E+00   0.842933E-04   0.295027E-02   0.834392E-04   0.348950E+02
    -496  -0.173600E+02  -0.496000E+00   0.900445E-04   0.315156E-02   0.892036E-04   0.348600E+02
    -495  -0.173250E+02  -0.495000E+00   0.956155E-04   0.334654E-02   0.947201E-04   0.348250E+02
    -494  -0.172900E+02  -0.494000E+00   0.101964E-03   0.356873E-02   0.100722E-03   0.347900E+02
    -493  -0.172550E+02  -0.493000E+00   0.108273E-03   0.378954E-02   0.107040E-03   0.347550E+02
    -492  -0.172200E+02  -0.492000E+00   0.114426E-03   0.400489E-02   0.113500E-03   0.347200E+02
    -491  -0.171850E+02  -0.491000E+00   0.121078E-03   0.423772E-02   0.120283E-03   0.346850E+02
    -490  -0.171500E+02  -0.490000E+00   0.128739E-03   0.450585E-02   0.127111E-03   0.346500E+02
    -489  -0.171150E+02  -0.489000E+00   0.136578E-03   0.478022E-02   0.135111E-03   0.346150E+02
    -488  -0.170800E+02  -0.488000E+00   0.144073E-03   0.504254E-02   0.142823E-03   0.345800E+02
    -487  -0.170450E+02  -0.487000E+00   0.153074E-03   0.535757E-02   0.151367E-03   0.345450E+02
    -486  -0.170100E+02  -0.486000E+00   0.160855E-03   0.562992E-02   0.159410E-03   0.345100E+02
    -485  -0.169750E+02  -0.485000E+00   0.169863E-03   0.594521E-02   0.168117E-03   0.344750E+02
    -484  -0.169400E+02  -0.484000E+00   0.179083E-03   0.626791E-02   0.177717E-03   0.344400E+02
    -483  -0.169050E+02  -0.483000E+00   0.189635E-03   0.663721E-02   0.187687E-03   0.344050E+02
    -482  -0.168700E+02  -0.482000E+00   0.199877E-03   0.699570E-02   0.198060E-03   0.343700E+02
    -481  -0.168350E+02  -0.481000E+00   0.210885E-03   0.738096E-02   0.208489E-03   0.343350E+02
    -480  -0.168000E+02  -0.480000E+00   0.221066E-03   0.773731E-02   0.219249E-03   0.343000E+02
    -479  -0.167650E+02  -0.479000E+00   0.234029E-03   0.819102E-02   0.231110E-03   0.342650E+02
    -478  -0.167300E+02  -0.478000E+00   0.246223E-03   0.861781E-02   0.243712E-03   0.342300E+02
    -477  -0.166950E+02  -0.477000E+00   0.258628E-03   0.905197E-02   0.255797E-03   0.341950E+02
    -476  -0.166600E+02  -0.476000E+00   0.271595E-03   0.950583E-02   0.269358E-03   0.341600E+02
    -475  -0.166250E+02  -0.475000E+00   0.284878E-03   0.997074E-02   0.281878E-03   0.341250E+02
    -474  -0.165900E+02  -0.474000E+00   0.298875E-03   0.104606E-01   0.296457E-03   0.340900E+02
    -473  -0.165550E+02  -0.473000E+00   0.314077E-03   0.109927E-01   0.311149E-03   0.340550E+02
    -472  -0.165200E+02  -0.472000E+00   0.330235E-03   0.115582E-01   0.326805E-03   0.340200E+02
    -471  -0.164850E+02  -0.471000E+00   0.345921E-03   0.121072E-01   0.342302E-03   0.339850E+02
    -470  -0.164500E+02  -0.470000E+00   0.362368E-03   0.126829E-01   0.358691E-03   0.339500E+02
    -469  -0.164150E+02  -0.469000E+00   0.378854E-03   0.132599E-01   0.375495E-03   0.339150E+02
    -468  -0.163800E+02  -0.468000E+00   0.397210E-03   0.139023E-01   0.392685E-03   0.338800E+02
    -467  -0.163450E+02  -0.467000E+00   0.414113E-03   0.144939E-01   0.410262E-03   0.338450E+02
    -466  -0.163100E+02  -0.466000E+00   0.434319E-03   0.152012E-01   0.429539E-03   0.338100E+02
    -465  -0.162750E+02  -0.465000E+00   0.454384E-03   0.159034E-01   0.449817E-03   0.337750E+02
    -464  -0.162400E+02  -0.464000E+00   0.473571E-03   0.165750E-01   0.468562E-03   0.337400E+02
    -463  -0.162050E+02  -0.463000E+00   0.494778E-03   0.173172E-01   0.489940E-03   0.337050E+02
    -462  -0.161700E+02  -0.462000E+00   0.517086E-03   0.180980E-01   0.511358E-03   0.336700E+02
    -461  -0.161350E+02  -0.461000E+00   0.537793E-03   0.188228E-01   0.531557E-03   0.336350E+02
    -460  -0.161000E+02  -0.460000E+00   0.559667E-03   0.195883E-01   0.554662E-03   0.336000E+02
    -459  -0.160650E+02  -0.459000E+00   0.583649E-03   0.204277E-01   0.578956E-03   0.335650E+02
    -458  -0.160300E+02  -0.458000E+00   0.607963E-03   0.212787E-01   0.602009E-03   0.335300E+02
    -457  -0.159950E+02  -0.457000E+00   0.633353E-03   0.221673E-01   0.627719E-03   0.334950E+02
    -456  -0.159600E+02  -0.456000E+00   0.658422E-03   0.230448E-01   0.653294E-03   0.334600E+02
    -455  -0.159250E+02  -0.455000E+00   0.685863E-03   0.240052E-01   0.679336E-03   0.334250E+02
    -454  -0.158900E+02  -0.454000E+00   0.712563E-03   0.249397E-01   0.706236E-03   0.333900E+02
    -453  -0.158550E+02  -0.453000E+00   0.741094E-03   0.259383E-01   0.732955E-03   0.333550E+02
    -452  -0.158200E+02  -0.452000E+00   0.769677E-03   0.269387E-01   0.762085E-03   0.333200E+02
    -451  -0.157850E+02  -0.451000E+00   0.798677E-03   0.279537E-01   0.791878E-03   0.332850E+02
    -450  -0.157500E+02  -0.450000E+00   0.830792E-03   0.290777E-01   0.822859E-03   0.332500E+02
    -449  -0.157150E+02  -0.449000E+00   0.861000E-03   0.301350E-01   0.852271E-03   0.332150E+02
    -448  -0.156800E+02  -0.448000E+00   0.892257E-03   0.312290E-01   0.883131E-03   0.331800E+02
    -447  -0.156450E+02  -0.447000E+00   0.926337E-03   0.324218E-01   0.917419E-03   0.331450E+02
    -446  -0.156100E+02  -0.446000E+00   0.961002E-03   0.336351E-01   0.951046E-03   0.331100E+02
    -445  -0.155750E+02  -0.445000E+00   0.995004E-03   0.348251E-01   0.984455E-03   0.330750E+02
    -444  -0.155400E+02  -0.444000E+00   0.102882E-02   0.360087E-01   0.101890E-02   0.330400E+02
    -443  -0.155050E+02  -0.443000E+00   0.106478E-02   0.372672E-01   0.105450E-02   0.330050E+02
    -442  -0.154700E+02  -0.442000E+00   0.110019E-02   0.385065E-01   0.109102E-02   0.329700E+02
    -441  -0.154350E+02  -0.441000E+00   0.113957E-02   0.398850E-01   0.112937E-02   0.329350E+02
    -440  -0.154000E+02  -0.440000E+00   0.117839E-02   0.412437E-01   0.116757E-02   0.329000E+02
    -439  -0.153650E+02  -0.439000E+00   0.121992E-02   0.426971E-01   0.120763E-02   0.328650E+02
    -438  -0.153300E+02  -0.438000E+00   0.125878E-02   0.440573E-01   0.124791E-02   0.328300E+02
    -437  -0.152950E+02  -0.437000E+00   0.130017E-02   0.455059E-01   0.128759E-02   0.327950E+02
    -436  -0.152600E+02  -0.436000E+00   0.134215E-02   0.469753E-01   0.132949E-02   0.327600E+02
    -435  -0.152250E+02  -0.435000E+00   0.138392E-02   0.484374E-01   0.137163E-02   0.327250E+02
    -434  -0.151900E+02  -0.434000E+00   0.143250E-02   0.501376E-01   0.141715E-02   0.326900E+02
    -433  -0.151550E+02  -0.433000E+00   0.147219E-02   0.515268E-01   0.145955E-02   0.326550E+02
    -432  -0.151200E+02  -0.432000E+00   0.152299E-02   0.533045E-01   0.150901E-02   0.326200E+02
    -431  -0.150850E+02  -0.431000E+00   0.156777E-02   0.548720E-01   0.155407E-02   0.325850E+02
    -430  -0.150500E+02  -0.430000E+00   0.161771E-02   0.566199E-01   0.160127E-02   0.325500E+02
    -429  -0.150150E+02  -0.429000E+00   0.166468E-02   0.582638E-01   0.164908E-02   0.325150E+02
    -428  -0.149800E+02  -0.428000E+00   0.171441E-02   0.600042E-01   0.169939E-02   0.324800E+02
    -427  -0.149450E+02  -0.427000E+00   0.176526E-02   0.617841E-01   0.175009E-02   0.324450E+02
    -426  -0.149100E+02  -0.426000E+00   0.181588E-02   0.635558E-01   0.180010E-02   0.324100E+02
    -425  -0.148750E+02  -0.425000E+00   0.186828E-02   0.653896E-01   0.185209E-02   0.323750E+02
    -424  -0.148400E+02  -0.424000E+00   0.192275E-02   0.672964E-01   0.190681E-02   0.323400E+02
    -423  -0.148050E+02  -0.423000E+00   0.197805E-02   0.692319E-01   0.196053E-02   0.323050E+02
    -422  -0.147700E+02  -0.422000E+00   0.203242E-02   0.711348E-01   0.201496E-02   0.322700E+02
    -421  -0.147350E+02  -0.421000E+00   0.209286E-02   0.732502E-01   0.207168E-02   0.322350E+02
    -420  -0.147000E+02  -0.420000E+00   0.214713E-02   0.751494E-01   0.212846E-02   0.322000E+02
    -419  -0.146650E+02  -0.419000E+00   0.220603E-02   0.772111E-01   0.218636E-02   0.321650E+02
    -418  -0.146300E+02  -0.418000E+00   0.226600E-02   0.793100E-01   0.224578E-02   0.321300E+02
    -417  -0.145950E+02  -0.417000E+00   0.232668E-02   0.814338E-01   0.230658E-02   0.320950E+02
    -416  -0.145600E+02  -0.416000E+00   0.238996E-02   0.836487E-01   0.236748E-02   0.320600E+02
    -415  -0.145250E+02  -0.415000E+00   0.244938E-02   0.857284E-01   0.242979E-02   0.320250E+02
    -414  -0.144900E+02  -0.414000E+00   0.251638E-02   0.880734E-01   0.249284E-02   0.319900E+02
    -413  -0.144550E+02  -0.413000E+00   0.258036E-02   0.903127E-01   0.255811E-02   0.319550E+02
    -412  -0.144200E+02  -0.412000E+00   0.264647E-02   0.926263E-01   0.262294E-02   0.319200E+02
    -411  -0.143850E+02  -0.411000E+00   0.271171E-02   0.949097E-01   0.268776E-02   0.318850E+02
    -410  -0.143500E+02  -0.410000E+00   0.278324E-02   0.974134E-01   0.275745E-02   0.318500E+02
    -409  -0.143150E+02  -0.409000E+00   0.285064E-02   0.997724E-01   0.282586E-02   0.318150E+02
    -408  -0.142800E+02  -0.408000E+00   0.292155E-02   0.102254E+00   0.289587E-02   0.317800E+02
    -407  -0.142450E+02  -0.407000E+00   0.299063E-02   0.104672E+00   0.296532E-02   0.317450E+02
    -406  -0.142100E+02  -0.406000E+00   0.306144E-02   0.107150E+00   0.303525E-02   0.317100E+02
    -405  -0.141750E+02  -0.405000E+00   0.313763E-02   0.109817E+00   0.311089E-02   0.316750E+02
    -404  -0.141400E+02  -0.404000E+00   0.321396E-02   0.112489E+00   0.318535E-02   0.316400E+02
    -403  -0.141050E+02  -0.403000E+00   0.328664E-02   0.115032E+00   0.325839E-02   0.316050E+02
    -402  -0.140700E+02  -0.402000E+00   0.335869E-02   0.117554E+00   0.333117E-02   0.315700E+02
    -401  -0.140350E+02  -0.401000E+00   0.343667E-02   0.120283E+00   0.340880E-02   0.315350E+02
    -400  -0.140000E+02  -0.400000E+00   0.351932E-02   0.123176E+00   0.348920E-02   0.315000E+02
    -399  -0.139650E+02  -0.399000E+00   0.359707E-02   0.125897E+00   0.356684E-02   0.314650E+02
    -398  -0.139300E+02  -0.398000E+00   0.368019E-02   0.128807E+00   0.364800E-02   0.314300E+02
    -397  -0.138950E+02  -0.397000E+00   0.376177E-02   0.131662E+00   0.372860E-02   0.313950E+02
    -396  -0.138600E+02  -0.396000E+00   0.384242E-02   0.134485E+00   0.381024E-02   0.313600E+02
    -395  -0.138250E+02  -0.395000E+00   0.392599E-02   0.137410E+00   0.389382E-02   0.313250E+02
    -394  -0.137900E+02  -0.394000E+00   0.401450E-02   0.140508E+00   0.398050E-02   0.312900E+02
    -393  -0.137550E+02  -0.393000E+00   0.409827E-02   0.143440E+00   0.406671E-02   0.312550E+02
    -392  -0.137200E+02  -0.392000E+00   0.418614E-02   0.146515E+00   0.415233E-02   0.312200E+02
    -391  -0.136850E+02  -0.391000E+00   0.427296E-02   0.149554E+00   0.423730E-02   0.311850E+02
    -390  -0.136500E+02  -0.390000E+00   0.436898E-02   0.152914E+00   0.433073E-02   0.311500E+02
    -389  -0.136150E+02  -0.389000E+00   0.445509E-02   0.155928E+00   0.441847E-02   0.311150E+02
    -388  -0.135800E+02  -0.388000E+00   0.454589E-02   0.159106E+00   0.450842E-02   0.310800E+02
    -387  -0.135450E+02  -0.387000E+00   0.464093E-02   0.162432E+00   0.460169E-02   0.310450E+02
    -386  -0.135100E+02  -0.386000E+00   0.473059E-02   0.165571E+00   0.469321E-02   0.310100E+02
    -385  -0.134750E+02  -0.385000E+00   0.482978E-02   0.169042E+00   0.478997E-02   0.309750E+02
    -384  -0.134400E+02  -0.384000E+00   0.492399E-02   0.172340E+00   0.488305E-02   0.309400E+02
    -383  -0.134050E+02  -0.383000E+00   0.502028E-02   0.175710E+00   0.498017E-02   0.309050E+02
    -382  -0.133700E+02  -0.382000E+00   0.511629E-02   0.179070E+00   0.507463E-02   0.308700E+02
    -381  -0.133350E+02  -0.381000E+00   0.521723E-02   0.182603E+00   0.517479E-02   0.308350E+02
    -380  -0.133000E+02  -0.380000E+00   0.531320E-02   0.185962E+00   0.527469E-02   0.308000E+02
    -379  -0.132650E+02  -0.379000E+00   0.542115E-02   0.189740E+00   0.537769E-02   0.307650E+02
    -378  -0.132300E+02  -0.378000E+00   0.552278E-02   0.193297E+00   0.548119E-02   0.307300E+02
    -377  -0.131950E+02  -0.377000E+00   0.562827E-02   0.196989E+00   0.558348E-02   0.306950E+02
    -376  -0.131600E+02  -0.376000E+00   0.573138E-02   0.200598E+00   0.568723E-02   0.306600E+02
    -375  -0.131250E+02  -0.375000E+00   0.583655E-02   0.204279E+00   0.579349E-02   0.306250E+02
    -374  -0.130900E+02  -0.374000E+00   0.594365E-02   0.208028E+00   0.589866E-02   0.305900E+02
    -373  -0.130550E+02  -0.373000E+00   0.605149E-02   0.211802E+00   0.600638E-02   0.305550E+02
    -372  -0.130200E+02  -0.372000E+00   0.616267E-02   0.215693E+00   0.611334E-02   0.305200E+02
    -371  -0.129850E+02  -0.371000E+00   0.626938E-02   0.219428E+00   0.622310E-02   0.304850E+02
    -370  -0.129500E+02  -0.370000E+00   0.638389E-02   0.223436E+00   0.633456E-02   0.304500E+02
    -369  -0.129150E+02  -0.369000E+00   0.649452E-02   0.227308E+00   0.644540E-02   0.304150E+02
    -368  -0.128800E+02  -0.368000E+00   0.660854E-02   0.231299E+00   0.655998E-02   0.303800E+02
    -367  -0.128450E+02  -0.367000E+00   0.672258E-02   0.235290E+00   0.667313E-02   0.303450E+02
    -366  -0.128100E+02  -0.366000E+00   0.683352E-02   0.239173E+00   0.678406E-02   0.303100E+02
    -365  -0.127750E+02  -0.365000E+00   0.695529E-02   0.243435E+00   0.690123E-02   0.302750E+02
    -364  -0.127400E+02  -0.364000E+00   0.707032E-02   0.247461E+00   0.701757E-02   0.302400E+02
    -363  -0.127050E+02  -0.363000E+00   0.718895E-02   0.251613E+00   0.713744E-02   0.302050E+02
    -362  -0.126700E+02  -0.362000E+00   0.731127E-02   0.255894E+00   0.725756E-02   0.301700E+02
    -361  -0.126350E+02  -0.361000E+00   0.743127E-02   0.260095E+00   0.737665E-02   0.301350E+02
    -360  -0.126000E+02  -0.360000E+00   0.755625E-02   0.264469E+00   0.749943E-02   0.301000E+02
    -359  -0.125650E+02  -0.359000E+00   0.767502E-02   0.268626E+00   0.761972E-02   0.300650E+02
    -358  -0.125300E+02  -0.358000E+00   0.780421E-02   0.273147E+00   0.774627E-02   0.300300E+02
    -357  -0.124950E+02  -0.357000E+00   0.792843E-02   0.277495E+00   0.787155E-02   0.299950E+02
    -356  -0.124600E+02  -0.356000E+00   0.805639E-02   0.281974E+00   0.799933E-02   0.299600E+02
    -355  -0.124250E+02  -0.355000E+00   0.818430E-02   0.286450E+00   0.812652E-02   0.299250E+02
    -354  -0.123900E+02  -0.354000E+00   0.831032E-02   0.290861E+00   0.825011E-02   0.298900E+02
    -353  -0.123550E+02  -0.353000E+00   0.843481E-02   0.295219E+00   0.837779E-02   0.298550E+02
    -352  -0.123200E+02  -0.352000E+00   0.856991E-02   0.299947E+00   0.851004E-02   0.298200E+02
    -351  -0.122850E+02  -0.351000E+00   0.870013E-02   0.304505E+00   0.863800E-02   0.297850E+02
    -350  -0.122500E+02  -0.350000E+00   0.883277E-02   0.309147E+00   0.877431E-02   0.297500E+02
    -349  -0.122150E+02  -0.349000E+00   0.897014E-02   0.313955E+00   0.890543E-02   0.297150E+02
    -348  -0.121800E+02  -0.348000E+00   0.910769E-02   0.318769E+00   0.904241E-02   0.296800E+02
    -347  -0.121450E+02  -0.347000E+00   0.924199E-02   0.323470E+00   0.917476E-02   0.296450E+02
    -346  -0.121100E+02  -0.346000E+00   0.937867E-02   0.328254E+00   0.931196E-02   0.296100E+02
    -345  -0.120750E+02  -0.345000E+00   0.950995E-02   0.332848E+00   0.944620E-02   0.295750E+02
    -344  -0.120400E+02  -0.344000E+00   0.965122E-02   0.337793E+00   0.958287E-02   0.295400E+02
    -343  -0.120050E+02  -0.343000E+00   0.978737E-02   0.342558E+00   0.972077E-02   0.295050E+02
    -342  -0.119700E+02  -0.342000E+00   0.992794E-02   0.347478E+00   0.986449E-02   0.294700E+02
    -341  -0.119350E+02  -0.341000E+00   0.100722E-01   0.352528E+00   0.100060E-01   0.294350E+02
    -340  -0.119000E+02  -0.340000E+00   0.102185E-01   0.357646E+00   0.101504E-01   0.294000E+02
    -339  -0.118650E+02  -0.339000E+00   0.103608E-01   0.362628E+00   0.102882E-01   0.293650E+02
    -338  -0.118300E+02  -0.338000E+00   0.105124E-01   0.367932E+00   0.104399E-01   0.293300E+02
    -337  -0.117950E+02  -0.337000E+00   0.106566E-01   0.372982E+00   0.105845E-01   0.292950E+02
    -336  -0.117600E+02  -0.336000E+00   0.108009E-01   0.378031E+00   0.107276E-01   0.292600E+02
    -335  -0.117250E+02  -0.335000E+00   0.109477E-01   0.383168E+00   0.108758E-01   0.292250E+02
    -334  -0.116900E+02  -0.334000E+00   0.110939E-01   0.388285E+00   0.110219E-01   0.291900E+02
    -333  -0.116550E+02  -0.333000E+00   0.112455E-01   0.393594E+00   0.111709E-01   0.291550E+02
    -332  -0.116200E+02  -0.332000E+00   0.113912E-01   0.398691E+00   0.113216E-01   0.291200E+02
    -331  -0.115850E+02  -0.331000E+00   0.115493E-01   0.404224E+00   0.114726E-01   0.290850E+02
    -330  -0.115500E+02  -0.330000E+00   0.117028E-01   0.409597E+00   0.116239E-01   0.290500E+02
    -329  -0.115150E+02  -0.329000E+00   0.118553E-01   0.414936E+00   0.117794E-01   0.290150E+02
    -328  -0.114800E+02  -0.328000E+00   0.120108E-01   0.420377E+00   0.119308E-01   0.289800E+02
    -327  -0.114450E+02  -0.327000E+00   0.121677E-01   0.425868E+00   0.120907E-01   0.289450E+02
    -326  -0.114100E+02  -0.326000E+00   0.123252E-01   0.431381E+00   0.122481E-01   0.289100E+02
    -325  -0.113750E+02  -0.325000E+00   0.124799E-01   0.436798E+00   0.124010E-01   0.288750E+02
    -324  -0.113400E+02  -0.324000E+00   0.126423E-01   0.442479E+00   0.125622E-01   0.288400E+02
    -323  -0.113050E+02  -0.323000E+00   0.127941E-01   0.447795E+00   0.127164E-01   0.288050E+02
    -322  -0.112700E+02  -0.322000E+00   0.129505E-01   0.453267E+00   0.128719E-01   0.287700E+02
    -321  -0.112350E+02  -0.321000E+00   0.131194E-01   0.459178E+00   0.130360E-01   0.287350E+02
    -320  -0.112000E+02  -0.320000E+00   0.132778E-01   0.464721E+00   0.131962E-01   0.287000E+02
    -319  -0.111650E+02  -0.319000E+00   0.134477E-01   0.470670E+00   0.133637E-01   0.286650E+02
    -318  -0.111300E+02  -0.318000E+00   0.136033E-01   0.476115E+00   0.135235E-01   0.286300E+02
    -317  -0.110950E+02  -0.317000E+00   0.137712E-01   0.481991E+00   0.136900E-01   0.285950E+02
    -316  -0.110600E+02  -0.316000E+00   0.139369E-01   0.487790E+00   0.138553E-01   0.285600E+02
    -315  -0.110250E+02  -0.315000E+00   0.141030E-01   0.493604E+00   0.140183E-01   0.285250E+02
    -314  -0.109900E+02  -0.314000E+00   0.142709E-01   0.499481E+00   0.141832E-01   0.284900E+02
    -313  -0.109550E+02  -0.313000E+00   0.144357E-01   0.505249E+00   0.143514E-01   0.284550E+02
    -312  -0.109200E+02  -0.312000E+00   0.146066E-01   0.511232E+00   0.145194E-01   0.284200E+02
    -311  -0.108850E+02  -0.311000E+00   0.147700E-01   0.516951E+00   0.146834E-01   0.283850E+02
    -310  -0.108500E+02  -0.310000E+00   0.149463E-01   0.523121E+00   0.148590E-01   0.283500E+02
    -309  -0.108150E+02  -0.309000E+00   0.151115E-01   0.528903E+00   0.150288E-01   0.283150E+02
    -308  -0.107800E+02  -0.308000E+00   0.152821E-01   0.534873E+00   0.151954E-01   0.282800E+02
    -307  -0.107450E+02  -0.307000E+00   0.154601E-01   0.541104E+00   0.153738E-01   0.282450E+02
    -306  -0.107100E+02  -0.306000E+00   0.156295E-01   0.547034E+00   0.155437E-01   0.282100E+02
    -305  -0.106750E+02  -0.305000E+00   0.158087E-01   0.553306E+00   0.157197E-01   0.281750E+02
    -304  -0.106400E+02  -0.304000E+00   0.159884E-01   0.559592E+00   0.158934E-01   0.281400E+02
    -303  -0.106050E+02  -0.303000E+00   0.161595E-01   0.565582E+00   0.160678E-01   0.281050E+02
    -302  -0.105700E+02  -0.302000E+00   0.163354E-01   0.571739E+00   0.162450E-01   0.280700E+02
    -301  -0.105350E+02  -0.301000E+00   0.165124E-01   0.577936E+00   0.164226E-01   0.280350E+02
    -300  -0.105000E+02  -0.300000E+00   0.166880E-01   0.584079E+00   0.165963E-01   0.280000E+02
    -299  -0.104650E+02  -0.299000E+00   0.168731E-01   0.590558E+00   0.167795E-01   0.279650E+02
    -298  -0.104300E+02  -0.298000E+00   0.170527E-01   0.596845E+00   0.169582E-01   0.279300E+02
    -297  -0.103950E+02  -0.297000E+00   0.172326E-01   0.603141E+00   0.171397E-01   0.278950E+02
    -296  -0.103600E+02  -0.296000E+00   0.174131E-01   0.609458E+00   0.173198E-01   0.278600E+02
    -295  -0.103250E+02  -0.295000E+00   0.175948E-01   0.615819E+00   0.175044E-01   0.278250E+02
    -294  -0.102900E+02  -0.294000E+00   0.177798E-01   0.622293E+00   0.176833E-01   0.277900E+02
    -293  -0.102550E+02  -0.293000E+00   0.179629E-01   0.628702E+00   0.178665E-01   0.277550E+02
    -292  -0.102200E+02  -0.292000E+00   0.181417E-01   0.634960E+00   0.180506E-01   0.277200E+02
    -291  -0.101850E+02  -0.291000E+00   0.183334E-01   0.641669E+00   0.182387E-01   0.276850E+02
    -290  -0.101500E+02  -0.290000E+00   0.185158E-01   0.648054E+00   0.184225E-01   0.276500E+02
    -289  -0.101150E+02  -0.289000E+00   0.187029E-01   0.654603E+00   0.186042E-01   0.276150E+02
    -288  -0.100800E+02  -0.288000E+00   0.188876E-01   0.661066E+00   0.187883E-01   0.275800E+02
    -287  -0.100450E+02  -0.287000E+00   0.190766E-01   0.667679E+00   0.189753E-01   0.275450E+02
    -286  -0.100100E+02  -0.286000E+00   0.192609E-01   0.674130E+00   0.191653E-01   0.275100E+02
    -285  -0.997500E+01  -0.285000E+00   0.194525E-01   0.680837E+00   0.193519E-01   0.274750E+02
    -284  -0.994000E+01  -0.284000E+00   0.196403E-01   0.687411E+00   0.195419E-01   0.274400E+02
    -283  -0.990500E+01  -0.283000E+00   0.198435E-01   0.694521E+00   0.197412E-01   0.274050E+02
    -282  -0.987000E+01  -0.282000E+00   0.200136E-01   0.700477E+00   0.199177E-01   0.273700E+02
    -281  -0.983500E+01  -0.281000E+00   0.202120E-01   0.707419E+00   0.201152E-01   0.273350E+02
    -280  -0.980000E+01  -0.280000E+00   0.204078E-01   0.714272E+00   0.203055E-01   0.273000E+02
    -279  -0.976500E+01  -0.279000E+00   0.205967E-01   0.720885E+00   0.204996E-01   0.272650E+02
    -278  -0.973000E+01  -0.278000E+00   0.207892E-01   0.727622E+00   0.206902E-01   0.272300E+02
    -277  -0.969500E+01  -0.277000E+00   0.209822E-01   0.734378E+00   0.208842E-01   0.271950E+02
    -276  -0.966000E+01  -0.276000E+00   0.211814E-01   0.741350E+00   0.210788E-01   0.271600E+02
    -275  -0.962500E+01  -0.275000E+00   0.213713E-01   0.747996E+00   0.212742E-01   0.271250E+02
    -274  -0.959000E+01  -0.274000E+00   0.215638E-01   0.754731E+00   0.214655E-01   0.270900E+02
    -273  -0.955500E+01  -0.273000E+00   0.217584E-01   0.761544E+00   0.216608E-01   0.270550E+02
    -272  -0.952000E+01  -0.272000E+00   0.219569E-01   0.768490E+00   0.218568E-01   0.270200E+02
    -271  -0.948500E+01  -0.271000E+00   0.221628E-01   0.775699E+00   0.220583E-01   0.269850E+02
    -270  -0.945000E+01  -0.270000E+00   0.223618E-01   0.782662E+00   0.222581E-01   0.269500E+02
    -269  -0.941500E+01  -0.269000E+00   0.225479E-01   0.789175E+00   0.224491E-01   0.269150E+02
    -268  -0.938000E+01  -0.268000E+00   0.227437E-01   0.796030E+00   0.226404E-01   0.268800E+02
    -267  -0.934500E+01  -0.267000E+00   0.229502E-01   0.803258E+00   0.228459E-01   0.268450E+02
    -266  -0.931000E+01  -0.266000E+00   0.231371E-01   0.809797E+00   0.230419E-01   0.268100E+02
    -265  -0.927500E+01  -0.265000E+00   0.233340E-01   0.816689E+00   0.232350E-01   0.267750E+02
    -264  -0.924000E+01  -0.264000E+00   0.235385E-01   0.823847E+00   0.234399E-01   0.267400E+02
    -263  -0.920500E+01  -0.263000E+00   0.237470E-01   0.831144E+00   0.236416E-01   0.267050E+02
    -262  -0.917000E+01  -0.262000E+00   0.239447E-01   0.838065E+00   0.238384E-01   0.266700E+02
    -261  -0.913500E+01  -0.261000E+00   0.241519E-01   0.845317E+00   0.240445E-01   0.266350E+02
    -260  -0.910000E+01  -0.260000E+00   0.243435E-01   0.852023E+00   0.242434E-01   0.266000E+02
    -259  -0.906500E+01  -0.259000E+00   0.245479E-01   0.859176E+00   0.244462E-01   0.265650E+02
    -258  -0.903000E+01  -0.258000E+00   0.247475E-01   0.866163E+00   0.246479E-01   0.265300E+02
    -257  -0.899500E+01  -0.257000E+00   0.249554E-01   0.873438E+00   0.248509E-01   0.264950E+02
    -256  -0.896000E+01  -0.256000E+00   0.251553E-01   0.880435E+00   0.250547E-01   0.264600E+02
    -255  -0.892500E+01  -0.255000E+00   0.253549E-01   0.887422E+00   0.252561E-01   0.264250E+02
    -254  -0.889000E+01  -0.254000E+00   0.255593E-01   0.894575E+00   0.254617E-01   0.263900E+02
    -253  -0.885500E+01  -0.253000E+00   0.257683E-01   0.901890E+00   0.256634E-01   0.263550E+02
    -252  -0.882000E+01  -0.252000E+00   0.259670E-01   0.908844E+00   0.258653E-01   0.263200E+02
    -251  -0.878500E+01  -0.251000E+00   0.261757E-01   0.916148E+00   0.260741E-01   0.262850E+02
    -250  -0.875000E+01  -0.250000E+00   0.263791E-01   0.923267E+00   0.262781E-01   0.262500E+02
    -249  -0.871500E+01  -0.249000E+00   0.265863E-01   0.930522E+00   0.264817E-01   0.262150E+02
    -248  -0.868000E+01  -0.248000E+00   0.267939E-01   0.937788E+00   0.266907E-01   0.261800E+02
    -247  -0.864500E+01  -0.247000E+00   0.269934E-01   0.944770E+00   0.268920E-01   0.261450E+02
    -246  -0.861000E+01  -0.246000E+00   0.272059E-01   0.952206E+00   0.271053E-01   0.261100E+02
    -245  -0.857500E+01  -0.245000E+00   0.274165E-01   0.959576E+00   0.273120E-01   0.260750E+02
    -244  -0.854000E+01  -0.244000E+00   0.276146E-01   0.966510E+00   0.275130E-01   0.260400E+02
    -243  -0.850500E+01  -0.243000E+00   0.278335E-01   0.974173E+00   0.277253E-01   0.260050E+02
    -242  -0.847000E+01  -0.242000E+00   0.280265E-01   0.980929E+00   0.279258E-01   0.259700E+02
    -241  -0.843500E+01  -0.241000E+00   0.282398E-01   0.988392E+00   0.281397E-01   0.259350E+02
    -240  -0.840000E+01  -0.240000E+00   0.284408E-01   0.995427E+00   0.283433E-01   0.259000E+02
    -239  -0.836500E+01  -0.239000E+00   0.286564E-01   0.100298E+01   0.285553E-01   0.258650E+02
    -238  -0.833000E+01  -0.238000E+00   0.288613E-01   0.101015E+01   0.287595E-01   0.258300E+02
    -237  -0.829500E+01  -0.237000E+00   0.290644E-01   0.101725E+01   0.289645E-01   0.257950E+02
    -236  -0.826000E+01  -0.236000E+00   0.292747E-01   0.102461E+01   0.291750E-01   0.257600E+02
    -235  -0.822500E+01  -0.235000E+00   0.294775E-01   0.103171E+01   0.293867E-01   0.257250E+02
    -234  -0.819000E+01  -0.234000E+00   0.296979E-01   0.103943E+01   0.295976E-01   0.256900E+02
    -233  -0.815500E+01  -0.233000E+00   0.299086E-01   0.104680E+01   0.298059E-01   0.256550E+02
    -232  -0.812000E+01  -0.232000E+00   0.301229E-01   0.105430E+01   0.300162E-01   0.256200E+02
    -231  -0.808500E+01  -0.231000E+00   0.303194E-01   0.106118E+01   0.302277E-01   0.255850E+02
    -230  -0.805000E+01  -0.230000E+00   0.305367E-01   0.106878E+01   0.304343E-01   0.255500E+02
    -229  -0.801500E+01  -0.229000E+00   0.307338E-01   0.107568E+01   0.306423E-01   0.255150E+02
    -228  -0.798000E+01  -0.228000E+00   0.309474E-01   0.108316E+01   0.308488E-01   0.254800E+02
    -227  -0.794500E+01  -0.227000E+00   0.311564E-01   0.109047E+01   0.310608E-01   0.254450E+02
    -226  -0.791000E+01  -0.226000E+00   0.313634E-01   0.109772E+01   0.312685E-01   0.254100E+02
    -225  -0.787500E+01  -0.225000E+00   0.315766E-01   0.110518E+01   0.314798E-01   0.253750E+02
    -224  -0.784000E+01  -0.224000E+00   0.317920E-01   0.111272E+01   0.316939E-01   0.253400E+02
    -223  -0.780500E+01  -0.223000E+00   0.320026E-01   0.112009E+01   0.319068E-01   0.253050E+02
    -222  -0.777000E+01  -0.222000E+00   0.322081E-01   0.112728E+01   0.321112E-01   0.252700E+02
    -221  -0.773500E+01  -0.221000E+00   0.324228E-01   0.113480E+01   0.323269E-01   0.252350E+02
    -220  -0.770000E+01  -0.220000E+00   0.326268E-01   0.114194E+01   0.325290E-01   0.252000E+02
    -219  -0.766500E+01  -0.219000E+00   0.328447E-01   0.114956E+01   0.327457E-01   0.251650E+02
    -218  -0.763000E+01  -0.218000E+00   0.330503E-01   0.115676E+01   0.329548E-01   0.251300E+02
    -217  -0.759500E+01  -0.217000E+00   0.332551E-01   0.116393E+01   0.331605E-01   0.250950E+02
    -216  -0.756000E+01  -0.216000E+00   0.334630E-01   0.117121E+01   0.333699E-01   0.250600E+02
    -215  -0.752500E+01  -0.215000E+00   0.336796E-01   0.117879E+01   0.335899E-01   0.250250E+02
    -214  -0.749000E+01  -0.214000E+00   0.338832E-01   0.118591E+01   0.337908E-01   0.249900E+02
    -213  -0.745500E+01  -0.213000E+00   0.340931E-01   0.119326E+01   0.339989E-01   0.249550E+02
    -212  -0.742000E+01  -0.212000E+00   0.343002E-01   0.120051E+01   0.342065E-01   0.249200E+02
    -211  -0.738500E+01  -0.211000E+00   0.345197E-01   0.120819E+01   0.344284E-01   0.248850E+02
    -210  -0.735000E+01  -0.210000E+00   0.347141E-01   0.121499E+01   0.346282E-01   0.248500E+02
    -209  -0.731500E+01  -0.209000E+00   0.349250E-01   0.122237E+01   0.348391E-01   0.248150E+02
    -208  -0.728000E+01  -0.208000E+00   0.351422E-01   0.122998E+01   0.350531E-01   0.247800E+02
    -207  -0.724500E+01  -0.207000E+00   0.353563E-01   0.123747E+01   0.352667E-01   0.247450E+02
    -206  -0.721000E+01  -0.206000E+00   0.355500E-01   0.124425E+01   0.354633E-01   0.247100E+02
    -205  -0.717500E+01  -0.205000E+00   0.357669E-01   0.125184E+01   0.356744E-01   0.246750E+02
    -204  -0.714000E+01  -0.204000E+00   0.359833E-01   0.125941E+01   0.358942E-01   0.246400E+02
    -203  -0.710500E+01  -0.203000E+00   0.361894E-01   0.126663E+01   0.360970E-01   0.246050E+02
    -202  -0.707000E+01  -0.202000E+00   0.363899E-01   0.127365E+01   0.363057E-01   0.245700E+02
    -201  -0.703500E+01  -0.201000E+00   0.365980E-01   0.128093E+01   0.365146E-01   0.245350E+02
    -200  -0.700000E+01  -0.200000E+00   0.368087E-01   0.128831E+01   0.367229E-01   0.245000E+02
    -199  -0.696500E+01  -0.199000E+00   0.370101E-01   0.129535E+01   0.369285E-01   0.244650E+02
    -198  -0.693000E+01  -0.198000E+00   0.372306E-01   0.130307E+01   0.371348E-01   0.244300E+02
    -197  -0.689500E+01  -0.197000E+00   0.374303E-01   0.131006E+01   0.373425E-01   0.243950E+02
    -196  -0.686000E+01  -0.196000E+00   0.376358E-01   0.131725E+01   0.375524E-01   0.243600E+02
    -195  -0.682500E+01  -0.195000E+00   0.378393E-01   0.132438E+01   0.377598E-01   0.243250E+02
    -194  -0.679000E+01  -0.194000E+00   0.380519E-01   0.133182E+01   0.379663E-01   0.242900E+02
    -193  -0.675500E+01  -0.193000E+00   0.382563E-01   0.133897E+01   0.381845E-01   0.242550E+02
    -192  -0.672000E+01  -0.192000E+00   0.384604E-01   0.134611E+01   0.383832E-01   0.242200E+02
    -191  -0.668500E+01  -0.191000E+00   0.386792E-01   0.135377E+01   0.385845E-01   0.241850E+02
    -190  -0.665000E+01  -0.190000E+00   0.388660E-01   0.136031E+01   0.387915E-01   0.241500E+02
    -189  -0.661500E+01  -0.189000E+00   0.390723E-01   0.136753E+01   0.389912E-01   0.241150E+02
    -188  -0.658000E+01  -0.188000E+00   0.392803E-01   0.137481E+01   0.392096E-01   0.240800E+02
    -187  -0.654500E+01  -0.187000E+00   0.394892E-01   0.138212E+01   0.394117E-01   0.240450E+02
    -186  -0.651000E+01  -0.186000E+00   0.396836E-01   0.138893E+01   0.396125E-01   0.240100E+02
    -185  -0.647500E+01  -0.185000E+00   0.399030E-01   0.139660E+01   0.398206E-01   0.239750E+02
    -184  -0.644000E+01  -0.184000E+00   0.401014E-01   0.140355E+01   0.400299E-01   0.239400E+02
    -183  -0.640500E+01  -0.183000E+00   0.403101E-01   0.141085E+01   0.402306E-01   0.239050E+02
    -182  -0.637000E+01  -0.182000E+00   0.405127E-01   0.141794E+01   0.404327E-01   0.238700E+02
    -181  -0.633500E+01  -0.181000E+00   0.407072E-01   0.142475E+01   0.406321E-01   0.238350E+02
    -180  -0.630000E+01  -0.180000E+00   0.409070E-01   0.143175E+01   0.408342E-01   0.238000E+02
    -179  -0.626500E+01  -0.179000E+00   0.411111E-01   0.143889E+01   0.410338E-01   0.237650E+02
    -178  -0.623000E+01  -0.178000E+00   0.413062E-01   0.144572E+01   0.412392E-01   0.237300E+02
    -177  -0.619500E+01  -0.177000E+00   0.415031E-01   0.145261E+01   0.414383E-01   0.236950E+02
    -176  -0.616000E+01  -0.176000E+00   0.417080E-01   0.145978E+01   0.416378E-01   0.236600E+02
    -175  -0.612500E+01  -0.175000E+00   0.419085E-01   0.146680E+01   0.418475E-01   0.236250E+02
    -174  -0.609000E+01  -0.174000E+00   0.421163E-01   0.147407E+01   0.420423E-01   0.235900E+02
    -173  -0.605500E+01  -0.173000E+00   0.423089E-01   0.148081E+01   0.422448E-01   0.235550E+02
    -172  -0.602000E+01  -0.172000E+00   0.425024E-01   0.148758E+01   0.424346E-01   0.235200E+02
    -171  -0.598500E+01  -0.171000E+00   0.427146E-01   0.149501E+01   0.426493E-01   0.234850E+02
    -170  -0.595000E+01  -0.170000E+00   0.428914E-01   0.150120E+01   0.428301E-01   0.234500E+02
    -169  -0.591500E+01  -0.169000E+00   0.430941E-01   0.150829E+01   0.430301E-01   0.234150E+02
    -168  -0.588000E+01  -0.168000E+00   0.432989E-01   0.151546E+01   0.432272E-01   0.233800E+02
    -167  -0.584500E+01  -0.167000E+00   0.434854E-01   0.152199E+01   0.434217E-01   0.233450E+02
    -166  -0.581000E+01  -0.166000E+00   0.436881E-01   0.152908E+01   0.436233E-01   0.233100E+02
    -165  -0.577500E+01  -0.165000E+00   0.438765E-01   0.153568E+01   0.438172E-01   0.232750E+02
    -164  -0.574000E+01  -0.164000E+00   0.440699E-01   0.154245E+01   0.440106E-01   0.232400E+02
    -163  -0.570500E+01  -0.163000E+00   0.442635E-01   0.154922E+01   0.442103E-01   0.232050E+02
    -162  -0.567000E+01  -0.162000E+00   0.444529E-01   0.155585E+01   0.443997E-01   0.231700E+02
    -161  -0.563500E+01  -0.161000E+00   0.446456E-01   0.156259E+01   0.445934E-01   0.231350E+02
    -160  -0.560000E+01  -0.160000E+00   0.448439E-01   0.156954E+01   0.447849E-01   0.231000E+02
    -159  -0.556500E+01  -0.159000E+00   0.450307E-01   0.157607E+01   0.449743E-01   0.230650E+02
    -158  -0.553000E+01  -0.158000E+00   0.452239E-01   0.158284E+01   0.451696E-01   0.230300E+02
    -157  -0.549500E+01  -0.157000E+00   0.454148E-01   0.158952E+01   0.453613E-01   0.229950E+02
    -156  -0.546000E+01  -0.156000E+00   0.455909E-01   0.159568E+01   0.455468E-01   0.229600E+02
    -155  -0.542500E+01  -0.155000E+00   0.458004E-01   0.160301E+01   0.457416E-01   0.229250E+02
    -154  -0.539000E+01  -0.154000E+00   0.459765E-01   0.160918E+01   0.459273E-01   0.228900E+02
    -153  -0.535500E+01  -0.153000E+00   0.461474E-01   0.161516E+01   0.461083E-01   0.228550E+02
    -152  -0.532000E+01  -0.152000E+00   0.463588E-01   0.162256E+01   0.463059E-01   0.228200E+02
    -151  -0.528500E+01  -0.151000E+00   0.465288E-01   0.162851E+01   0.464831E-01   0.227850E+02
    -150  -0.525000E+01  -0.150000E+00   0.467298E-01   0.163554E+01   0.466806E-01   0.227500E+02
    -149  -0.521500E+01  -0.149000E+00   0.469135E-01   0.164197E+01   0.468635E-01   0.227150E+02
    -148  -0.518000E+01  -0.148000E+00   0.470858E-01   0.164800E+01   0.470464E-01   0.226800E+02
    -147  -0.514500E+01  -0.147000E+00   0.472765E-01   0.165468E+01   0.472380E-01   0.226450E+02
    -146  -0.511000E+01  -0.146000E+00   0.474578E-01   0.166102E+01   0.474145E-01   0.226100E+02
    -145  -0.507500E+01  -0.145000E+00   0.476425E-01   0.166749E+01   0.475968E-01   0.225750E+02
    -144  -0.504000E+01  -0.144000E+00   0.478127E-01   0.167344E+01   0.477746E-01   0.225400E+02
    -143  -0.500500E+01  -0.143000E+00   0.479954E-01   0.167984E+01   0.479603E-01   0.225050E+02
    -142  -0.497000E+01  -0.142000E+00   0.481785E-01   0.168625E+01   0.481380E-01   0.224700E+02
    -141  -0.493500E+01  -0.141000E+00   0.483554E-01   0.169244E+01   0.483167E-01   0.224350E+02
    -140  -0.490000E+01  -0.140000E+00   0.485289E-01   0.169851E+01   0.484991E-01   0.224000E+02
    -139  -0.486500E+01  -0.139000E+00   0.487075E-01   0.170476E+01   0.486673E-01   0.223650E+02
    -138  -0.483000E+01  -0.138000E+00   0.488830E-01   0.171090E+01   0.488514E-01   0.223300E+02
    -137  -0.479500E+01  -0.137000E+00   0.490526E-01   0.171684E+01   0.490227E-01   0.222950E+02
    -136  -0.476000E+01  -0.136000E+00   0.492384E-01   0.172334E+01   0.492073E-01   0.222600E+02
    -135  -0.472500E+01  -0.135000E+00   0.494057E-01   0.172920E+01   0.493788E-01   0.222250E+02
    -134  -0.469000E+01  -0.134000E+00   0.495793E-01   0.173528E+01   0.495484E-01   0.221900E+02
    -133  -0.465500E+01  -0.133000E+00   0.497512E-01   0.174129E+01   0.497251E-01   0.221550E+02
    -132  -0.462000E+01  -0.132000E+00   0.499250E-01   0.174737E+01   0.499025E-01   0.221200E+02
    -131  -0.458500E+01  -0.131000E+00   0.500875E-01   0.175306E+01   0.500642E-01   0.220850E+02
    -130  -0.455000E+01  -0.130000E+00   0.502571E-01   0.175900E+01   0.502308E-01   0.220500E+02
    -129  -0.451500E+01  -0.129000E+00   0.504236E-01   0.176483E+01   0.503979E-01   0.220150E+02
    -128  -0.448000E+01  -0.128000E+00   0.506019E-01   0.177107E+01   0.505798E-01   0.219800E+02
    -127  -0.444500E+01  -0.127000E+00   0.507693E-01   0.177693E+01   0.507407E-01   0.219450E+02
    -126  -0.441000E+01  -0.126000E+00   0.509391E-01   0.178287E+01   0.509123E-01   0.219100E+02
    -125  -0.437500E+01  -0.125000E+00   0.510982E-01   0.178844E+01   0.510810E-01   0.218750E+02
    -124  -0.434000E+01  -0.124000E+00   0.512702E-01   0.179446E+01   0.512527E-01   0.218400E+02
    -123  -0.430500E+01  -0.123000E+00   0.514436E-01   0.180053E+01   0.514160E-01   0.218050E+02
    -122  -0.427000E+01  -0.122000E+00   0.515855E-01   0.180549E+01   0.515686E-01   0.217700E+02
    -121  -0.423500E+01  -0.121000E+00   0.517437E-01   0.181103E+01   0.517195E-01   0.217350E+02
    -120  -0.420000E+01  -0.120000E+00   0.519095E-01   0.181683E+01   0.518915E-01   0.217000E+02
    -119  -0.416500E+01  -0.119000E+00   0.520678E-01   0.182237E+01   0.520516E-01   0.216650E+02
    -118  -0.413000E+01  -0.118000E+00   0.522104E-01   0.182736E+01   0.521962E-01   0.216300E+02
    -117  -0.409500E+01  -0.117000E+00   0.523847E-01   0.183346E+01   0.523700E-01   0.215950E+02
    -116  -0.406000E+01  -0.116000E+00   0.525365E-01   0.183878E+01   0.525249E-01   0.215600E+02
    -115  -0.402500E+01  -0.115000E+00   0.526883E-01   0.184409E+01   0.526797E-01   0.215250E+02
    -114  -0.399000E+01  -0.114000E+00   0.528484E-01   0.184969E+01   0.528348E-01   0.214900E+02
    -113  -0.395500E+01  -0.113000E+00   0.529998E-01   0.185499E+01   0.529854E-01   0.214550E+02
    -112  -0.392000E+01  -0.112000E+00   0.531542E-01   0.186040E+01   0.531398E-01   0.214200E+02
    -111  -0.388500E+01  -0.111000E+00   0.532898E-01   0.186514E+01   0.532861E-01   0.213850E+02
    -110  -0.385000E+01  -0.110000E+00   0.534628E-01   0.187120E+01   0.534520E-01   0.213500E+02
    -109  -0.381500E+01  -0.109000E+00   0.536037E-01   0.187613E+01   0.535958E-01   0.213150E+02
    -108  -0.378000E+01  -0.108000E+00   0.537452E-01   0.188108E+01   0.537451E-01   0.212800E+02
    -107  -0.374500E+01  -0.107000E+00   0.538907E-01   0.188617E+01   0.538924E-01   0.212450E+02
    -106  -0.371000E+01  -0.106000E+00   0.540422E-01   0.189148E+01   0.540303E-01   0.212100E+02
    -105  -0.367500E+01  -0.105000E+00   0.541923E-01   0.189673E+01   0.541873E-01   0.211750E+02
    -104  -0.364000E+01  -0.104000E+00   0.543266E-01   0.190143E+01   0.543309E-01   0.211400E+02
    -103  -0.360500E+01  -0.103000E+00   0.544630E-01   0.190621E+01   0.544664E-01   0.211050E+02
    -102  -0.357000E+01  -0.102000E+00   0.546005E-01   0.191102E+01   0.546037E-01   0.210700E+02
    -101  -0.353500E+01  -0.101000E+00   0.547468E-01   0.191614E+01   0.547492E-01   0.210350E+02
    -100  -0.350000E+01  -0.100000E+00   0.548879E-01   0.192108E+01   0.548921E-01   0.210000E+02
     -99  -0.346500E+01  -0.990000E-01   0.550365E-01   0.192628E+01   0.550292E-01   0.209650E+02
     -98  -0.343000E+01  -0.980000E-01   0.551484E-01   0.193019E+01   0.551583E-01   0.209300E+02
     -97  -0.339500E+01  -0.970000E-01   0.552990E-01   0.193547E+01   0.552967E-01   0.208950E+02
     -96  -0.336000E+01  -0.960000E-01   0.554283E-01   0.193999E+01   0.554437E-01   0.208600E+02
     -95  -0.332500E+01  -0.950000E-01   0.555849E-01   0.194547E+01   0.555813E-01   0.208250E+02
     -94  -0.329000E+01  -0.940000E-01   0.557042E-01   0.194965E+01   0.557129E-01   0.207900E+02
     -93  -0.325500E+01  -0.930000E-01   0.558251E-01   0.195388E+01   0.558358E-01   0.207550E+02
     -92  -0.322000E+01  -0.920000E-01   0.559615E-01   0.195865E+01   0.559740E-01   0.207200E+02
     -91  -0.318500E+01  -0.910000E-01   0.560947E-01   0.196332E+01   0.561028E-01   0.206850E+02
     -90  -0.315000E+01  -0.900000E-01   0.562245E-01   0.196786E+01   0.562436E-01   0.206500E+02
     -89  -0.311500E+01  -0.890000E-01   0.563347E-01   0.197172E+01   0.563513E-01   0.206150E+02
     -88  -0.308000E+01  -0.880000E-01   0.564803E-01   0.197681E+01   0.564888E-01   0.205800E+02
     -87  -0.304500E+01  -0.870000E-01   0.565910E-01   0.198068E+01   0.566056E-01   0.205450E+02
     -86  -0.301000E+01  -0.860000E-01   0.567183E-01   0.198514E+01   0.567348E-01   0.205100E+02
     -85  -0.297500E+01  -0.850000E-01   0.568331E-01   0.198916E+01   0.568527E-01   0.204750E+02
     -84  -0.294000E+01  -0.840000E-01   0.569556E-01   0.199345E+01   0.569696E-01   0.204400E+02
     -83  -0.290500E+01  -0.830000E-01   0.570828E-01   0.199790E+01   0.570925E-01   0.204050E+02
     -82  -0.287000E+01  -0.820000E-01   0.572014E-01   0.200205E+01   0.572116E-01   0.203700E+02
     -81  -0.283500E+01  -0.810000E-01   0.573091E-01   0.200582E+01   0.573272E-01   0.203350E+02
     -80  -0.280000E+01  -0.800000E-01   0.574225E-01   0.200979E+01   0.574445E-01   0.203000E+02
     -79  -0.276500E+01  -0.790000E-01   0.575502E-01   0.201426E+01   0.575688E-01   0.202650E+02
     -78  -0.273000E+01  -0.780000E-01   0.576674E-01   0.201836E+01   0.576764E-01   0.202300E+02
     -77  -0.269500E+01  -0.770000E-01   0.577697E-01   0.202194E+01   0.577837E-01   0.201950E+02
     -76  -0.266000E+01  -0.760000E-01   0.578723E-01   0.202553E+01   0.578905E-01   0.201600E+02
     -75  -0.262500E+01  -0.750000E-01   0.579969E-01   0.202989E+01   0.580121E-01   0.201250E+02
     -74  -0.259000E+01  -0.740000E-01   0.580975E-01   0.203341E+01   0.581185E-01   0.200900E+02
     -73  -0.255500E+01  -0.730000E-01   0.582004E-01   0.203701E+01   0.582208E-01   0.200550E+02
     -72  -0.252000E+01  -0.720000E-01   0.582970E-01   0.204040E+01   0.583232E-01   0.200200E+02
     -71  -0.248500E+01  -0.710000E-01   0.584141E-01   0.204450E+01   0.584325E-01   0.199850E+02
     -70  -0.245000E+01  -0.700000E-01   0.585081E-01   0.204778E+01   0.585312E-01   0.199500E+02
     -69  -0.241500E+01  -0.690000E-01   0.586182E-01   0.205164E+01   0.586325E-01   0.199150E+02
     -68  -0.238000E+01  -0.680000E-01   0.587065E-01   0.205473E+01   0.587370E-01   0.198800E+02
     -67  -0.234500E+01  -0.670000E-01   0.588033E-01   0.205811E+01   0.588230E-01   0.198450E+02
     -66  -0.231000E+01  -0.660000E-01   0.589112E-01   0.206189E+01   0.589362E-01   0.198100E+02
     -65  -0.227500E+01  -0.650000E-01   0.589952E-01   0.206483E+01   0.590200E-01   0.197750E+02
     -64  -0.224000E+01  -0.640000E-01   0.590955E-01   0.206834E+01   0.591235E-01   0.197400E+02
     -63  -0.220500E+01  -0.630000E-01   0.591842E-01   0.207145E+01   0.592155E-01   0.197050E+02
     -62  -0.217000E+01  -0.620000E-01   0.592905E-01   0.207517E+01   0.593096E-01   0.196700E+02
     -61  -0.213500E+01  -0.610000E-01   0.593807E-01   0.207833E+01   0.593998E-01   0.196350E+02
     -60  -0.210000E+01  -0.600000E-01   0.594585E-01   0.208105E+01   0.594858E-01   0.196000E+02
     -59  -0.206500E+01  -0.590000E-01   0.595523E-01   0.208433E+01   0.595723E-01   0.195650E+02
     -58  -0.203000E+01  -0.580000E-01   0.596476E-01   0.208767E+01   0.596661E-01   0.195300E+02
     -57  -0.199500E+01  -0.570000E-01   0.597279E-01   0.209048E+01   0.597479E-01   0.194950E+02
     -56  -0.196000E+01  -0.560000E-01   0.598324E-01   0.209413E+01   0.598470E-01   0.194600E+02
     -55  -0.192500E+01  -0.550000E-01   0.598860E-01   0.209601E+01   0.599124E-01   0.194250E+02
     -54  -0.189000E+01  -0.540000E-01   0.599783E-01   0.209924E+01   0.600049E-01   0.193900E+02
     -53  -0.185500E+01  -0.530000E-01   0.600598E-01   0.210209E+01   0.600794E-01   0.193550E+02
     -52  -0.182000E+01  -0.520000E-01   0.601319E-01   0.210462E+01   0.601502E-01   0.193200E+02
     -51  -0.178500E+01  -0.510000E-01   0.602052E-01   0.210718E+01   0.602252E-01   0.192850E+02
     -50  -0.175000E+01  -0.500000E-01   0.603134E-01   0.211097E+01   0.603137E-01   0.192500E+02
     -49  -0.171500E+01  -0.490000E-01   0.603678E-01   0.211287E+01   0.603902E-01   0.192150E+02
     -48  -0.168000E+01  -0.480000E-01   0.604372E-01   0.211530E+01   0.604488E-01   0.191800E+02
     -47  -0.164500E+01  -0.470000E-01   0.605120E-01   0.211792E+01   0.605316E-01   0.191450E+02
     -46  -0.161000E+01  -0.460000E-01   0.605937E-01   0.212078E+01   0.606069E-01   0.191100E+02
     -45  -0.157500E+01  -0.450000E-01   0.606435E-01   0.212252E+01   0.606648E-01   0.190750E+02
     -44  -0.154000E+01  -0.440000E-01   0.607176E-01   0.212512E+01   0.607365E-01   0.190400E+02
     -43  -0.150500E+01  -0.430000E-01   0.607864E-01   0.212752E+01   0.607964E-01   0.190050E+02
     -42  -0.147000E+01  -0.420000E-01   0.608402E-01   0.212941E+01   0.608582E-01   0.189700E+02
     -41  -0.143500E+01  -0.410000E-01   0.609066E-01   0.213173E+01   0.609247E-01   0.189350E+02
     -40  -0.140000E+01  -0.400000E-01   0.609690E-01   0.213392E+01   0.609777E-01   0.189000E+02
     -39  -0.136500E+01  -0.390000E-01   0.610303E-01   0.213606E+01   0.610489E-01   0.188650E+02
     -38  -0.133000E+01  -0.380000E-01   0.610845E-01   0.213796E+01   0.610982E-01   0.188300E+02
     -37  -0.129500E+01  -0.370000E-01   0.611487E-01   0.214020E+01   0.611603E-01   0.187950E+02
     -36  -0.126000E+01  -0.360000E-01   0.611984E-01   0.214194E+01   0.612174E-01   0.187600E+02
     -35  -0.122500E+01  -0.350000E-01   0.612461E-01   0.214361E+01   0.612710E-01   0.187250E+02
     -34  -0.119000E+01  -0.340000E-01   0.613103E-01   0.214586E+01   0.613239E-01   0.186900E+02
     -33  -0.115500E+01  -0.330000E-01   0.613435E-01   0.214702E+01   0.613703E-01   0.186550E+02
     -32  -0.112000E+01  -0.320000E-01   0.613972E-01   0.214890E+01   0.614106E-01   0.186200E+02
     -31  -0.108500E+01  -0.310000E-01   0.614543E-01   0.215090E+01   0.614629E-01   0.185850E+02
     -30  -0.105000E+01  -0.300000E-01   0.614983E-01   0.215244E+01   0.615143E-01   0.185500E+02
     -29  -0.101500E+01  -0.290000E-01   0.615456E-01   0.215410E+01   0.615572E-01   0.185150E+02
     -28  -0.980000E+00  -0.280000E-01   0.615939E-01   0.215579E+01   0.616062E-01   0.184800E+02
     -27  -0.945000E+00  -0.270000E-01   0.616344E-01   0.215720E+01   0.616418E-01   0.184450E+02
     -26  -0.910000E+00  -0.260000E-01   0.616686E-01   0.215840E+01   0.616843E-01   0.184100E+02
     -25  -0.875000E+00  -0.250000E-01   0.617121E-01   0.215992E+01   0.617259E-01   0.183750E+02
     -24  -0.840000E+00  -0.240000E-01   0.617324E-01   0.216063E+01   0.617508E-01   0.183400E+02
     -23  -0.805000E+00  -0.230000E-01   0.617989E-01   0.216296E+01   0.617999E-01   0.183050E+02
     -22  -0.770000E+00  -0.220000E-01   0.618154E-01   0.216354E+01   0.618328E-01   0.182700E+02
     -21  -0.735000E+00  -0.210000E-01   0.618482E-01   0.216469E+01   0.618667E-01   0.182350E+02
     -20  -0.700000E+00  -0.200000E-01   0.618957E-01   0.216635E+01   0.619030E-01   0.182000E+02
     -19  -0.665000E+00  -0.190000E-01   0.619123E-01   0.216693E+01   0.619193E-01   0.181650E+02
     -18  -0.630000E+00  -0.180000E-01   0.619376E-01   0.216782E+01   0.619480E-01   0.181300E+02
     -17  -0.595000E+00  -0.170000E-01   0.619843E-01   0.216945E+01   0.619855E-01   0.180950E+02
     -16  -0.560000E+00  -0.160000E-01   0.619857E-01   0.216950E+01   0.619964E-01   0.180600E+02
     -15  -0.525000E+00  -0.150000E-01   0.620149E-01   0.217052E+01   0.620242E-01   0.180250E+02
     -14  -0.490000E+00  -0.140000E-01   0.620476E-01   0.217167E+01   0.620537E-01   0.179900E+02
     -13  -0.455000E+00  -0.130000E-01   0.620635E-01   0.217222E+01   0.620716E-01   0.179550E+02
     -12  -0.420000E+00  -0.120000E-01   0.620723E-01   0.217253E+01   0.620848E-01   0.179200E+02
     -11  -0.385000E+00  -0.110000E-01   0.621057E-01   0.217370E+01   0.621049E-01   0.178850E+02
     -10  -0.350000E+00  -0.100000E-01   0.621179E-01   0.217413E+01   0.621200E-01   0.178500E+02
      -9  -0.315000E+00  -0.900000E-02   0.621266E-01   0.217443E+01   0.621324E-01   0.178150E+02
      -8  -0.280000E+00  -0.800000E-02   0.621438E-01   0.217503E+01   0.621477E-01   0.177800E+02
      -7  -0.245000E+00  -0.700000E-02   0.621488E-01   0.217521E+01   0.621461E-01   0.177450E+02
      -6  -0.210000E+00  -0.600000E-02   0.621728E-01   0.217605E+01   0.621714E-01   0.177100E+02
      -5  -0.175000E+00  -0.500000E-02   0.621766E-01   0.217618E+01   0.621750E-01   0.176750E+02
      -4  -0.140000E+00  -0.400000E-02   0.621807E-01   0.217633E+01   0.621783E-01   0.176400E+02
      -3  -0.105000E+00  -0.300000E-02   0.621908E-01   0.217668E+01   0.621897E-01   0.176050E+02
      -2  -0.700000E-01  -0.200000E-02   0.621848E-01   0.217647E+01   0.621918E-01   0.175700E+02
      -1  -0.350000E-01  -0.100000E-02   0.622043E-01   0.217715E+01   0.622055E-01   0.175350E+02
       0   0.000000E+00   0.000000E+00   0.621884E-01   0.217659E+01   0.621884E-01   0.175000E+02
       1   0.350000E-01   0.100000E-02   0.622067E-01   0.217723E+01   0.622055E-01   0.174650E+02
       2   0.700000E-01   0.200000E-02   0.621988E-01   0.217696E+01   0.621918E-01   0.174300E+02
       3   0.105000E+00   0.300000E-02   0.621886E-01   0.217660E+01   0.621897E-01   0.173950E+02
       4   0.140000E+00   0.400000E-02   0.621759E-01   0.217616E+01   0.621783E-01   0.173600E+02
       5   0.175000E+00   0.500000E-02   0.621733E-01   0.217607E+01   0.621750E-01   0.173250E+02
       6   0.210000E+00   0.600000E-02   0.621700E-01   0.217595E+01   0.621714E-01   0.172900E+02
       7   0.245000E+00   0.700000E-02   0.621434E-01   0.217502E+01   0.621461E-01   0.172550E+02
       8   0.280000E+00   0.800000E-02   0.621516E-01   0.217531E+01   0.621477E-01   0.172200E+02
       9   0.315000E+00   0.900000E-02   0.621382E-01   0.217484E+01   0.621324E-01   0.171850E+02
      10   0.350000E+00   0.100000E-01   0.621222E-01   0.217428E+01   0.621200E-01   0.171500E+02
      11   0.385000E+00   0.110000E-01   0.621042E-01   0.217365E+01   0.621049E-01   0.171150E+02
      12   0.420000E+00   0.120000E-01   0.620973E-01   0.217340E+01   0.620848E-01   0.170800E+02
      13   0.455000E+00   0.130000E-01   0.620797E-01   0.217279E+01   0.620716E-01   0.170450E+02
      14   0.490000E+00   0.140000E-01   0.620598E-01   0.217209E+01   0.620537E-01   0.170100E+02
      15   0.525000E+00   0.150000E-01   0.620336E-01   0.217118E+01   0.620242E-01   0.169750E+02
      16   0.560000E+00   0.160000E-01   0.620071E-01   0.217025E+01   0.619964E-01   0.169400E+02
      17   0.595000E+00   0.170000E-01   0.619866E-01   0.216953E+01   0.619855E-01   0.169050E+02
      18   0.630000E+00   0.180000E-01   0.619584E-01   0.216854E+01   0.619480E-01   0.168700E+02
      19   0.665000E+00   0.190000E-01   0.619263E-01   0.216742E+01   0.619193E-01   0.168350E+02
      20   0.700000E+00   0.200000E-01   0.619103E-01   0.216686E+01   0.619030E-01   0.168000E+02
      21   0.735000E+00   0.210000E-01   0.618851E-01   0.216598E+01   0.618667E-01   0.167650E+02
      22   0.770000E+00   0.220000E-01   0.618502E-01   0.216476E+01   0.618328E-01   0.167300E+02
      23   0.805000E+00   0.230000E-01   0.618008E-01   0.216303E+01   0.617999E-01   0.166950E+02
      24   0.840000E+00   0.240000E-01   0.617693E-01   0.216192E+01   0.617508E-01   0.166600E+02
      25   0.875000E+00   0.250000E-01   0.617397E-01   0.216089E+01   0.617259E-01   0.166250E+02
      26   0.910000E+00   0.260000E-01   0.616999E-01   0.215950E+01   0.616843E-01   0.165900E+02
      27   0.945000E+00   0.270000E-01   0.616493E-01   0.215773E+01   0.616418E-01   0.165550E+02
      28   0.980000E+00   0.280000E-01   0.616186E-01   0.215665E+01   0.616062E-01   0.165200E+02
      29   0.101500E+01   0.290000E-01   0.615688E-01   0.215491E+01   0.615572E-01   0.164850E+02
      30   0.105000E+01   0.300000E-01   0.615302E-01   0.215356E+01   0.615143E-01   0.164500E+02
      31   0.108500E+01   0.310000E-01   0.614715E-01   0.215150E+01   0.614629E-01   0.164150E+02
      32   0.112000E+01   0.320000E-01   0.614240E-01   0.214984E+01   0.614106E-01   0.163800E+02
      33   0.115500E+01   0.330000E-01   0.613972E-01   0.214890E+01   0.613703E-01   0.163450E+02
      34   0.119000E+01   0.340000E-01   0.613375E-01   0.214681E+01   0.613239E-01   0.163100E+02
      35   0.122500E+01   0.350000E-01   0.612959E-01   0.214536E+01   0.612710E-01   0.162750E+02
      36   0.126000E+01   0.360000E-01   0.612364E-01   0.214328E+01   0.612174E-01   0.162400E+02
      37   0.129500E+01   0.370000E-01   0.611718E-01   0.214101E+01   0.611603E-01   0.162050E+02
      38   0.133000E+01   0.380000E-01   0.611120E-01   0.213892E+01   0.610982E-01   0.161700E+02
      39   0.136500E+01   0.390000E-01   0.610674E-01   0.213736E+01   0.610489E-01   0.161350E+02
      40   0.140000E+01   0.400000E-01   0.609863E-01   0.213452E+01   0.609777E-01   0.161000E+02
      41   0.143500E+01   0.410000E-01   0.609428E-01   0.213300E+01   0.609247E-01   0.160650E+02
      42   0.147000E+01   0.420000E-01   0.608762E-01   0.213067E+01   0.608582E-01   0.160300E+02
      43   0.150500E+01   0.430000E-01   0.608065E-01   0.212823E+01   0.607964E-01   0.159950E+02
      44   0.154000E+01   0.440000E-01   0.607554E-01   0.212644E+01   0.607365E-01   0.159600E+02
      45   0.157500E+01   0.450000E-01   0.606861E-01   0.212401E+01   0.606648E-01   0.159250E+02
      46   0.161000E+01   0.460000E-01   0.606201E-01   0.212170E+01   0.606069E-01   0.158900E+02
      47   0.164500E+01   0.470000E-01   0.605511E-01   0.211929E+01   0.605316E-01   0.158550E+02
      48   0.168000E+01   0.480000E-01   0.604605E-01   0.211612E+01   0.604488E-01   0.158200E+02
      49   0.171500E+01   0.490000E-01   0.604126E-01   0.211444E+01   0.603902E-01   0.157850E+02
      50   0.175000E+01   0.500000E-01   0.603141E-01   0.211099E+01   0.603137E-01   0.157500E+02
      51   0.178500E+01   0.510000E-01   0.602452E-01   0.210858E+01   0.602252E-01   0.157150E+02
      52   0.182000E+01   0.520000E-01   0.601684E-01   0.210590E+01   0.601502E-01   0.156800E+02
      53   0.185500E+01   0.530000E-01   0.600990E-01   0.210347E+01   0.600794E-01   0.156450E+02
      54   0.189000E+01   0.540000E-01   0.600315E-01   0.210110E+01   0.600049E-01   0.156100E+02
      55   0.192500E+01   0.550000E-01   0.599389E-01   0.209786E+01   0.599124E-01   0.155750E+02
      56   0.196000E+01   0.560000E-01   0.598616E-01   0.209516E+01   0.598470E-01   0.155400E+02
      57   0.199500E+01   0.570000E-01   0.597679E-01   0.209188E+01   0.597479E-01   0.155050E+02
      58   0.203000E+01   0.580000E-01   0.596846E-01   0.208896E+01   0.596661E-01   0.154700E+02
      59   0.206500E+01   0.590000E-01   0.595923E-01   0.208573E+01   0.595723E-01   0.154350E+02
      60   0.210000E+01   0.600000E-01   0.595132E-01   0.208296E+01   0.594858E-01   0.154000E+02
      61   0.213500E+01   0.610000E-01   0.594189E-01   0.207966E+01   0.593998E-01   0.153650E+02
      62   0.217000E+01   0.620000E-01   0.593287E-01   0.207651E+01   0.593096E-01   0.153300E+02
      63   0.220500E+01   0.630000E-01   0.592468E-01   0.207364E+01   0.592155E-01   0.152950E+02
      64   0.224000E+01   0.640000E-01   0.591516E-01   0.207031E+01   0.591235E-01   0.152600E+02
      65   0.227500E+01   0.650000E-01   0.590448E-01   0.206657E+01   0.590200E-01   0.152250E+02
      66   0.231000E+01   0.660000E-01   0.589611E-01   0.206364E+01   0.589362E-01   0.151900E+02
      67   0.234500E+01   0.670000E-01   0.588428E-01   0.205950E+01   0.588230E-01   0.151550E+02
      68   0.238000E+01   0.680000E-01   0.587674E-01   0.205686E+01   0.587370E-01   0.151200E+02
      69   0.241500E+01   0.690000E-01   0.586469E-01   0.205264E+01   0.586325E-01   0.150850E+02
      70   0.245000E+01   0.700000E-01   0.585542E-01   0.204940E+01   0.585312E-01   0.150500E+02
      71   0.248500E+01   0.710000E-01   0.584508E-01   0.204578E+01   0.584325E-01   0.150150E+02
      72   0.252000E+01   0.720000E-01   0.583495E-01   0.204223E+01   0.583232E-01   0.149800E+02
      73   0.255500E+01   0.730000E-01   0.582413E-01   0.203844E+01   0.582208E-01   0.149450E+02
      74   0.259000E+01   0.740000E-01   0.581395E-01   0.203488E+01   0.581185E-01   0.149100E+02
      75   0.262500E+01   0.750000E-01   0.580274E-01   0.203096E+01   0.580121E-01   0.148750E+02
      76   0.266000E+01   0.760000E-01   0.579086E-01   0.202680E+01   0.578905E-01   0.148400E+02
      77   0.269500E+01   0.770000E-01   0.577977E-01   0.202292E+01   0.577837E-01   0.148050E+02
      78   0.273000E+01   0.780000E-01   0.576854E-01   0.201899E+01   0.576764E-01   0.147700E+02
      79   0.276500E+01   0.790000E-01   0.575875E-01   0.201556E+01   0.575688E-01   0.147350E+02
      80   0.280000E+01   0.800000E-01   0.574666E-01   0.201133E+01   0.574445E-01   0.147000E+02
      81   0.283500E+01   0.810000E-01   0.573452E-01   0.200708E+01   0.573272E-01   0.146650E+02
      82   0.287000E+01   0.820000E-01   0.572219E-01   0.200277E+01   0.572116E-01   0.146300E+02
      83   0.290500E+01   0.830000E-01   0.571022E-01   0.199858E+01   0.570925E-01   0.145950E+02
      84   0.294000E+01   0.840000E-01   0.569837E-01   0.199443E+01   0.569696E-01   0.145600E+02
      85   0.297500E+01   0.850000E-01   0.568722E-01   0.199053E+01   0.568527E-01   0.145250E+02
      86   0.301000E+01   0.860000E-01   0.567513E-01   0.198630E+01   0.567348E-01   0.144900E+02
      87   0.304500E+01   0.870000E-01   0.566201E-01   0.198170E+01   0.566056E-01   0.144550E+02
      88   0.308000E+01   0.880000E-01   0.564974E-01   0.197741E+01   0.564888E-01   0.144200E+02
      89   0.311500E+01   0.890000E-01   0.563679E-01   0.197288E+01   0.563513E-01   0.143850E+02
      90   0.315000E+01   0.900000E-01   0.562627E-01   0.196919E+01   0.562436E-01   0.143500E+02
      91   0.318500E+01   0.910000E-01   0.561108E-01   0.196388E+01   0.561028E-01   0.143150E+02
      92   0.322000E+01   0.920000E-01   0.559865E-01   0.195953E+01   0.559740E-01   0.142800E+02
      93   0.325500E+01   0.930000E-01   0.558464E-01   0.195462E+01   0.558358E-01   0.142450E+02
      94   0.329000E+01   0.940000E-01   0.557217E-01   0.195026E+01   0.557129E-01   0.142100E+02
      95   0.332500E+01   0.950000E-01   0.555777E-01   0.194522E+01   0.555813E-01   0.141750E+02
      96   0.336000E+01   0.960000E-01   0.554591E-01   0.194107E+01   0.554437E-01   0.141400E+02
      97   0.339500E+01   0.970000E-01   0.552943E-01   0.193530E+01   0.552967E-01   0.141050E+02
      98   0.343000E+01   0.980000E-01   0.551682E-01   0.193089E+01   0.551583E-01   0.140700E+02
      99   0.346500E+01   0.990000E-01   0.550219E-01   0.192577E+01   0.550292E-01   0.140350E+02
     100   0.350000E+01   0.100000E+00   0.548963E-01   0.192137E+01   0.548921E-01   0.140000E+02
     101   0.353500E+01   0.101000E+00   0.547516E-01   0.191631E+01   0.547492E-01   0.139650E+02
     102   0.357000E+01   0.102000E+00   0.546069E-01   0.191124E+01   0.546037E-01   0.139300E+02
     103   0.360500E+01   0.103000E+00   0.544699E-01   0.190645E+01   0.544664E-01   0.138950E+02
     104   0.364000E+01   0.104000E+00   0.543352E-01   0.190173E+01   0.543309E-01   0.138600E+02
     105   0.367500E+01   0.105000E+00   0.541823E-01   0.189638E+01   0.541873E-01   0.138250E+02
     106   0.371000E+01   0.106000E+00   0.540185E-01   0.189065E+01   0.540303E-01   0.137900E+02
     107   0.374500E+01   0.107000E+00   0.538942E-01   0.188630E+01   0.538924E-01   0.137550E+02
     108   0.378000E+01   0.108000E+00   0.537450E-01   0.188107E+01   0.537451E-01   0.137200E+02
     109   0.381500E+01   0.109000E+00   0.535878E-01   0.187557E+01   0.535958E-01   0.136850E+02
     110   0.385000E+01   0.110000E+00   0.534412E-01   0.187044E+01   0.534520E-01   0.136500E+02
     111   0.388500E+01   0.111000E+00   0.532824E-01   0.186489E+01   0.532861E-01   0.136150E+02
     112   0.392000E+01   0.112000E+00   0.531255E-01   0.185939E+01   0.531398E-01   0.135800E+02
     113   0.395500E+01   0.113000E+00   0.529711E-01   0.185399E+01   0.529854E-01   0.135450E+02
     114   0.399000E+01   0.114000E+00   0.528211E-01   0.184874E+01   0.528348E-01   0.135100E+02
     115   0.402500E+01   0.115000E+00   0.526712E-01   0.184349E+01   0.526797E-01   0.134750E+02
     116   0.406000E+01   0.116000E+00   0.525133E-01   0.183797E+01   0.525249E-01   0.134400E+02
     117   0.409500E+01   0.117000E+00   0.523553E-01   0.183243E+01   0.523700E-01   0.134050E+02
     118   0.413000E+01   0.118000E+00   0.521821E-01   0.182638E+01   0.521962E-01   0.133700E+02
     119   0.416500E+01   0.119000E+00   0.520354E-01   0.182124E+01   0.520516E-01   0.133350E+02
     120   0.420000E+01   0.120000E+00   0.518734E-01   0.181557E+01   0.518915E-01   0.133000E+02
     121   0.423500E+01   0.121000E+00   0.516953E-01   0.180934E+01   0.517195E-01   0.132650E+02
     122   0.427000E+01   0.122000E+00   0.515516E-01   0.180430E+01   0.515686E-01   0.132300E+02
     123   0.430500E+01   0.123000E+00   0.513884E-01   0.179859E+01   0.514160E-01   0.131950E+02
     124   0.434000E+01   0.124000E+00   0.512352E-01   0.179323E+01   0.512527E-01   0.131600E+02
     125   0.437500E+01   0.125000E+00   0.510638E-01   0.178723E+01   0.510810E-01   0.131250E+02
     126   0.441000E+01   0.126000E+00   0.508854E-01   0.178099E+01   0.509123E-01   0.130900E+02
     127   0.444500E+01   0.127000E+00   0.507120E-01   0.177492E+01   0.507407E-01   0.130550E+02
     128   0.448000E+01   0.128000E+00   0.505577E-01   0.176952E+01   0.505798E-01   0.130200E+02
     129   0.451500E+01   0.129000E+00   0.503721E-01   0.176302E+01   0.503979E-01   0.129850E+02
     130   0.455000E+01   0.130000E+00   0.502045E-01   0.175716E+01   0.502308E-01   0.129500E+02
     131   0.458500E+01   0.131000E+00   0.500408E-01   0.175143E+01   0.500642E-01   0.129150E+02
     132   0.462000E+01   0.132000E+00   0.498800E-01   0.174580E+01   0.499025E-01   0.128800E+02
     133   0.465500E+01   0.133000E+00   0.496991E-01   0.173947E+01   0.497251E-01   0.128450E+02
     134   0.469000E+01   0.134000E+00   0.495175E-01   0.173311E+01   0.495484E-01   0.128100E+02
     135   0.472500E+01   0.135000E+00   0.493518E-01   0.172731E+01   0.493788E-01   0.127750E+02
     136   0.476000E+01   0.136000E+00   0.491763E-01   0.172117E+01   0.492073E-01   0.127400E+02
     137   0.479500E+01   0.137000E+00   0.489929E-01   0.171475E+01   0.490227E-01   0.127050E+02
     138   0.483000E+01   0.138000E+00   0.488198E-01   0.170869E+01   0.488514E-01   0.126700E+02
     139   0.486500E+01   0.139000E+00   0.486270E-01   0.170195E+01   0.486673E-01   0.126350E+02
     140   0.490000E+01   0.140000E+00   0.484692E-01   0.169642E+01   0.484991E-01   0.126000E+02
     141   0.493500E+01   0.141000E+00   0.482780E-01   0.168973E+01   0.483167E-01   0.125650E+02
     142   0.497000E+01   0.142000E+00   0.480975E-01   0.168341E+01   0.481380E-01   0.125300E+02
     143   0.500500E+01   0.143000E+00   0.479253E-01   0.167738E+01   0.479603E-01   0.124950E+02
     144   0.504000E+01   0.144000E+00   0.477365E-01   0.167078E+01   0.477746E-01   0.124600E+02
     145   0.507500E+01   0.145000E+00   0.475511E-01   0.166429E+01   0.475968E-01   0.124250E+02
     146   0.511000E+01   0.146000E+00   0.473711E-01   0.165799E+01   0.474145E-01   0.123900E+02
     147   0.514500E+01   0.147000E+00   0.471995E-01   0.165198E+01   0.472380E-01   0.123550E+02
     148   0.518000E+01   0.148000E+00   0.470069E-01   0.164524E+01   0.470464E-01   0.123200E+02
     149   0.521500E+01   0.149000E+00   0.468136E-01   0.163848E+01   0.468635E-01   0.122850E+02
     150   0.525000E+01   0.150000E+00   0.466314E-01   0.163210E+01   0.466806E-01   0.122500E+02
     151   0.528500E+01   0.151000E+00   0.464373E-01   0.162531E+01   0.464831E-01   0.122150E+02
     152   0.532000E+01   0.152000E+00   0.462530E-01   0.161886E+01   0.463059E-01   0.121800E+02
     153   0.535500E+01   0.153000E+00   0.460691E-01   0.161242E+01   0.461083E-01   0.121450E+02
     154   0.539000E+01   0.154000E+00   0.458781E-01   0.160573E+01   0.459273E-01   0.121100E+02
     155   0.542500E+01   0.155000E+00   0.456828E-01   0.159890E+01   0.457416E-01   0.120750E+02
     156   0.546000E+01   0.156000E+00   0.455026E-01   0.159259E+01   0.455468E-01   0.120400E+02
     157   0.549500E+01   0.157000E+00   0.453077E-01   0.158577E+01   0.453613E-01   0.120050E+02
     158   0.553000E+01   0.158000E+00   0.451152E-01   0.157903E+01   0.451696E-01   0.119700E+02
     159   0.556500E+01   0.159000E+00   0.449178E-01   0.157212E+01   0.449743E-01   0.119350E+02
     160   0.560000E+01   0.160000E+00   0.447258E-01   0.156540E+01   0.447849E-01   0.119000E+02
     161   0.563500E+01   0.161000E+00   0.445412E-01   0.155894E+01   0.445934E-01   0.118650E+02
     162   0.567000E+01   0.162000E+00   0.443464E-01   0.155212E+01   0.443997E-01   0.118300E+02
     163   0.570500E+01   0.163000E+00   0.441570E-01   0.154550E+01   0.442103E-01   0.117950E+02
     164   0.574000E+01   0.164000E+00   0.439512E-01   0.153829E+01   0.440106E-01   0.117600E+02
     165   0.577500E+01   0.165000E+00   0.437579E-01   0.153153E+01   0.438172E-01   0.117250E+02
     166   0.581000E+01   0.166000E+00   0.435585E-01   0.152455E+01   0.436233E-01   0.116900E+02
     167   0.584500E+01   0.167000E+00   0.433581E-01   0.151753E+01   0.434217E-01   0.116550E+02
     168   0.588000E+01   0.168000E+00   0.431555E-01   0.151044E+01   0.432272E-01   0.116200E+02
     169   0.591500E+01   0.169000E+00   0.429662E-01   0.150382E+01   0.430301E-01   0.115850E+02
     170   0.595000E+01   0.170000E+00   0.427688E-01   0.149691E+01   0.428301E-01   0.115500E+02
     171   0.598500E+01   0.171000E+00   0.425840E-01   0.149044E+01   0.426493E-01   0.115150E+02
     172   0.602000E+01   0.172000E+00   0.423667E-01   0.148284E+01   0.424346E-01   0.114800E+02
     173   0.605500E+01   0.173000E+00   0.421808E-01   0.147633E+01   0.422448E-01   0.114450E+02
     174   0.609000E+01   0.174000E+00   0.419683E-01   0.146889E+01   0.420423E-01   0.114100E+02
     175   0.612500E+01   0.175000E+00   0.417865E-01   0.146253E+01   0.418475E-01   0.113750E+02
     176   0.616000E+01   0.176000E+00   0.415675E-01   0.145486E+01   0.416378E-01   0.113400E+02
     177   0.619500E+01   0.177000E+00   0.413735E-01   0.144807E+01   0.414383E-01   0.113050E+02
     178   0.623000E+01   0.178000E+00   0.411722E-01   0.144103E+01   0.412392E-01   0.112700E+02
     179   0.626500E+01   0.179000E+00   0.409565E-01   0.143348E+01   0.410338E-01   0.112350E+02
     180   0.630000E+01   0.180000E+00   0.407614E-01   0.142665E+01   0.408342E-01   0.112000E+02
     181   0.633500E+01   0.181000E+00   0.405570E-01   0.141950E+01   0.406321E-01   0.111650E+02
     182   0.637000E+01   0.182000E+00   0.403528E-01   0.141235E+01   0.404327E-01   0.111300E+02
     183   0.640500E+01   0.183000E+00   0.401511E-01   0.140529E+01   0.402306E-01   0.110950E+02
     184   0.644000E+01   0.184000E+00   0.399584E-01   0.139854E+01   0.400299E-01   0.110600E+02
     185   0.647500E+01   0.185000E+00   0.397383E-01   0.139084E+01   0.398206E-01   0.110250E+02
     186   0.651000E+01   0.186000E+00   0.395413E-01   0.138395E+01   0.396125E-01   0.109900E+02
     187   0.654500E+01   0.187000E+00   0.393343E-01   0.137670E+01   0.394117E-01   0.109550E+02
     188   0.658000E+01   0.188000E+00   0.391389E-01   0.136986E+01   0.392096E-01   0.109200E+02
     189   0.661500E+01   0.189000E+00   0.389102E-01   0.136186E+01   0.389912E-01   0.108850E+02
     190   0.665000E+01   0.190000E+00   0.387170E-01   0.135509E+01   0.387915E-01   0.108500E+02
     191   0.668500E+01   0.191000E+00   0.384897E-01   0.134714E+01   0.385845E-01   0.108150E+02
     192   0.672000E+01   0.192000E+00   0.383059E-01   0.134071E+01   0.383832E-01   0.107800E+02
     193   0.675500E+01   0.193000E+00   0.381127E-01   0.133394E+01   0.381845E-01   0.107450E+02
     194   0.679000E+01   0.194000E+00   0.378807E-01   0.132583E+01   0.379663E-01   0.107100E+02
     195   0.682500E+01   0.195000E+00   0.376804E-01   0.131881E+01   0.377598E-01   0.106750E+02
     196   0.686000E+01   0.196000E+00   0.374690E-01   0.131142E+01   0.375524E-01   0.106400E+02
     197   0.689500E+01   0.197000E+00   0.372548E-01   0.130392E+01   0.373425E-01   0.106050E+02
     198   0.693000E+01   0.198000E+00   0.370390E-01   0.129637E+01   0.371348E-01   0.105700E+02
     199   0.696500E+01   0.199000E+00   0.368468E-01   0.128964E+01   0.369285E-01   0.105350E+02
     200   0.700000E+01   0.200000E+00   0.366370E-01   0.128229E+01   0.367229E-01   0.105000E+02
     201   0.703500E+01   0.201000E+00   0.364313E-01   0.127509E+01   0.365146E-01   0.104650E+02
     202   0.707000E+01   0.202000E+00   0.362214E-01   0.126775E+01   0.363057E-01   0.104300E+02
     203   0.710500E+01   0.203000E+00   0.360045E-01   0.126016E+01   0.360970E-01   0.103950E+02
     204   0.714000E+01   0.204000E+00   0.358050E-01   0.125318E+01   0.358942E-01   0.103600E+02
     205   0.717500E+01   0.205000E+00   0.355819E-01   0.124537E+01   0.356744E-01   0.103250E+02
     206   0.721000E+01   0.206000E+00   0.353766E-01   0.123818E+01   0.354633E-01   0.102900E+02
     207   0.724500E+01   0.207000E+00   0.351770E-01   0.123120E+01   0.352667E-01   0.102550E+02
     208   0.728000E+01   0.208000E+00   0.349640E-01   0.122374E+01   0.350531E-01   0.102200E+02
     209   0.731500E+01   0.209000E+00   0.347532E-01   0.121636E+01   0.348391E-01   0.101850E+02
     210   0.735000E+01   0.210000E+00   0.345424E-01   0.120898E+01   0.346282E-01   0.101500E+02
     211   0.738500E+01   0.211000E+00   0.343371E-01   0.120180E+01   0.344284E-01   0.101150E+02
     212   0.742000E+01   0.212000E+00   0.341128E-01   0.119395E+01   0.342065E-01   0.100800E+02
     213   0.745500E+01   0.213000E+00   0.339047E-01   0.118666E+01   0.339989E-01   0.100450E+02
     214   0.749000E+01   0.214000E+00   0.336983E-01   0.117944E+01   0.337908E-01   0.100100E+02
     215   0.752500E+01   0.215000E+00   0.335001E-01   0.117250E+01   0.335899E-01   0.997500E+01
     216   0.756000E+01   0.216000E+00   0.332767E-01   0.116468E+01   0.333699E-01   0.994000E+01
     217   0.759500E+01   0.217000E+00   0.330659E-01   0.115731E+01   0.331605E-01   0.990500E+01
     218   0.763000E+01   0.218000E+00   0.328593E-01   0.115007E+01   0.329548E-01   0.987000E+01
     219   0.766500E+01   0.219000E+00   0.326466E-01   0.114263E+01   0.327457E-01   0.983500E+01
     220   0.770000E+01   0.220000E+00   0.324312E-01   0.113509E+01   0.325290E-01   0.980000E+01
     221   0.773500E+01   0.221000E+00   0.322309E-01   0.112808E+01   0.323269E-01   0.976500E+01
     222   0.777000E+01   0.222000E+00   0.320144E-01   0.112050E+01   0.321112E-01   0.973000E+01
     223   0.780500E+01   0.223000E+00   0.318111E-01   0.111339E+01   0.319068E-01   0.969500E+01
     224   0.784000E+01   0.224000E+00   0.315958E-01   0.110585E+01   0.316939E-01   0.966000E+01
     225   0.787500E+01   0.225000E+00   0.313830E-01   0.109841E+01   0.314798E-01   0.962500E+01
     226   0.791000E+01   0.226000E+00   0.311737E-01   0.109108E+01   0.312685E-01   0.959000E+01
     227   0.794500E+01   0.227000E+00   0.309653E-01   0.108378E+01   0.310608E-01   0.955500E+01
     228   0.798000E+01   0.228000E+00   0.307502E-01   0.107626E+01   0.308488E-01   0.952000E+01
     229   0.801500E+01   0.229000E+00   0.305508E-01   0.106928E+01   0.306423E-01   0.948500E+01
     230   0.805000E+01   0.230000E+00   0.303320E-01   0.106162E+01   0.304343E-01   0.945000E+01
     231   0.808500E+01   0.231000E+00   0.301359E-01   0.105476E+01   0.302277E-01   0.941500E+01
     232   0.812000E+01   0.232000E+00   0.299095E-01   0.104683E+01   0.300162E-01   0.938000E+01
     233   0.815500E+01   0.233000E+00   0.297032E-01   0.103961E+01   0.298059E-01   0.934500E+01
     234   0.819000E+01   0.234000E+00   0.294972E-01   0.103240E+01   0.295976E-01   0.931000E+01
     235   0.822500E+01   0.235000E+00   0.292959E-01   0.102536E+01   0.293867E-01   0.927500E+01
     236   0.826000E+01   0.236000E+00   0.290753E-01   0.101764E+01   0.291750E-01   0.924000E+01
     237   0.829500E+01   0.237000E+00   0.288645E-01   0.101026E+01   0.289645E-01   0.920500E+01
     238   0.833000E+01   0.238000E+00   0.286576E-01   0.100302E+01   0.287595E-01   0.917000E+01
     239   0.836500E+01   0.239000E+00   0.284542E-01   0.995897E+00   0.285553E-01   0.913500E+01
     240   0.840000E+01   0.240000E+00   0.282459E-01   0.988606E+00   0.283433E-01   0.910000E+01
     241   0.843500E+01   0.241000E+00   0.280397E-01   0.981389E+00   0.281397E-01   0.906500E+01
     242   0.847000E+01   0.242000E+00   0.278250E-01   0.973876E+00   0.279258E-01   0.903000E+01
     243   0.850500E+01   0.243000E+00   0.276171E-01   0.966598E+00   0.277253E-01   0.899500E+01
     244   0.854000E+01   0.244000E+00   0.274114E-01   0.959400E+00   0.275130E-01   0.896000E+01
     245   0.857500E+01   0.245000E+00   0.272076E-01   0.952267E+00   0.273120E-01   0.892500E+01
     246   0.861000E+01   0.246000E+00   0.270047E-01   0.945163E+00   0.271053E-01   0.889000E+01
     247   0.864500E+01   0.247000E+00   0.267906E-01   0.937671E+00   0.268920E-01   0.885500E+01
     248   0.868000E+01   0.248000E+00   0.265874E-01   0.930560E+00   0.266907E-01   0.882000E+01
     249   0.871500E+01   0.249000E+00   0.263771E-01   0.923197E+00   0.264817E-01   0.878500E+01
     250   0.875000E+01   0.250000E+00   0.261772E-01   0.916200E+00   0.262781E-01   0.875000E+01
     251   0.878500E+01   0.251000E+00   0.259724E-01   0.909035E+00   0.260741E-01   0.871500E+01
     252   0.882000E+01   0.252000E+00   0.257637E-01   0.901729E+00   0.258653E-01   0.868000E+01
     253   0.885500E+01   0.253000E+00   0.255584E-01   0.894545E+00   0.256634E-01   0.864500E+01
     254   0.889000E+01   0.254000E+00   0.253640E-01   0.887741E+00   0.254617E-01   0.861000E+01
     255   0.892500E+01   0.255000E+00   0.251574E-01   0.880508E+00   0.252561E-01   0.857500E+01
     256   0.896000E+01   0.256000E+00   0.249542E-01   0.873395E+00   0.250547E-01   0.854000E+01
     257   0.899500E+01   0.257000E+00   0.247463E-01   0.866122E+00   0.248509E-01   0.850500E+01
     258   0.903000E+01   0.258000E+00   0.245483E-01   0.859189E+00   0.246479E-01   0.847000E+01
     259   0.906500E+01   0.259000E+00   0.243446E-01   0.852060E+00   0.244462E-01   0.843500E+01
     260   0.910000E+01   0.260000E+00   0.241432E-01   0.845013E+00   0.242434E-01   0.840000E+01
     261   0.913500E+01   0.261000E+00   0.239372E-01   0.837801E+00   0.240445E-01   0.836500E+01
     262   0.917000E+01   0.262000E+00   0.237321E-01   0.830623E+00   0.238384E-01   0.833000E+01
     263   0.920500E+01   0.263000E+00   0.235363E-01   0.823769E+00   0.236416E-01   0.829500E+01
     264   0.924000E+01   0.264000E+00   0.233414E-01   0.816949E+00   0.234399E-01   0.826000E+01
     265   0.927500E+01   0.265000E+00   0.231361E-01   0.809762E+00   0.232350E-01   0.822500E+01
     266   0.931000E+01   0.266000E+00   0.229467E-01   0.803133E+00   0.230419E-01   0.819000E+01
     267   0.934500E+01   0.267000E+00   0.227415E-01   0.795953E+00   0.228459E-01   0.815500E+01
     268   0.938000E+01   0.268000E+00   0.225371E-01   0.788800E+00   0.226404E-01   0.812000E+01
     269   0.941500E+01   0.269000E+00   0.223504E-01   0.782265E+00   0.224491E-01   0.808500E+01
     270   0.945000E+01   0.270000E+00   0.221544E-01   0.775404E+00   0.222581E-01   0.805000E+01
     271   0.948500E+01   0.271000E+00   0.219539E-01   0.768385E+00   0.220583E-01   0.801500E+01
     272   0.952000E+01   0.272000E+00   0.217568E-01   0.761488E+00   0.218568E-01   0.798000E+01
     273   0.955500E+01   0.273000E+00   0.215632E-01   0.754712E+00   0.216608E-01   0.794500E+01
     274   0.959000E+01   0.274000E+00   0.213672E-01   0.747851E+00   0.214655E-01   0.791000E+01
     275   0.962500E+01   0.275000E+00   0.211771E-01   0.741197E+00   0.212742E-01   0.787500E+01
     276   0.966000E+01   0.276000E+00   0.209761E-01   0.734165E+00   0.210788E-01   0.784000E+01
     277   0.969500E+01   0.277000E+00   0.207862E-01   0.727517E+00   0.208842E-01   0.780500E+01
     278   0.973000E+01   0.278000E+00   0.205911E-01   0.720690E+00   0.206902E-01   0.777000E+01
     279   0.976500E+01   0.279000E+00   0.204025E-01   0.714086E+00   0.204996E-01   0.773500E+01
     280   0.980000E+01   0.280000E+00   0.202031E-01   0.707109E+00   0.203055E-01   0.770000E+01
     281   0.983500E+01   0.281000E+00   0.200183E-01   0.700642E+00   0.201152E-01   0.766500E+01
     282   0.987000E+01   0.282000E+00   0.198219E-01   0.693765E+00   0.199177E-01   0.763000E+01
     283   0.990500E+01   0.283000E+00   0.196389E-01   0.687363E+00   0.197412E-01   0.759500E+01
     284   0.994000E+01   0.284000E+00   0.194434E-01   0.680520E+00   0.195419E-01   0.756000E+01
     285   0.997500E+01   0.285000E+00   0.192512E-01   0.673793E+00   0.193519E-01   0.752500E+01
     286   0.100100E+02   0.286000E+00   0.190697E-01   0.667441E+00   0.191653E-01   0.749000E+01
     287   0.100450E+02   0.287000E+00   0.188740E-01   0.660589E+00   0.189753E-01   0.745500E+01
     288   0.100800E+02   0.288000E+00   0.186890E-01   0.654114E+00   0.187883E-01   0.742000E+01
     289   0.101150E+02   0.289000E+00   0.185054E-01   0.647688E+00   0.186042E-01   0.738500E+01
     290   0.101500E+02   0.290000E+00   0.183291E-01   0.641519E+00   0.184225E-01   0.735000E+01
     291   0.101850E+02   0.291000E+00   0.181440E-01   0.635039E+00   0.182387E-01   0.731500E+01
     292   0.102200E+02   0.292000E+00   0.179596E-01   0.628585E+00   0.180506E-01   0.728000E+01
     293   0.102550E+02   0.293000E+00   0.177701E-01   0.621952E+00   0.178665E-01   0.724500E+01
     294   0.102900E+02   0.294000E+00   0.175868E-01   0.615540E+00   0.176833E-01   0.721000E+01
     295   0.103250E+02   0.295000E+00   0.174139E-01   0.609488E+00   0.175044E-01   0.717500E+01
     296   0.103600E+02   0.296000E+00   0.172265E-01   0.602927E+00   0.173198E-01   0.714000E+01
     297   0.103950E+02   0.297000E+00   0.170468E-01   0.596638E+00   0.171397E-01   0.710500E+01
     298   0.104300E+02   0.298000E+00   0.168636E-01   0.590227E+00   0.169582E-01   0.707000E+01
     299   0.104650E+02   0.299000E+00   0.166859E-01   0.584005E+00   0.167795E-01   0.703500E+01
     300   0.105000E+02   0.300000E+00   0.165047E-01   0.577663E+00   0.165963E-01   0.700000E+01
     301   0.105350E+02   0.301000E+00   0.163327E-01   0.571643E+00   0.164226E-01   0.696500E+01
     302   0.105700E+02   0.302000E+00   0.161546E-01   0.565413E+00   0.162450E-01   0.693000E+01
     303   0.106050E+02   0.303000E+00   0.159760E-01   0.559160E+00   0.160678E-01   0.689500E+01
     304   0.106400E+02   0.304000E+00   0.157984E-01   0.552946E+00   0.158934E-01   0.686000E+01
     305   0.106750E+02   0.305000E+00   0.156307E-01   0.547076E+00   0.157197E-01   0.682500E+01
     306   0.107100E+02   0.306000E+00   0.154579E-01   0.541028E+00   0.155437E-01   0.679000E+01
     307   0.107450E+02   0.307000E+00   0.152874E-01   0.535061E+00   0.153738E-01   0.675500E+01
     308   0.107800E+02   0.308000E+00   0.151087E-01   0.528804E+00   0.151954E-01   0.672000E+01
     309   0.108150E+02   0.309000E+00   0.149460E-01   0.523110E+00   0.150288E-01   0.668500E+01
     310   0.108500E+02   0.310000E+00   0.147717E-01   0.517010E+00   0.148590E-01   0.665000E+01
     311   0.108850E+02   0.311000E+00   0.145968E-01   0.510889E+00   0.146834E-01   0.661500E+01
     312   0.109200E+02   0.312000E+00   0.144323E-01   0.505129E+00   0.145194E-01   0.658000E+01
     313   0.109550E+02   0.313000E+00   0.142670E-01   0.499346E+00   0.143514E-01   0.654500E+01
     314   0.109900E+02   0.314000E+00   0.140955E-01   0.493342E+00   0.141832E-01   0.651000E+01
     315   0.110250E+02   0.315000E+00   0.139336E-01   0.487675E+00   0.140183E-01   0.647500E+01
     316   0.110600E+02   0.316000E+00   0.137738E-01   0.482083E+00   0.138553E-01   0.644000E+01
     317   0.110950E+02   0.317000E+00   0.136088E-01   0.476307E+00   0.136900E-01   0.640500E+01
     318   0.111300E+02   0.318000E+00   0.134438E-01   0.470533E+00   0.135235E-01   0.637000E+01
     319   0.111650E+02   0.319000E+00   0.132796E-01   0.464785E+00   0.133637E-01   0.633500E+01
     320   0.112000E+02   0.320000E+00   0.131146E-01   0.459011E+00   0.131962E-01   0.630000E+01
     321   0.112350E+02   0.321000E+00   0.129526E-01   0.453340E+00   0.130360E-01   0.626500E+01
     322   0.112700E+02   0.322000E+00   0.127932E-01   0.447764E+00   0.128719E-01   0.623000E+01
     323   0.113050E+02   0.323000E+00   0.126387E-01   0.442356E+00   0.127164E-01   0.619500E+01
     324   0.113400E+02   0.324000E+00   0.124821E-01   0.436874E+00   0.125622E-01   0.616000E+01
     325   0.113750E+02   0.325000E+00   0.123220E-01   0.431271E+00   0.124010E-01   0.612500E+01
     326   0.114100E+02   0.326000E+00   0.121711E-01   0.425987E+00   0.122481E-01   0.609000E+01
     327   0.114450E+02   0.327000E+00   0.120138E-01   0.420484E+00   0.120907E-01   0.605500E+01
     328   0.114800E+02   0.328000E+00   0.118507E-01   0.414776E+00   0.119308E-01   0.602000E+01
     329   0.115150E+02   0.329000E+00   0.117035E-01   0.409622E+00   0.117794E-01   0.598500E+01
     330   0.115500E+02   0.330000E+00   0.115450E-01   0.404073E+00   0.116239E-01   0.595000E+01
     331   0.115850E+02   0.331000E+00   0.113959E-01   0.398855E+00   0.114726E-01   0.591500E+01
     332   0.116200E+02   0.332000E+00   0.112520E-01   0.393821E+00   0.113216E-01   0.588000E+01
     333   0.116550E+02   0.333000E+00   0.110963E-01   0.388371E+00   0.111709E-01   0.584500E+01
     334   0.116900E+02   0.334000E+00   0.109500E-01   0.383250E+00   0.110219E-01   0.581000E+01
     335   0.117250E+02   0.335000E+00   0.108040E-01   0.378140E+00   0.108758E-01   0.577500E+01
     336   0.117600E+02   0.336000E+00   0.106543E-01   0.372899E+00   0.107276E-01   0.574000E+01
     337   0.117950E+02   0.337000E+00   0.105124E-01   0.367935E+00   0.105845E-01   0.570500E+01
     338   0.118300E+02   0.338000E+00   0.103675E-01   0.362864E+00   0.104399E-01   0.567000E+01
     339   0.118650E+02   0.339000E+00   0.102155E-01   0.357543E+00   0.102882E-01   0.563500E+01
     340   0.119000E+02   0.340000E+00   0.100824E-01   0.352883E+00   0.101504E-01   0.560000E+01
     341   0.119350E+02   0.341000E+00   0.993979E-02   0.347893E+00   0.100060E-01   0.556500E+01
     342   0.119700E+02   0.342000E+00   0.980105E-02   0.343037E+00   0.986449E-02   0.553000E+01
     343   0.120050E+02   0.343000E+00   0.965417E-02   0.337896E+00   0.972077E-02   0.549500E+01
     344   0.120400E+02   0.344000E+00   0.951453E-02   0.333008E+00   0.958287E-02   0.546000E+01
     345   0.120750E+02   0.345000E+00   0.938245E-02   0.328386E+00   0.944620E-02   0.542500E+01
     346   0.121100E+02   0.346000E+00   0.924525E-02   0.323584E+00   0.931196E-02   0.539000E+01
     347   0.121450E+02   0.347000E+00   0.910754E-02   0.318764E+00   0.917476E-02   0.535500E+01
     348   0.121800E+02   0.348000E+00   0.897713E-02   0.314199E+00   0.904241E-02   0.532000E+01
     349   0.122150E+02   0.349000E+00   0.884072E-02   0.309425E+00   0.890543E-02   0.528500E+01
     350   0.122500E+02   0.350000E+00   0.871586E-02   0.305055E+00   0.877431E-02   0.525000E+01
     351   0.122850E+02   0.351000E+00   0.857588E-02   0.300156E+00   0.863800E-02   0.521500E+01
     352   0.123200E+02   0.352000E+00   0.845018E-02   0.295756E+00   0.851004E-02   0.518000E+01
     353   0.123550E+02   0.353000E+00   0.832077E-02   0.291227E+00   0.837779E-02   0.514500E+01
     354   0.123900E+02   0.354000E+00   0.818991E-02   0.286647E+00   0.825011E-02   0.511000E+01
     355   0.124250E+02   0.355000E+00   0.806875E-02   0.282406E+00   0.812652E-02   0.507500E+01
     356   0.124600E+02   0.356000E+00   0.794228E-02   0.277980E+00   0.799933E-02   0.504000E+01
     357   0.124950E+02   0.357000E+00   0.781466E-02   0.273513E+00   0.787155E-02   0.500500E+01
     358   0.125300E+02   0.358000E+00   0.768833E-02   0.269091E+00   0.774627E-02   0.497000E+01
     359   0.125650E+02   0.359000E+00   0.756442E-02   0.264755E+00   0.761972E-02   0.493500E+01
     360   0.126000E+02   0.360000E+00   0.744262E-02   0.260492E+00   0.749943E-02   0.490000E+01
     361   0.126350E+02   0.361000E+00   0.732202E-02   0.256271E+00   0.737665E-02   0.486500E+01
     362   0.126700E+02   0.362000E+00   0.720384E-02   0.252134E+00   0.725756E-02   0.483000E+01
     363   0.127050E+02   0.363000E+00   0.708594E-02   0.248008E+00   0.713744E-02   0.479500E+01
     364   0.127400E+02   0.364000E+00   0.696481E-02   0.243768E+00   0.701757E-02   0.476000E+01
     365   0.127750E+02   0.365000E+00   0.684718E-02   0.239651E+00   0.690123E-02   0.472500E+01
     366   0.128100E+02   0.366000E+00   0.673461E-02   0.235711E+00   0.678406E-02   0.469000E+01
     367   0.128450E+02   0.367000E+00   0.662368E-02   0.231829E+00   0.667313E-02   0.465500E+01
     368   0.128800E+02   0.368000E+00   0.651141E-02   0.227899E+00   0.655998E-02   0.462000E+01
     369   0.129150E+02   0.369000E+00   0.639628E-02   0.223870E+00   0.644540E-02   0.458500E+01
     370   0.129500E+02   0.370000E+00   0.628523E-02   0.219983E+00   0.633456E-02   0.455000E+01
     371   0.129850E+02   0.371000E+00   0.617683E-02   0.216189E+00   0.622310E-02   0.451500E+01
     372   0.130200E+02   0.372000E+00   0.606402E-02   0.212241E+00   0.611334E-02   0.448000E+01
     373   0.130550E+02   0.373000E+00   0.596126E-02   0.208644E+00   0.600638E-02   0.444500E+01
     374   0.130900E+02   0.374000E+00   0.585368E-02   0.204879E+00   0.589866E-02   0.441000E+01
     375   0.131250E+02   0.375000E+00   0.575043E-02   0.201265E+00   0.579349E-02   0.437500E+01
     376   0.131600E+02   0.376000E+00   0.564308E-02   0.197508E+00   0.568723E-02   0.434000E+01
     377   0.131950E+02   0.377000E+00   0.553870E-02   0.193855E+00   0.558348E-02   0.430500E+01
     378   0.132300E+02   0.378000E+00   0.543960E-02   0.190386E+00   0.548119E-02   0.427000E+01
     379   0.132650E+02   0.379000E+00   0.533424E-02   0.186698E+00   0.537769E-02   0.423500E+01
     380   0.133000E+02   0.380000E+00   0.523618E-02   0.183266E+00   0.527469E-02   0.420000E+01
     381   0.133350E+02   0.381000E+00   0.513235E-02   0.179632E+00   0.517479E-02   0.416500E+01
     382   0.133700E+02   0.382000E+00   0.503297E-02   0.176154E+00   0.507463E-02   0.413000E+01
     383   0.134050E+02   0.383000E+00   0.494006E-02   0.172902E+00   0.498017E-02   0.409500E+01
     384   0.134400E+02   0.384000E+00   0.484212E-02   0.169474E+00   0.488305E-02   0.406000E+01
     385   0.134750E+02   0.385000E+00   0.475015E-02   0.166255E+00   0.478997E-02   0.402500E+01
     386   0.135100E+02   0.386000E+00   0.465583E-02   0.162954E+00   0.469321E-02   0.399000E+01
     387   0.135450E+02   0.387000E+00   0.456246E-02   0.159686E+00   0.460169E-02   0.395500E+01
     388   0.135800E+02   0.388000E+00   0.447096E-02   0.156484E+00   0.450842E-02   0.392000E+01
     389   0.136150E+02   0.389000E+00   0.438185E-02   0.153365E+00   0.441847E-02   0.388500E+01
     390   0.136500E+02   0.390000E+00   0.429247E-02   0.150237E+00   0.433073E-02   0.385000E+01
     391   0.136850E+02   0.391000E+00   0.420163E-02   0.147057E+00   0.423730E-02   0.381500E+01
     392   0.137200E+02   0.392000E+00   0.411853E-02   0.144149E+00   0.415233E-02   0.378000E+01
     393   0.137550E+02   0.393000E+00   0.403514E-02   0.141230E+00   0.406671E-02   0.374500E+01
     394   0.137900E+02   0.394000E+00   0.394650E-02   0.138127E+00   0.398050E-02   0.371000E+01
     395   0.138250E+02   0.395000E+00   0.386165E-02   0.135158E+00   0.389382E-02   0.367500E+01
     396   0.138600E+02   0.396000E+00   0.377807E-02   0.132232E+00   0.381024E-02   0.364000E+01
     397   0.138950E+02   0.397000E+00   0.369543E-02   0.129340E+00   0.372860E-02   0.360500E+01
     398   0.139300E+02   0.398000E+00   0.361580E-02   0.126553E+00   0.364800E-02   0.357000E+01
     399   0.139650E+02   0.399000E+00   0.353662E-02   0.123782E+00   0.356684E-02   0.353500E+01
     400   0.140000E+02   0.400000E+00   0.345909E-02   0.121068E+00   0.348920E-02   0.350000E+01
     401   0.140350E+02   0.401000E+00   0.338093E-02   0.118332E+00   0.340880E-02   0.346500E+01
     402   0.140700E+02   0.402000E+00   0.330366E-02   0.115628E+00   0.333117E-02   0.343000E+01
     403   0.141050E+02   0.403000E+00   0.323015E-02   0.113055E+00   0.325839E-02   0.339500E+01
     404   0.141400E+02   0.404000E+00   0.315674E-02   0.110486E+00   0.318535E-02   0.336000E+01
     405   0.141750E+02   0.405000E+00   0.308415E-02   0.107945E+00   0.311089E-02   0.332500E+01
     406   0.142100E+02   0.406000E+00   0.300906E-02   0.105317E+00   0.303525E-02   0.329000E+01
     407   0.142450E+02   0.407000E+00   0.294001E-02   0.102900E+00   0.296532E-02   0.325500E+01
     408   0.142800E+02   0.408000E+00   0.287020E-02   0.100457E+00   0.289587E-02   0.322000E+01
     409   0.143150E+02   0.409000E+00   0.280109E-02   0.980381E-01   0.282586E-02   0.318500E+01
     410   0.143500E+02   0.410000E+00   0.273165E-02   0.956079E-01   0.275745E-02   0.315000E+01
     411   0.143850E+02   0.411000E+00   0.266381E-02   0.932334E-01   0.268776E-02   0.311500E+01
     412   0.144200E+02   0.412000E+00   0.259940E-02   0.909792E-01   0.262294E-02   0.308000E+01
     413   0.144550E+02   0.413000E+00   0.253586E-02   0.887552E-01   0.255811E-02   0.304500E+01
     414   0.144900E+02   0.414000E+00   0.246930E-02   0.864254E-01   0.249284E-02   0.301000E+01
     415   0.145250E+02   0.415000E+00   0.241020E-02   0.843570E-01   0.242979E-02   0.297500E+01
     416   0.145600E+02   0.416000E+00   0.234499E-02   0.820747E-01   0.236748E-02   0.294000E+01
     417   0.145950E+02   0.417000E+00   0.228648E-02   0.800269E-01   0.230658E-02   0.290500E+01
     418   0.146300E+02   0.418000E+00   0.222557E-02   0.778949E-01   0.224578E-02   0.287000E+01
     419   0.146650E+02   0.419000E+00   0.216669E-02   0.758340E-01   0.218636E-02   0.283500E+01
     420   0.147000E+02   0.420000E+00   0.210979E-02   0.738426E-01   0.212846E-02   0.280000E+01
     421   0.147350E+02   0.421000E+00   0.205050E-02   0.717674E-01   0.207168E-02   0.276500E+01
     422   0.147700E+02   0.422000E+00   0.199750E-02   0.699123E-01   0.201496E-02   0.273000E+01
     423   0.148050E+02   0.423000E+00   0.194301E-02   0.680052E-01   0.196053E-02   0.269500E+01
     424   0.148400E+02   0.424000E+00   0.189086E-02   0.661801E-01   0.190681E-02   0.266000E+01
     425   0.148750E+02   0.425000E+00   0.183590E-02   0.642565E-01   0.185209E-02   0.262500E+01
     426   0.149100E+02   0.426000E+00   0.178433E-02   0.624514E-01   0.180010E-02   0.259000E+01
     427   0.149450E+02   0.427000E+00   0.173491E-02   0.607219E-01   0.175009E-02   0.255500E+01
     428   0.149800E+02   0.428000E+00   0.168437E-02   0.589530E-01   0.169939E-02   0.252000E+01
     429   0.150150E+02   0.429000E+00   0.163348E-02   0.571719E-01   0.164908E-02   0.248500E+01
     430   0.150500E+02   0.430000E+00   0.158482E-02   0.554688E-01   0.160127E-02   0.245000E+01
     431   0.150850E+02   0.431000E+00   0.154038E-02   0.539132E-01   0.155407E-02   0.241500E+01
     432   0.151200E+02   0.432000E+00   0.149503E-02   0.523260E-01   0.150901E-02   0.238000E+01
     433   0.151550E+02   0.433000E+00   0.144690E-02   0.506414E-01   0.145955E-02   0.234500E+01
     434   0.151900E+02   0.434000E+00   0.140179E-02   0.490626E-01   0.141715E-02   0.231000E+01
     435   0.152250E+02   0.435000E+00   0.135933E-02   0.475767E-01   0.137163E-02   0.227500E+01
     436   0.152600E+02   0.436000E+00   0.131684E-02   0.460893E-01   0.132949E-02   0.224000E+01
     437   0.152950E+02   0.437000E+00   0.127501E-02   0.446252E-01   0.128759E-02   0.220500E+01
     438   0.153300E+02   0.438000E+00   0.123705E-02   0.432968E-01   0.124791E-02   0.217000E+01
     439   0.153650E+02   0.439000E+00   0.119535E-02   0.418371E-01   0.120763E-02   0.213500E+01
     440   0.154000E+02   0.440000E+00   0.115675E-02   0.404861E-01   0.116757E-02   0.210000E+01
     441   0.154350E+02   0.441000E+00   0.111917E-02   0.391710E-01   0.112937E-02   0.206500E+01
     442   0.154700E+02   0.442000E+00   0.108185E-02   0.378646E-01   0.109102E-02   0.203000E+01
     443   0.155050E+02   0.443000E+00   0.104421E-02   0.365475E-01   0.105450E-02   0.199500E+01
     444   0.155400E+02   0.444000E+00   0.100897E-02   0.353140E-01   0.101890E-02   0.196000E+01
     445   0.155750E+02   0.445000E+00   0.973905E-03   0.340867E-01   0.984455E-03   0.192500E+01
     446   0.156100E+02   0.446000E+00   0.941091E-03   0.329382E-01   0.951046E-03   0.189000E+01
     447   0.156450E+02   0.447000E+00   0.908501E-03   0.317975E-01   0.917419E-03   0.185500E+01
     448   0.156800E+02   0.448000E+00   0.874005E-03   0.305902E-01   0.883131E-03   0.182000E+01
     449   0.157150E+02   0.449000E+00   0.843543E-03   0.295240E-01   0.852271E-03   0.178500E+01
     450   0.157500E+02   0.450000E+00   0.814927E-03   0.285225E-01   0.822859E-03   0.175000E+01
     451   0.157850E+02   0.451000E+00   0.785080E-03   0.274778E-01   0.791878E-03   0.171500E+01
     452   0.158200E+02   0.452000E+00   0.754494E-03   0.264073E-01   0.762085E-03   0.168000E+01
     453   0.158550E+02   0.453000E+00   0.724815E-03   0.253685E-01   0.732955E-03   0.164500E+01
     454   0.158900E+02   0.454000E+00   0.699909E-03   0.244968E-01   0.706236E-03   0.161000E+01
     455   0.159250E+02   0.455000E+00   0.672809E-03   0.235483E-01   0.679336E-03   0.157500E+01
     456   0.159600E+02   0.456000E+00   0.648167E-03   0.226858E-01   0.653294E-03   0.154000E+01
     457   0.159950E+02   0.457000E+00   0.622085E-03   0.217730E-01   0.627719E-03   0.150500E+01
     458   0.160300E+02   0.458000E+00   0.596055E-03   0.208619E-01   0.602009E-03   0.147000E+01
     459   0.160650E+02   0.459000E+00   0.574263E-03   0.200992E-01   0.578956E-03   0.143500E+01
     460   0.161000E+02   0.460000E+00   0.549658E-03   0.192380E-01   0.554662E-03   0.140000E+01
     461   0.161350E+02   0.461000E+00   0.525320E-03   0.183862E-01   0.531557E-03   0.136500E+01
     462   0.161700E+02   0.462000E+00   0.505631E-03   0.176971E-01   0.511358E-03   0.133000E+01
     463   0.162050E+02   0.463000E+00   0.485102E-03   0.169786E-01   0.489940E-03   0.129500E+01
     464   0.162400E+02   0.464000E+00   0.463553E-03   0.162243E-01   0.468562E-03   0.126000E+01
     465   0.162750E+02   0.465000E+00   0.445251E-03   0.155838E-01   0.449817E-03   0.122500E+01
     466   0.163100E+02   0.466000E+00   0.424760E-03   0.148666E-01   0.429539E-03   0.119000E+01
     467   0.163450E+02   0.467000E+00   0.406411E-03   0.142244E-01   0.410262E-03   0.115500E+01
     468   0.163800E+02   0.468000E+00   0.388160E-03   0.135856E-01   0.392685E-03   0.112000E+01
     469   0.164150E+02   0.469000E+00   0.372137E-03   0.130248E-01   0.375495E-03   0.108500E+01
     470   0.164500E+02   0.470000E+00   0.355015E-03   0.124255E-01   0.358691E-03   0.105000E+01
     471   0.164850E+02   0.471000E+00   0.338683E-03   0.118539E-01   0.342302E-03   0.101500E+01
     472   0.165200E+02   0.472000E+00   0.323375E-03   0.113181E-01   0.326805E-03   0.980000E+00
     473   0.165550E+02   0.473000E+00   0.308222E-03   0.107878E-01   0.311149E-03   0.945000E+00
     474   0.165900E+02   0.474000E+00   0.294040E-03   0.102914E-01   0.296457E-03   0.910000E+00
     475   0.166250E+02   0.475000E+00   0.278878E-03   0.976073E-02   0.281878E-03   0.875000E+00
     476   0.166600E+02   0.476000E+00   0.267121E-03   0.934924E-02   0.269358E-03   0.840000E+00
     477   0.166950E+02   0.477000E+00   0.252967E-03   0.885384E-02   0.255797E-03   0.805000E+00
     478   0.167300E+02   0.478000E+00   0.241200E-03   0.844201E-02   0.243712E-03   0.770000E+00
     479   0.167650E+02   0.479000E+00   0.228191E-03   0.798669E-02   0.231110E-03   0.735000E+00
     480   0.168000E+02   0.480000E+00   0.217431E-03   0.761010E-02   0.219249E-03   0.700000E+00
     481   0.168350E+02   0.481000E+00   0.206093E-03   0.721326E-02   0.208489E-03   0.665000E+00
     482   0.168700E+02   0.482000E+00   0.196242E-03   0.686849E-02   0.198060E-03   0.630000E+00
     483   0.169050E+02   0.483000E+00   0.185740E-03   0.650089E-02   0.187687E-03   0.595000E+00
     484   0.169400E+02   0.484000E+00   0.176351E-03   0.617229E-02   0.177717E-03   0.560000E+00
     485   0.169750E+02   0.485000E+00   0.166371E-03   0.582299E-02   0.168117E-03   0.525000E+00
     486   0.170100E+02   0.486000E+00   0.157964E-03   0.552875E-02   0.159410E-03   0.490000E+00
     487   0.170450E+02   0.487000E+00   0.149661E-03   0.523815E-02   0.151367E-03   0.455000E+00
     488   0.170800E+02   0.488000E+00   0.141573E-03   0.495506E-02   0.142823E-03   0.420000E+00
     489   0.171150E+02   0.489000E+00   0.133644E-03   0.467752E-02   0.135111E-03   0.385000E+00
     490   0.171500E+02   0.490000E+00   0.125483E-03   0.439189E-02   0.127111E-03   0.350000E+00
     491   0.171850E+02   0.491000E+00   0.119488E-03   0.418209E-02   0.120283E-03   0.315000E+00
     492   0.172200E+02   0.492000E+00   0.112575E-03   0.394014E-02   0.113500E-03   0.280000E+00
     493   0.172550E+02   0.493000E+00   0.105808E-03   0.370327E-02   0.107040E-03   0.245000E+00
     494   0.172900E+02   0.494000E+00   0.994809E-04   0.348183E-02   0.100722E-03   0.210000E+00
     495   0.173250E+02   0.495000E+00   0.938247E-04   0.328387E-02   0.947201E-04   0.175000E+00
     496   0.173600E+02   0.496000E+00   0.883628E-04   0.309270E-02   0.892036E-04   0.140000E+00
     497   0.173950E+02   0.497000E+00   0.825850E-04   0.289048E-02   0.834392E-04   0.105000E+00
     498   0.174300E+02   0.498000E+00   0.780615E-04   0.273215E-02   0.789733E-04   0.700000E-01
     499   0.174650E+02   0.499000E+00   0.732168E-04   0.256259E-02   0.739854E-04   0.350000E-01
     500   0.175000E+02   0.500000E+00   0.351649E-04   0.123077E-02   0.356784E-04   0.000000E+00
