    ilogbin    ln(x)=LNXMIN+ilogbin*DELLNX/NLOGBIN  x=exp(ln(x))   P(ln(x))  P(x)=P(ln(x))/x   x/L    P(x)*L
       0  -0.230259E+01   0.100000E+00   0.814318E-05   0.814318E-04   0.285714E-02   0.285011E-02
       1  -0.224401E+01   0.106033E+00   0.879926E-05   0.829861E-04   0.302951E-02   0.290451E-02
       2  -0.218543E+01   0.112430E+00   0.939015E-05   0.835201E-04   0.321228E-02   0.292320E-02
       3  -0.212685E+01   0.119213E+00   0.100982E-04   0.847072E-04   0.340607E-02   0.296475E-02
       4  -0.206827E+01   0.126405E+00   0.108661E-04   0.859625E-04   0.361156E-02   0.300869E-02
       5  -0.200969E+01   0.134030E+00   0.117315E-04   0.875283E-04   0.382944E-02   0.306349E-02
       6  -0.195111E+01   0.142116E+00   0.126138E-04   0.887570E-04   0.406047E-02   0.310650E-02
       7  -0.189253E+01   0.150690E+00   0.135868E-04   0.901639E-04   0.430543E-02   0.315574E-02
       8  -0.183395E+01   0.159781E+00   0.146112E-04   0.914451E-04   0.456517E-02   0.320058E-02
       9  -0.177537E+01   0.169421E+00   0.157538E-04   0.929861E-04   0.484059E-02   0.325452E-02
      10  -0.171679E+01   0.179642E+00   0.170108E-04   0.946930E-04   0.513262E-02   0.331426E-02
      11  -0.165821E+01   0.190479E+00   0.183940E-04   0.965668E-04   0.544226E-02   0.337984E-02
      12  -0.159963E+01   0.201971E+00   0.196102E-04   0.970943E-04   0.577059E-02   0.339830E-02
      13  -0.154105E+01   0.214155E+00   0.215514E-04   0.100634E-03   0.611872E-02   0.352220E-02
      14  -0.148247E+01   0.227075E+00   0.234173E-04   0.103126E-03   0.648786E-02   0.360941E-02
      15  -0.142390E+01   0.240774E+00   0.252473E-04   0.104859E-03   0.687927E-02   0.367005E-02
      16  -0.136532E+01   0.255300E+00   0.274540E-04   0.107536E-03   0.729429E-02   0.376376E-02
      17  -0.130674E+01   0.270702E+00   0.299325E-04   0.110574E-03   0.773434E-02   0.387008E-02
      18  -0.124816E+01   0.287033E+00   0.327948E-04   0.114254E-03   0.820095E-02   0.399890E-02
      19  -0.118958E+01   0.304350E+00   0.357180E-04   0.117358E-03   0.869571E-02   0.410754E-02
      20  -0.113100E+01   0.322711E+00   0.390789E-04   0.121096E-03   0.922031E-02   0.423835E-02
      21  -0.107242E+01   0.342180E+00   0.423752E-04   0.123839E-03   0.977656E-02   0.433436E-02
      22  -0.101384E+01   0.362823E+00   0.467117E-04   0.128745E-03   0.103664E-01   0.450608E-02
      23  -0.955260E+00   0.384712E+00   0.513907E-04   0.133582E-03   0.109918E-01   0.467538E-02
      24  -0.896681E+00   0.407921E+00   0.567023E-04   0.139003E-03   0.116549E-01   0.486511E-02
      25  -0.838102E+00   0.432531E+00   0.624634E-04   0.144414E-03   0.123580E-01   0.505448E-02
      26  -0.779522E+00   0.458625E+00   0.689945E-04   0.150438E-03   0.131036E-01   0.526532E-02
      27  -0.720943E+00   0.486293E+00   0.763978E-04   0.157102E-03   0.138941E-01   0.549858E-02
      28  -0.662364E+00   0.515631E+00   0.846311E-04   0.164131E-03   0.147323E-01   0.574459E-02
      29  -0.603784E+00   0.546739E+00   0.944473E-04   0.172747E-03   0.156211E-01   0.604614E-02
      30  -0.545205E+00   0.579723E+00   0.105284E-03   0.181611E-03   0.165635E-01   0.635640E-02
      31  -0.486626E+00   0.614697E+00   0.117795E-03   0.191631E-03   0.175628E-01   0.670707E-02
      32  -0.428046E+00   0.651781E+00   0.131923E-03   0.202403E-03   0.186223E-01   0.708411E-02
      33  -0.369467E+00   0.691102E+00   0.148283E-03   0.214560E-03   0.197458E-01   0.750958E-02
      34  -0.310888E+00   0.732796E+00   0.166920E-03   0.227785E-03   0.209370E-01   0.797247E-02
      35  -0.252308E+00   0.777005E+00   0.189527E-03   0.243920E-03   0.222001E-01   0.853719E-02
      36  -0.193729E+00   0.823881E+00   0.214656E-03   0.260542E-03   0.235395E-01   0.911899E-02
      37  -0.135150E+00   0.873585E+00   0.243794E-03   0.279073E-03   0.249596E-01   0.976754E-02
      38  -0.765705E-01   0.926288E+00   0.278628E-03   0.300800E-03   0.264654E-01   0.105280E-01
      39  -0.179912E-01   0.982170E+00   0.318504E-03   0.324286E-03   0.280620E-01   0.113500E-01
      40   0.405882E-01   0.104142E+01   0.366021E-03   0.351462E-03   0.297549E-01   0.123012E-01
      41   0.991675E-01   0.110425E+01   0.420938E-03   0.381198E-03   0.315500E-01   0.133419E-01
      42   0.157747E+00   0.117087E+01   0.485982E-03   0.415061E-03   0.334534E-01   0.145271E-01
      43   0.216326E+00   0.124151E+01   0.563912E-03   0.454216E-03   0.354716E-01   0.158976E-01
      44   0.274905E+00   0.131641E+01   0.655628E-03   0.498044E-03   0.376116E-01   0.174315E-01
      45   0.333485E+00   0.139582E+01   0.763324E-03   0.546863E-03   0.398807E-01   0.191402E-01
      46   0.392064E+00   0.148003E+01   0.895133E-03   0.604806E-03   0.422866E-01   0.211682E-01
      47   0.450643E+00   0.156932E+01   0.105121E-02   0.669847E-03   0.448378E-01   0.234447E-01
      48   0.509223E+00   0.166400E+01   0.123562E-02   0.742559E-03   0.475428E-01   0.259896E-01
      49   0.567802E+00   0.176438E+01   0.145944E-02   0.827169E-03   0.504110E-01   0.289509E-01
      50   0.626381E+00   0.187083E+01   0.172784E-02   0.923568E-03   0.534522E-01   0.323249E-01
      51   0.684961E+00   0.198369E+01   0.205199E-02   0.103443E-02   0.566770E-01   0.362050E-01
      52   0.743540E+00   0.210337E+01   0.244514E-02   0.116249E-02   0.600962E-01   0.406871E-01
      53   0.802119E+00   0.223026E+01   0.291550E-02   0.130724E-02   0.637218E-01   0.457536E-01
      54   0.860699E+00   0.236481E+01   0.348922E-02   0.147547E-02   0.675661E-01   0.516416E-01
      55   0.919278E+00   0.250748E+01   0.418286E-02   0.166815E-02   0.716423E-01   0.583854E-01
      56   0.977857E+00   0.265875E+01   0.502542E-02   0.189014E-02   0.759644E-01   0.661550E-01
      57   0.103644E+01   0.281915E+01   0.604353E-02   0.214374E-02   0.805473E-01   0.750308E-01
      58   0.109502E+01   0.298923E+01   0.728620E-02   0.243748E-02   0.854066E-01   0.853119E-01
      59   0.115360E+01   0.316957E+01   0.879311E-02   0.277423E-02   0.905591E-01   0.970980E-01
      60   0.121217E+01   0.336079E+01   0.106276E-01   0.316223E-02   0.960224E-01   0.110678E+00
      61   0.127075E+01   0.356354E+01   0.128539E-01   0.360705E-02   0.101815E+00   0.126247E+00
      62   0.132933E+01   0.377852E+01   0.155675E-01   0.412000E-02   0.107958E+00   0.144200E+00
      63   0.138791E+01   0.400648E+01   0.188558E-01   0.470632E-02   0.114471E+00   0.164721E+00
      64   0.144649E+01   0.424819E+01   0.228625E-01   0.538172E-02   0.121377E+00   0.188360E+00
      65   0.150507E+01   0.450448E+01   0.277153E-01   0.615284E-02   0.128699E+00   0.215349E+00
      66   0.156365E+01   0.477623E+01   0.335847E-01   0.703165E-02   0.136464E+00   0.246108E+00
      67   0.162223E+01   0.506437E+01   0.407122E-01   0.803895E-02   0.144696E+00   0.281363E+00
      68   0.168081E+01   0.536990E+01   0.492985E-01   0.918053E-02   0.153426E+00   0.321318E+00
      69   0.173939E+01   0.569386E+01   0.596704E-01   0.104798E-01   0.162682E+00   0.366792E+00
      70   0.179797E+01   0.603737E+01   0.721478E-01   0.119502E-01   0.172496E+00   0.418258E+00
      71   0.185655E+01   0.640160E+01   0.871069E-01   0.136071E-01   0.182903E+00   0.476247E+00
      72   0.191513E+01   0.678780E+01   0.104981E+00   0.154662E-01   0.193937E+00   0.541316E+00
      73   0.197371E+01   0.719730E+01   0.126286E+00   0.175463E-01   0.205637E+00   0.614120E+00
      74   0.203229E+01   0.763151E+01   0.151539E+00   0.198570E-01   0.218043E+00   0.694996E+00
      75   0.209086E+01   0.809191E+01   0.181363E+00   0.224129E-01   0.231197E+00   0.784453E+00
      76   0.214944E+01   0.858009E+01   0.216320E+00   0.252119E-01   0.245145E+00   0.882415E+00
      77   0.220802E+01   0.909772E+01   0.257095E+00   0.282593E-01   0.259935E+00   0.989076E+00
      78   0.226660E+01   0.964657E+01   0.304303E+00   0.315452E-01   0.275616E+00   0.110408E+01
      79   0.232518E+01   0.102285E+02   0.358437E+00   0.350428E-01   0.292244E+00   0.122650E+01
      80   0.238376E+01   0.108456E+02   0.419906E+00   0.387167E-01   0.309875E+00   0.135508E+01
      81   0.244234E+01   0.114999E+02   0.488902E+00   0.425135E-01   0.328569E+00   0.148797E+01
      82   0.250092E+01   0.121937E+02   0.565203E+00   0.463520E-01   0.348392E+00   0.162232E+01
      83   0.255950E+01   0.129293E+02   0.648123E+00   0.501281E-01   0.369410E+00   0.175448E+01
      84   0.261808E+01   0.137094E+02   0.736186E+00   0.536995E-01   0.391696E+00   0.187948E+01
      85   0.267666E+01   0.145364E+02   0.827227E+00   0.569072E-01   0.415327E+00   0.199175E+01
      86   0.273524E+01   0.154134E+02   0.917571E+00   0.595308E-01   0.440383E+00   0.208358E+01
      87   0.279382E+01   0.163433E+02   0.100276E+01   0.613562E-01   0.466951E+00   0.214747E+01
      88   0.285240E+01   0.173293E+02   0.107678E+01   0.621366E-01   0.495122E+00   0.217478E+01
      89   0.291098E+01   0.183747E+02   0.113284E+01   0.616519E-01   0.524992E+00   0.215782E+01
      90   0.296955E+01   0.194832E+02   0.116286E+01   0.596853E-01   0.556664E+00   0.208898E+01
      91   0.302813E+01   0.206586E+02   0.115903E+01   0.561040E-01   0.590247E+00   0.196364E+01
      92   0.308671E+01   0.219050E+02   0.111424E+01   0.508670E-01   0.625856E+00   0.178035E+01
      93   0.314529E+01   0.232265E+02   0.102341E+01   0.440621E-01   0.663614E+00   0.154217E+01
      94   0.320387E+01   0.246277E+02   0.886106E+00   0.359801E-01   0.703649E+00   0.125930E+01
      95   0.326245E+01   0.261135E+02   0.708767E+00   0.271418E-01   0.746099E+00   0.949963E+00
      96   0.332103E+01   0.276889E+02   0.506982E+00   0.183100E-01   0.791111E+00   0.640849E+00
      97   0.337961E+01   0.293593E+02   0.306358E+00   0.104348E-01   0.838838E+00   0.365217E+00
      98   0.343819E+01   0.311305E+02   0.140190E+00   0.450330E-02   0.889444E+00   0.157615E+00
      99   0.349677E+01   0.330086E+02   0.381236E-01   0.115496E-02   0.943103E+00   0.404236E-01
     100   0.355535E+01   0.350000E+02   0.308472E-02   0.881349E-04   0.100000E+01   0.308472E-02
