   ilogbin    ln(x)=LNXMIN+ilogbin*DELLNX/NLOGBIN  x=exp(ln(x))   P(ln(x))  P(x)=P(ln(x))/x   x/L    P(x)*L
       0  -0.230259E+01   0.100000E+00   0.789109E+00   0.789109E+01   0.714286E-04   0.110475E+05
       1  -0.220712E+01   0.110017E+00   0.839639E+00   0.763188E+01   0.785838E-04   0.106846E+05
       2  -0.211165E+01   0.121038E+00   0.879903E+00   0.726963E+01   0.864559E-04   0.101775E+05
       3  -0.201618E+01   0.133163E+00   0.927151E+00   0.696252E+01   0.951165E-04   0.974753E+04
       4  -0.192071E+01   0.146503E+00   0.971318E+00   0.663004E+01   0.104645E-03   0.928206E+04
       5  -0.182524E+01   0.161178E+00   0.101407E+01   0.629162E+01   0.115127E-03   0.880827E+04
       6  -0.172978E+01   0.177324E+00   0.104889E+01   0.591511E+01   0.126660E-03   0.828115E+04
       7  -0.163431E+01   0.195087E+00   0.107718E+01   0.552153E+01   0.139348E-03   0.773014E+04
       8  -0.153884E+01   0.214630E+00   0.110441E+01   0.514566E+01   0.153307E-03   0.720392E+04
       9  -0.144337E+01   0.236130E+00   0.111772E+01   0.473349E+01   0.168664E-03   0.662688E+04
      10  -0.134790E+01   0.259784E+00   0.112039E+01   0.431279E+01   0.185560E-03   0.603790E+04
      11  -0.125244E+01   0.285808E+00   0.112547E+01   0.393785E+01   0.204148E-03   0.551299E+04
      12  -0.115697E+01   0.314438E+00   0.111236E+01   0.353761E+01   0.224599E-03   0.495266E+04
      13  -0.106150E+01   0.345937E+00   0.109262E+01   0.315844E+01   0.247098E-03   0.442181E+04
      14  -0.966031E+00   0.380590E+00   0.105827E+01   0.278060E+01   0.271850E-03   0.389284E+04
      15  -0.870563E+00   0.418716E+00   0.101469E+01   0.242333E+01   0.299083E-03   0.339266E+04
      16  -0.775095E+00   0.460660E+00   0.969497E+00   0.210458E+01   0.329043E-03   0.294641E+04
      17  -0.679627E+00   0.506806E+00   0.910903E+00   0.179734E+01   0.362004E-03   0.251628E+04
      18  -0.584159E+00   0.557575E+00   0.850741E+00   0.152579E+01   0.398268E-03   0.213610E+04
      19  -0.488691E+00   0.613429E+00   0.791298E+00   0.128996E+01   0.438164E-03   0.180594E+04
      20  -0.393223E+00   0.674879E+00   0.730687E+00   0.108269E+01   0.482056E-03   0.151577E+04
      21  -0.297754E+00   0.742484E+00   0.676882E+00   0.911645E+00   0.530345E-03   0.127630E+04
      22  -0.202286E+00   0.816861E+00   0.626082E+00   0.766449E+00   0.583472E-03   0.107303E+04
      23  -0.106818E+00   0.898689E+00   0.583020E+00   0.648745E+00   0.641921E-03   0.908242E+03
      24  -0.113501E-01   0.988714E+00   0.543597E+00   0.549802E+00   0.706224E-03   0.769723E+03
      25   0.841181E-01   0.108776E+01   0.513550E+00   0.472118E+00   0.776970E-03   0.660965E+03
      26   0.179586E+00   0.119672E+01   0.491136E+00   0.410401E+00   0.854801E-03   0.574562E+03
      27   0.275054E+00   0.131660E+01   0.474280E+00   0.360230E+00   0.940430E-03   0.504323E+03
      28   0.370522E+00   0.144849E+01   0.462579E+00   0.319352E+00   0.103464E-02   0.447093E+03
      29   0.465991E+00   0.159359E+01   0.455492E+00   0.285827E+00   0.113828E-02   0.400158E+03
      30   0.561459E+00   0.175323E+01   0.452410E+00   0.258044E+00   0.125231E-02   0.361262E+03
      31   0.656927E+00   0.192886E+01   0.453205E+00   0.234961E+00   0.137775E-02   0.328945E+03
      32   0.752395E+00   0.212208E+01   0.455906E+00   0.214839E+00   0.151577E-02   0.300775E+03
      33   0.847863E+00   0.233465E+01   0.458838E+00   0.196534E+00   0.166761E-02   0.275147E+03
      34   0.943331E+00   0.256852E+01   0.464318E+00   0.180772E+00   0.183466E-02   0.253081E+03
      35   0.103880E+01   0.282582E+01   0.470234E+00   0.166406E+00   0.201844E-02   0.232968E+03
      36   0.113427E+01   0.310890E+01   0.477148E+00   0.153478E+00   0.222064E-02   0.214870E+03
      37   0.122974E+01   0.342032E+01   0.483229E+00   0.141282E+00   0.244309E-02   0.197794E+03
      38   0.132520E+01   0.376295E+01   0.491045E+00   0.130495E+00   0.268782E-02   0.182692E+03
      39   0.142067E+01   0.413990E+01   0.497667E+00   0.120212E+00   0.295707E-02   0.168297E+03
      40   0.151614E+01   0.455461E+01   0.505161E+00   0.110912E+00   0.325329E-02   0.155277E+03
      41   0.161161E+01   0.501086E+01   0.512643E+00   0.102306E+00   0.357919E-02   0.143229E+03
      42   0.170708E+01   0.551282E+01   0.521516E+00   0.946005E-01   0.393773E-02   0.132441E+03
      43   0.180254E+01   0.606506E+01   0.529626E+00   0.873242E-01   0.433219E-02   0.122254E+03
      44   0.189801E+01   0.667262E+01   0.538820E+00   0.807509E-01   0.476616E-02   0.113051E+03
      45   0.199348E+01   0.734104E+01   0.548033E+00   0.746533E-01   0.524360E-02   0.104515E+03
      46   0.208895E+01   0.807642E+01   0.558651E+00   0.691706E-01   0.576887E-02   0.968388E+02
      47   0.218442E+01   0.888547E+01   0.567779E+00   0.638997E-01   0.634676E-02   0.894596E+02
      48   0.227988E+01   0.977556E+01   0.577652E+00   0.590915E-01   0.698254E-02   0.827281E+02
      49   0.237535E+01   0.107548E+02   0.588935E+00   0.547601E-01   0.768201E-02   0.766642E+02
      50   0.247082E+01   0.118322E+02   0.598486E+00   0.505813E-01   0.845154E-02   0.708138E+02
      51   0.256629E+01   0.130174E+02   0.611255E+00   0.469566E-01   0.929817E-02   0.657393E+02
      52   0.266176E+01   0.143214E+02   0.621983E+00   0.434302E-01   0.102296E-01   0.608023E+02
      53   0.275723E+01   0.157561E+02   0.635112E+00   0.403090E-01   0.112543E-01   0.564326E+02
      54   0.285269E+01   0.173344E+02   0.645505E+00   0.372384E-01   0.123817E-01   0.521337E+02
      55   0.294816E+01   0.190709E+02   0.656374E+00   0.344176E-01   0.136220E-01   0.481847E+02
      56   0.304363E+01   0.209813E+02   0.670393E+00   0.319520E-01   0.149866E-01   0.447328E+02
      57   0.313910E+01   0.230830E+02   0.684150E+00   0.296386E-01   0.164879E-01   0.414941E+02
      58   0.323457E+01   0.253954E+02   0.697989E+00   0.274849E-01   0.181395E-01   0.384789E+02
      59   0.333003E+01   0.279393E+02   0.711780E+00   0.254759E-01   0.199566E-01   0.356663E+02
      60   0.342550E+01   0.307381E+02   0.728840E+00   0.237113E-01   0.219558E-01   0.331958E+02
      61   0.352097E+01   0.338172E+02   0.747494E+00   0.221039E-01   0.241552E-01   0.309455E+02
      62   0.361644E+01   0.372048E+02   0.762420E+00   0.204925E-01   0.265749E-01   0.286895E+02
      63   0.371191E+01   0.409318E+02   0.778376E+00   0.190164E-01   0.292370E-01   0.266230E+02
      64   0.380737E+01   0.450321E+02   0.799322E+00   0.177501E-01   0.321658E-01   0.248501E+02
      65   0.390284E+01   0.495431E+02   0.821175E+00   0.165750E-01   0.353879E-01   0.232049E+02
      66   0.399831E+01   0.545060E+02   0.837535E+00   0.153659E-01   0.389329E-01   0.215123E+02
      67   0.409378E+01   0.599661E+02   0.859498E+00   0.143331E-01   0.428329E-01   0.200663E+02
      68   0.418925E+01   0.659731E+02   0.882438E+00   0.133757E-01   0.471237E-01   0.187260E+02
      69   0.428472E+01   0.725819E+02   0.903465E+00   0.124475E-01   0.518442E-01   0.174265E+02
      70   0.438018E+01   0.798527E+02   0.930787E+00   0.116563E-01   0.570376E-01   0.163188E+02
      71   0.447565E+01   0.878518E+02   0.954775E+00   0.108680E-01   0.627513E-01   0.152152E+02
      72   0.457112E+01   0.966523E+02   0.985432E+00   0.101956E-01   0.690374E-01   0.142739E+02
      73   0.466659E+01   0.106334E+03   0.101594E+01   0.955416E-02   0.759531E-01   0.133758E+02
      74   0.476206E+01   0.116986E+03   0.105207E+01   0.899314E-02   0.835616E-01   0.125904E+02
      75   0.485752E+01   0.128705E+03   0.108907E+01   0.846173E-02   0.919323E-01   0.118464E+02
      76   0.495299E+01   0.141598E+03   0.112177E+01   0.792220E-02   0.101141E+00   0.110911E+02
      77   0.504846E+01   0.155782E+03   0.114893E+01   0.737523E-02   0.111273E+00   0.103253E+02
      78   0.514393E+01   0.171388E+03   0.121063E+01   0.706367E-02   0.122420E+00   0.988914E+01
      79   0.523940E+01   0.188556E+03   0.127162E+01   0.674397E-02   0.134683E+00   0.944155E+01
      80   0.533486E+01   0.207445E+03   0.133361E+01   0.642873E-02   0.148175E+00   0.900022E+01
      81   0.543033E+01   0.228225E+03   0.137959E+01   0.604487E-02   0.163018E+00   0.846282E+01
      82   0.552580E+01   0.251087E+03   0.142915E+01   0.569185E-02   0.179348E+00   0.796859E+01
      83   0.562127E+01   0.276240E+03   0.152221E+01   0.551048E-02   0.197314E+00   0.771468E+01
      84   0.571674E+01   0.303912E+03   0.161035E+01   0.529873E-02   0.217080E+00   0.741822E+01
      85   0.581221E+01   0.334356E+03   0.170408E+01   0.509662E-02   0.238826E+00   0.713527E+01
      86   0.590767E+01   0.367849E+03   0.179935E+01   0.489153E-02   0.262750E+00   0.684815E+01
      87   0.600314E+01   0.404698E+03   0.190740E+01   0.471315E-02   0.289070E+00   0.659841E+01
      88   0.609861E+01   0.445238E+03   0.203045E+01   0.456037E-02   0.318027E+00   0.638452E+01
      89   0.619408E+01   0.489840E+03   0.212927E+01   0.434686E-02   0.349885E+00   0.608561E+01
      90   0.628955E+01   0.538909E+03   0.226979E+01   0.421184E-02   0.384935E+00   0.589657E+01
      91   0.638501E+01   0.592893E+03   0.242535E+01   0.409071E-02   0.423495E+00   0.572699E+01
      92   0.648048E+01   0.652286E+03   0.257993E+01   0.395521E-02   0.465918E+00   0.553729E+01
      93   0.657595E+01   0.717628E+03   0.278804E+01   0.388509E-02   0.512591E+00   0.543912E+01
      94   0.667142E+01   0.789515E+03   0.303455E+01   0.384356E-02   0.563939E+00   0.538098E+01
      95   0.676689E+01   0.868604E+03   0.340615E+01   0.392141E-02   0.620431E+00   0.548998E+01
      96   0.686236E+01   0.955615E+03   0.396884E+01   0.415318E-02   0.682582E+00   0.581445E+01
      97   0.695782E+01   0.105134E+04   0.480000E+01   0.456559E-02   0.750959E+00   0.639182E+01
      98   0.705329E+01   0.115666E+04   0.644299E+01   0.557034E-02   0.826185E+00   0.779848E+01
      99   0.714876E+01   0.127253E+04   0.107629E+02   0.845788E-02   0.908947E+00   0.118410E+02
     100   0.724423E+01   0.140000E+04   0.528209E+02   0.377292E-01   0.100000E+01   0.528209E+02
