
     time  configs     <nwalker>    std.dev.nw           <r>         <r^2>     std.dev.r   std.dev.r^2
        1   108672  0.100000E+01  0.000000E+00  0.317583E-02  0.996868E+00  0.302871E-02  0.428914E-02
        2   107577  0.100954E+01  0.971926E-01  0.425401E-02  0.344659E+01  0.566023E-02  0.148643E-01
        3   106598  0.101963E+01  0.140154E+00  0.558489E-02  0.711196E+01  0.816806E-02  0.308160E-01
        4   105609  0.102928E+01  0.171701E+00  0.494443E-02  0.118904E+02  0.106108E-01  0.518857E-01
        5   104619  0.103966E+01  0.201089E+00  0.305334E-02  0.176983E+02  0.130065E-01  0.775395E-01
        6   103621  0.104955E+01  0.225510E+00  0.101564E-02  0.244902E+02  0.153735E-01  0.107837E+00
        7   102669  0.105964E+01  0.248535E+00 -0.255246E-02  0.322022E+02  0.177102E-01  0.142629E+00
        8   101732  0.106886E+01  0.268547E+00 -0.442007E-02  0.407737E+02  0.200199E-01  0.181723E+00
        9   100843  0.107883E+01  0.288792E+00 -0.448645E-02  0.502485E+02  0.223223E-01  0.225136E+00
       10    99898  0.108918E+01  0.307996E+00 -0.305075E-02  0.605757E+02  0.246247E-01  0.272775E+00
       11    99022  0.109951E+01  0.326924E+00  0.686744E-02  0.717224E+02  0.269130E-01  0.324909E+00
       12    98138  0.110877E+01  0.343522E+00  0.678933E-02  0.835761E+02  0.291825E-01  0.380013E+00
       13    97309  0.111905E+01  0.361034E+00  0.615742E-02  0.962283E+02  0.314467E-01  0.439649E+00
       14    96482  0.112896E+01  0.377256E+00  0.452229E-02  0.109599E+03  0.337039E-01  0.502305E+00
       15    95624  0.113963E+01  0.393965E+00  0.319360E-02  0.123606E+03  0.359531E-01  0.569642E+00
       16    94808  0.114929E+01  0.409224E+00  0.921744E-02  0.138281E+03  0.381908E-01  0.639882E+00
       17    94010  0.115911E+01  0.424593E+00  0.176588E-01  0.153773E+03  0.404439E-01  0.714026E+00
       18    93211  0.116933E+01  0.439328E+00  0.210850E-01  0.169892E+03  0.426925E-01  0.791950E+00
       19    92536  0.117877E+01  0.453767E+00  0.224214E-01  0.186660E+03  0.449128E-01  0.872818E+00
       20    91793  0.118859E+01  0.467785E+00  0.156173E-01  0.204170E+03  0.471618E-01  0.958123E+00
       21    91056  0.119821E+01  0.481935E+00  0.106377E-01  0.221959E+03  0.493722E-01  0.104562E+01
       22    90368  0.120851E+01  0.496156E+00  0.190976E-01  0.240690E+03  0.516085E-01  0.113815E+01
       23    89644  0.121856E+01  0.510702E+00  0.185577E-01  0.259953E+03  0.538501E-01  0.123544E+01
       24    88907  0.122856E+01  0.525014E+00  0.177240E-01  0.279860E+03  0.561051E-01  0.133535E+01
       25    88190  0.123824E+01  0.538154E+00  0.703344E-02  0.300475E+03  0.583706E-01  0.143989E+01
       26    87519  0.124793E+01  0.551230E+00  0.771698E-02  0.321750E+03  0.606329E-01  0.154838E+01
       27    86824  0.125776E+01  0.564132E+00  0.147440E-01  0.343198E+03  0.628713E-01  0.166022E+01
       28    86161  0.126822E+01  0.578326E+00  0.254318E-01  0.365191E+03  0.651035E-01  0.177399E+01
       29    85485  0.127841E+01  0.591134E+00  0.234185E-01  0.387836E+03  0.673564E-01  0.189167E+01
       30    84837  0.128901E+01  0.603988E+00  0.223101E-01  0.410959E+03  0.695996E-01  0.201159E+01
       31    84239  0.129960E+01  0.617883E+00  0.204992E-01  0.434591E+03  0.718263E-01  0.213509E+01
       32    83576  0.131003E+01  0.630992E+00  0.188693E-01  0.458410E+03  0.740604E-01  0.226034E+01
       33    82959  0.132027E+01  0.643904E+00  0.167957E-01  0.482962E+03  0.763000E-01  0.239054E+01
       34    82354  0.133034E+01  0.657554E+00  0.921354E-03  0.507853E+03  0.785284E-01  0.252357E+01
       35    81748  0.134040E+01  0.670292E+00  0.857920E-02  0.533183E+03  0.807606E-01  0.265925E+01
       36    81159  0.134986E+01  0.682643E+00  0.208640E-01  0.558981E+03  0.829908E-01  0.279937E+01
       37    80578  0.135888E+01  0.693594E+00  0.239455E-01  0.585068E+03  0.852108E-01  0.294111E+01
       38    80002  0.136893E+01  0.705984E+00  0.194270E-01  0.611466E+03  0.874250E-01  0.308559E+01
       39    79405  0.137985E+01  0.718875E+00  0.240139E-01  0.638361E+03  0.896621E-01  0.323243E+01
       40    78860  0.139017E+01  0.729768E+00  0.273974E-01  0.666300E+03  0.919192E-01  0.338640E+01
       42    77786  0.141022E+01  0.752574E+00  0.416401E-01  0.722378E+03  0.963676E-01  0.369871E+01
       44    76663  0.143158E+01  0.777798E+00  0.433733E-01  0.779895E+03  0.100861E+00  0.402529E+01
       46    75666  0.145151E+01  0.800696E+00  0.409939E-01  0.839592E+03  0.105338E+00  0.436578E+01
       48    74652  0.147303E+01  0.827033E+00  0.417565E-01  0.900991E+03  0.109860E+00  0.472254E+01
       50    73772  0.149269E+01  0.851568E+00  0.406680E-01  0.963188E+03  0.114264E+00  0.508222E+01
       52    72841  0.151212E+01  0.874393E+00  0.420883E-01  0.102678E+04  0.118727E+00  0.545645E+01
       54    71913  0.153139E+01  0.896438E+00  0.308532E-01  0.109139E+04  0.123193E+00  0.583784E+01
       56    71057  0.155150E+01  0.918677E+00  0.396515E-01  0.115605E+04  0.127551E+00  0.622157E+01
       58    70184  0.157143E+01  0.941056E+00  0.378342E-01  0.122165E+04  0.131933E+00  0.661874E+01
       60    69284  0.159093E+01  0.962208E+00  0.505639E-01  0.128762E+04  0.136326E+00  0.702547E+01
       63    68036  0.162058E+01  0.995594E+00  0.624549E-01  0.138947E+04  0.142907E+00  0.765385E+01
       66    66808  0.165152E+01  0.103174E+01  0.607986E-01  0.149493E+04  0.149588E+00  0.831655E+01
       69    65655  0.168249E+01  0.106530E+01  0.615093E-01  0.159979E+04  0.156098E+00  0.897385E+01
       72    64603  0.171186E+01  0.109914E+01  0.280234E-01  0.170995E+04  0.162692E+00  0.967233E+01
       75    63540  0.174410E+01  0.113608E+01  0.303742E-01  0.182384E+04  0.169422E+00  0.104116E+02
       78    62468  0.177438E+01  0.116757E+01  0.240735E-01  0.194051E+04  0.176250E+00  0.111542E+02
       81    61459  0.180452E+01  0.119971E+01 -0.153093E-01  0.205585E+04  0.182896E+00  0.119102E+02
       85    60226  0.184533E+01  0.124133E+01 -0.246525E-01  0.221247E+04  0.191667E+00  0.129756E+02
       89    58960  0.188334E+01  0.128608E+01 -0.407018E-01  0.236914E+04  0.200455E+00  0.140583E+02
       93    57783  0.192482E+01  0.132972E+01 -0.251230E-01  0.253041E+04  0.209264E+00  0.151884E+02
       97    56642  0.196720E+01  0.137474E+01  0.446589E-02  0.269404E+04  0.218088E+00  0.163681E+02
      101    55565  0.200461E+01  0.141517E+01 -0.194490E-01  0.285688E+04  0.226749E+00  0.175526E+02
      106    54272  0.205749E+01  0.147482E+01 -0.112929E-01  0.306134E+04  0.237502E+00  0.190380E+02
      111    53068  0.210782E+01  0.152936E+01 -0.382345E-02  0.327286E+04  0.248340E+00  0.205869E+02
      116    51885  0.215700E+01  0.158100E+01  0.212579E-01  0.347812E+04  0.258911E+00  0.221322E+02
      121    50765  0.220672E+01  0.163389E+01 -0.104183E-01  0.368154E+04  0.269298E+00  0.236989E+02
      127    49415  0.226777E+01  0.169444E+01  0.135070E-01  0.393050E+04  0.282029E+00  0.256567E+02
      133    48266  0.232926E+01  0.175622E+01 -0.213661E-01  0.418246E+04  0.294371E+00  0.277618E+02
      139    47141  0.238992E+01  0.182404E+01 -0.103296E+00  0.443419E+04  0.306695E+00  0.297427E+02
      145    45997  0.245570E+01  0.188867E+01  0.214809E-01  0.468828E+04  0.319258E+00  0.318374E+02
      152    44832  0.252824E+01  0.196100E+01 -0.348610E-01  0.499660E+04  0.333844E+00  0.342713E+02
      159    43685  0.260440E+01  0.203624E+01 -0.548357E-01  0.529432E+04  0.348128E+00  0.368001E+02
      166    42563  0.267895E+01  0.211578E+01 -0.200213E+00  0.559772E+04  0.362650E+00  0.395409E+02
      174    41339  0.276003E+01  0.219789E+01 -0.302058E+00  0.593331E+04  0.378848E+00  0.424947E+02
      182    40215  0.283630E+01  0.227612E+01 -0.446483E+00  0.627868E+04  0.395124E+00  0.457775E+02
      191    39031  0.293380E+01  0.238060E+01 -0.602934E+00  0.666758E+04  0.413302E+00  0.491766E+02
      200    37855  0.303733E+01  0.248700E+01 -0.736093E+00  0.705630E+04  0.431728E+00  0.528674E+02
      210    36664  0.314199E+01  0.259437E+01 -0.831640E+00  0.747660E+04  0.451556E+00  0.568213E+02
      220    35556  0.324916E+01  0.271070E+01 -0.852789E+00  0.790243E+04  0.471415E+00  0.606560E+02
      231    34394  0.336887E+01  0.283282E+01 -0.956720E+00  0.839609E+04  0.494053E+00  0.653648E+02
      242    33369  0.348129E+01  0.295576E+01 -0.848326E+00  0.886398E+04  0.515377E+00  0.691544E+02
      254    32286  0.360131E+01  0.307871E+01 -0.798844E+00  0.936542E+04  0.538569E+00  0.742408E+02
      266    31204  0.373760E+01  0.320189E+01 -0.742608E+00  0.991154E+04  0.563577E+00  0.795371E+02
      279    30194  0.387786E+01  0.335023E+01 -0.993385E+00  0.104467E+05  0.588177E+00  0.845128E+02
      292    29287  0.400819E+01  0.347146E+01 -0.114662E+01  0.109568E+05  0.611615E+00  0.891713E+02
      306    28320  0.416066E+01  0.362578E+01 -0.136932E+01  0.115667E+05  0.639033E+00  0.954791E+02
      321    27350  0.432995E+01  0.378790E+01 -0.121437E+01  0.121735E+05  0.667119E+00  0.101226E+03
      337    26402  0.449992E+01  0.395246E+01 -0.113835E+01  0.128683E+05  0.698104E+00  0.108702E+03
      353    25521  0.467928E+01  0.411644E+01 -0.826015E+00  0.135039E+05  0.727393E+00  0.115586E+03
      370    24646  0.487832E+01  0.431776E+01 -0.919664E+00  0.141666E+05  0.758135E+00  0.122193E+03
      388    23776  0.508626E+01  0.450179E+01 -0.101726E+01  0.148572E+05  0.790468E+00  0.129057E+03
      407    22974  0.529607E+01  0.472850E+01 -0.118978E+01  0.156328E+05  0.824859E+00  0.136860E+03
      427    22161  0.554591E+01  0.498697E+01 -0.131030E+01  0.163338E+05  0.858472E+00  0.143692E+03
      448    21386  0.580277E+01  0.525110E+01 -0.131802E+01  0.171489E+05  0.895430E+00  0.152326E+03
      470    20666  0.606455E+01  0.554470E+01 -0.979767E+00  0.180157E+05  0.933654E+00  0.161081E+03
      493    19940  0.634614E+01  0.583203E+01 -0.112404E+01  0.190112E+05  0.976401E+00  0.171445E+03
      517    19213  0.662177E+01  0.608165E+01 -0.114865E+01  0.199564E+05  0.101913E+01  0.181427E+03
      542    18556  0.692299E+01  0.635462E+01 -0.134686E+01  0.210163E+05  0.106419E+01  0.193065E+03
      569    17887  0.723900E+01  0.665091E+01 -0.134178E+01  0.221593E+05  0.111299E+01  0.206122E+03
      597    17235  0.757134E+01  0.696255E+01 -0.132116E+01  0.231426E+05  0.115874E+01  0.218256E+03
      626    16629  0.789861E+01  0.726441E+01 -0.143385E+01  0.242225E+05  0.120686E+01  0.231979E+03
      657    16049  0.830114E+01  0.768659E+01 -0.123989E+01  0.253042E+05  0.125562E+01  0.242873E+03
      689    15463  0.868370E+01  0.808968E+01 -0.420610E+00  0.262998E+05  0.130415E+01  0.255339E+03
      723    14924  0.909702E+01  0.852119E+01 -0.784040E+00  0.274927E+05  0.135725E+01  0.268033E+03
      759    14364  0.950738E+01  0.893118E+01 -0.524709E+00  0.288865E+05  0.141810E+01  0.282732E+03
      796    13832  0.997759E+01  0.929819E+01 -0.118516E+01  0.304869E+05  0.148458E+01  0.300860E+03
      835    13360  0.104287E+02  0.969303E+01 -0.102292E+01  0.318790E+05  0.154469E+01  0.314912E+03
      876    12870  0.109545E+02  0.102265E+02 -0.121875E+01  0.334543E+05  0.161223E+01  0.332683E+03
      919    12405  0.114918E+02  0.108322E+02 -0.724975E+00  0.352443E+05  0.168555E+01  0.355804E+03
      964    11984  0.120762E+02  0.114635E+02 -0.665932E+00  0.370539E+05  0.175838E+01  0.374623E+03
     1012    11540  0.127267E+02  0.120837E+02 -0.625734E+00  0.388695E+05  0.183527E+01  0.395406E+03
     1062    11117  0.134346E+02  0.128031E+02  0.721803E+00  0.405909E+05  0.191081E+01  0.415502E+03
     1115    10735  0.141453E+02  0.133809E+02  0.853763E+00  0.424659E+05  0.198891E+01  0.433052E+03
     1170    10352  0.148654E+02  0.141651E+02  0.108752E+01  0.441881E+05  0.206602E+01  0.450909E+03
     1228     9970  0.156534E+02  0.149403E+02  0.441105E+00  0.459964E+05  0.214790E+01  0.470581E+03
     1289     9641  0.164950E+02  0.157663E+02  0.721411E+00  0.483276E+05  0.223890E+01  0.495777E+03
     1353     9270  0.175708E+02  0.167350E+02  0.138594E+01  0.503513E+05  0.233054E+01  0.515967E+03
     1420     8957  0.185962E+02  0.177406E+02  0.881142E+00  0.521515E+05  0.241295E+01  0.532255E+03
     1491     8670  0.196311E+02  0.189496E+02  0.186562E+01  0.542027E+05  0.250027E+01  0.553725E+03
     1565     8368  0.208164E+02  0.201797E+02  0.207467E+01  0.564347E+05  0.259684E+01  0.577309E+03
     1643     8102  0.219821E+02  0.215626E+02  0.250632E+01  0.585150E+05  0.268729E+01  0.597937E+03
     1725     7825  0.234528E+02  0.230536E+02  0.180855E+01  0.607982E+05  0.278735E+01  0.621226E+03
     1811     7577  0.249363E+02  0.246325E+02  0.109458E+01  0.631943E+05  0.288793E+01  0.637851E+03
     1901     7337  0.264515E+02  0.263893E+02  0.175113E+01  0.654342E+05  0.298630E+01  0.660029E+03
     1996     7084  0.281707E+02  0.281421E+02  0.191950E+01  0.672199E+05  0.308033E+01  0.670094E+03
     2095     6869  0.300128E+02  0.302509E+02  0.225180E+01  0.696670E+05  0.318457E+01  0.687972E+03
     2199     6656  0.319507E+02  0.322137E+02  0.248358E+01  0.713444E+05  0.327382E+01  0.694984E+03
     2308     6446  0.340697E+02  0.344238E+02  0.148151E+01  0.732552E+05  0.337107E+01  0.712167E+03
     2423     6214  0.365734E+02  0.369129E+02  0.122283E+01  0.752434E+05  0.347972E+01  0.715681E+03
     2544     6024  0.390038E+02  0.395175E+02  0.286670E+01  0.773740E+05  0.358370E+01  0.729186E+03
     2671     5849  0.417605E+02  0.424283E+02  0.312236E+01  0.794511E+05  0.368538E+01  0.742673E+03
     2804     5685  0.446579E+02  0.453689E+02  0.442744E+01  0.818625E+05  0.379424E+01  0.764184E+03
     2944     5526  0.478878E+02  0.485895E+02  0.381220E+01  0.833424E+05  0.388320E+01  0.770962E+03
     3091     5369  0.519480E+02  0.525175E+02  0.507870E+01  0.855360E+05  0.399082E+01  0.785977E+03
     3245     5224  0.558848E+02  0.567608E+02  0.377063E+01  0.867453E+05  0.407461E+01  0.793540E+03
     3407     5066  0.607278E+02  0.621586E+02  0.368641E+01  0.883943E+05  0.417682E+01  0.793935E+03
     3577     4921  0.658529E+02  0.672551E+02  0.159208E+01  0.905624E+05  0.428984E+01  0.801626E+03
     3755     4794  0.718442E+02  0.742400E+02  0.264296E+01  0.926579E+05  0.439618E+01  0.788297E+03
     3942     4690  0.772964E+02  0.801132E+02  0.303777E+01  0.939057E+05  0.447444E+01  0.785487E+03
     4139     4574  0.842667E+02  0.867871E+02  0.435099E+01  0.953234E+05  0.456466E+01  0.782680E+03
     4345     4432  0.924646E+02  0.937101E+02  0.524212E+01  0.963743E+05  0.466250E+01  0.777725E+03
     4562     4334  0.101036E+03  0.103042E+03  0.450539E+01  0.976434E+05  0.474605E+01  0.768100E+03
     4790     4245  0.110463E+03  0.111987E+03  0.230596E+01  0.984376E+05  0.481537E+01  0.759038E+03
     5029     4164  0.121409E+03  0.123665E+03  0.102058E+01  0.992737E+05  0.488269E+01  0.753508E+03
     5280     4082  0.133645E+03  0.135256E+03 -0.399104E+00  0.998982E+05  0.494700E+01  0.743025E+03
     5544     4000  0.147786E+03  0.149072E+03  0.138648E+01  0.100668E+06  0.501663E+01  0.729313E+03
     5821     3937  0.163131E+03  0.163827E+03  0.215280E+00  0.101707E+06  0.508267E+01  0.713342E+03
     6112     3865  0.181361E+03  0.181293E+03  0.226577E+01  0.102786E+06  0.515681E+01  0.710531E+03
     6417     3802  0.201955E+03  0.201245E+03  0.293877E+01  0.103171E+06  0.520900E+01  0.686135E+03
     6737     3749  0.225577E+03  0.225550E+03  0.128222E+01  0.103957E+06  0.526582E+01  0.670639E+03
     7073     3702  0.253120E+03  0.253794E+03  0.182813E+01  0.105035E+06  0.532651E+01  0.649375E+03
     7426     3653  0.286888E+03  0.287104E+03  0.107368E+01  0.104272E+06  0.534266E+01  0.621144E+03
     7797     3608  0.324567E+03  0.323804E+03  0.953432E+00  0.104477E+06  0.538114E+01  0.599980E+03
     8186     3561  0.368612E+03  0.367853E+03  0.329017E+00  0.104847E+06  0.542615E+01  0.569979E+03
     8595     3526  0.422274E+03  0.422272E+03 -0.119441E+01  0.105387E+06  0.546702E+01  0.548232E+03
     9024     3499  0.483724E+03  0.485827E+03 -0.369076E-01  0.104971E+06  0.547724E+01  0.530334E+03
     9475     3474  0.558177E+03  0.561886E+03 -0.112456E+01  0.104976E+06  0.549702E+01  0.499497E+03
     9948     3454  0.645960E+03  0.651980E+03 -0.323403E+00  0.104776E+06  0.550770E+01  0.496572E+03
    10445     3424  0.756307E+03  0.763305E+03  0.169524E+00  0.105278E+06  0.554502E+01  0.461278E+03
    10967     3407  0.888560E+03  0.895717E+03  0.657039E+00  0.105544E+06  0.556584E+01  0.448901E+03
    11515     3381  0.105235E+04  0.105659E+04  0.382811E+00  0.105253E+06  0.557950E+01  0.417236E+03
    12090     3364  0.125605E+04  0.125996E+04  0.125492E+01  0.105547E+06  0.560134E+01  0.398272E+03
    12694     3348  0.151182E+04  0.151866E+04  0.835185E+00  0.105101E+06  0.560286E+01  0.373780E+03
    13328     3334  0.183739E+04  0.184452E+04  0.104906E+01  0.105373E+06  0.562184E+01  0.342741E+03
    13994     3323  0.224504E+04  0.224705E+04  0.690009E+00  0.105530E+06  0.563535E+01  0.323352E+03
    14693     3312  0.278043E+04  0.278495E+04  0.173053E+00  0.105291E+06  0.563834E+01  0.305591E+03
    15427     3306  0.348136E+04  0.348636E+04  0.714617E+00  0.105486E+06  0.564864E+01  0.273000E+03
    16198     3304  0.438954E+04  0.440708E+04  0.141317E+01  0.105750E+06  0.565739E+01  0.250259E+03
    16384     3303  0.464144E+04  0.466146E+04  0.190760E+01  0.105613E+06  0.565454E+01  0.250289E+03
