
    ilogbin    ln(x)=LNXMIN+ilogbin*DELLNX/NLOGBIN  x=exp(ln(x))   P(ln(x))  P(x)=P(ln(x))/x   x/L    P(x)*L
       0  -0.230259E+01   0.100000E+00   0.549845E-02   0.549845E-01   0.285714E-02   0.192446E+01
       1  -0.224401E+01   0.106033E+00   0.582402E-02   0.549265E-01   0.302951E-02   0.192243E+01
       2  -0.218543E+01   0.112430E+00   0.628465E-02   0.558984E-01   0.321228E-02   0.195645E+01
       3  -0.212685E+01   0.119213E+00   0.663794E-02   0.556816E-01   0.340607E-02   0.194886E+01
       4  -0.206827E+01   0.126405E+00   0.688532E-02   0.544705E-01   0.361156E-02   0.190647E+01
       5  -0.200969E+01   0.134030E+00   0.768787E-02   0.573592E-01   0.382944E-02   0.200757E+01
       6  -0.195111E+01   0.142116E+00   0.820751E-02   0.577520E-01   0.406047E-02   0.202132E+01
       7  -0.189253E+01   0.150690E+00   0.863402E-02   0.572965E-01   0.430543E-02   0.200538E+01
       8  -0.183395E+01   0.159781E+00   0.941880E-02   0.589481E-01   0.456517E-02   0.206319E+01
       9  -0.177537E+01   0.169421E+00   0.997469E-02   0.588753E-01   0.484059E-02   0.206064E+01
      10  -0.171679E+01   0.179642E+00   0.107403E-01   0.597873E-01   0.513262E-02   0.209255E+01
      11  -0.165821E+01   0.190479E+00   0.116104E-01   0.609534E-01   0.544226E-02   0.213337E+01
      12  -0.159963E+01   0.201971E+00   0.126383E-01   0.625747E-01   0.577059E-02   0.219012E+01
      13  -0.154105E+01   0.214155E+00   0.135069E-01   0.630707E-01   0.611872E-02   0.220747E+01
      14  -0.148247E+01   0.227075E+00   0.144630E-01   0.636926E-01   0.648786E-02   0.222924E+01
      15  -0.142390E+01   0.240774E+00   0.155428E-01   0.645534E-01   0.687927E-02   0.225937E+01
      16  -0.136532E+01   0.255300E+00   0.167619E-01   0.656557E-01   0.729429E-02   0.229795E+01
      17  -0.130674E+01   0.270702E+00   0.182668E-01   0.674793E-01   0.773434E-02   0.236178E+01
      18  -0.124816E+01   0.287033E+00   0.197361E-01   0.687590E-01   0.820095E-02   0.240656E+01
      19  -0.118958E+01   0.304350E+00   0.214756E-01   0.705622E-01   0.869571E-02   0.246968E+01
      20  -0.113100E+01   0.322711E+00   0.230075E-01   0.712944E-01   0.922031E-02   0.249530E+01
      21  -0.107242E+01   0.342180E+00   0.254350E-01   0.743324E-01   0.977656E-02   0.260163E+01
      22  -0.101384E+01   0.362823E+00   0.272214E-01   0.750266E-01   0.103664E-01   0.262593E+01
      23  -0.955260E+00   0.384712E+00   0.295118E-01   0.767113E-01   0.109918E-01   0.268490E+01
      24  -0.896681E+00   0.407921E+00   0.324447E-01   0.795368E-01   0.116549E-01   0.278379E+01
      25  -0.838102E+00   0.432531E+00   0.351943E-01   0.813684E-01   0.123580E-01   0.284789E+01
      26  -0.779522E+00   0.458625E+00   0.383811E-01   0.836873E-01   0.131036E-01   0.292906E+01
      27  -0.720943E+00   0.486293E+00   0.420875E-01   0.865475E-01   0.138941E-01   0.302916E+01
      28  -0.662364E+00   0.515631E+00   0.461941E-01   0.895874E-01   0.147323E-01   0.313556E+01
      29  -0.603784E+00   0.546739E+00   0.502516E-01   0.919116E-01   0.156211E-01   0.321691E+01
      30  -0.545205E+00   0.579723E+00   0.552070E-01   0.952299E-01   0.165635E-01   0.333305E+01
      31  -0.486626E+00   0.614697E+00   0.615250E-01   0.100090E+00   0.175628E-01   0.350315E+01
      32  -0.428046E+00   0.651781E+00   0.673604E-01   0.103348E+00   0.186223E-01   0.361719E+01
      33  -0.369467E+00   0.691102E+00   0.749324E-01   0.108424E+00   0.197458E-01   0.379486E+01
      34  -0.310888E+00   0.732796E+00   0.824973E-01   0.112579E+00   0.209370E-01   0.394026E+01
      35  -0.252308E+00   0.777005E+00   0.911839E-01   0.117353E+00   0.222001E-01   0.410736E+01
      36  -0.193729E+00   0.823881E+00   0.101395E+00   0.123070E+00   0.235395E-01   0.430743E+01
      37  -0.135150E+00   0.873585E+00   0.113477E+00   0.129898E+00   0.249596E-01   0.454643E+01
      38  -0.765705E-01   0.926288E+00   0.126281E+00   0.136330E+00   0.264654E-01   0.477155E+01
      39  -0.179912E-01   0.982170E+00   0.140136E+00   0.142680E+00   0.280620E-01   0.499380E+01
      40   0.405882E-01   0.104142E+01   0.156644E+00   0.150413E+00   0.297549E-01   0.526445E+01
      41   0.991675E-01   0.110425E+01   0.175721E+00   0.159131E+00   0.315500E-01   0.556959E+01
      42   0.157747E+00   0.117087E+01   0.196827E+00   0.168104E+00   0.334534E-01   0.588362E+01
      43   0.216326E+00   0.124151E+01   0.221672E+00   0.178550E+00   0.354716E-01   0.624926E+01
      44   0.274905E+00   0.131641E+01   0.247886E+00   0.188305E+00   0.376116E-01   0.659067E+01
      45   0.333485E+00   0.139582E+01   0.279018E+00   0.199895E+00   0.398807E-01   0.699631E+01
      46   0.392064E+00   0.148003E+01   0.315513E+00   0.213180E+00   0.422866E-01   0.746130E+01
      47   0.450643E+00   0.156932E+01   0.355858E+00   0.226759E+00   0.448378E-01   0.793657E+01
      48   0.509223E+00   0.166400E+01   0.400558E+00   0.240721E+00   0.475428E-01   0.842522E+01
      49   0.567802E+00   0.176438E+01   0.451643E+00   0.255978E+00   0.504110E-01   0.895922E+01
      50   0.626381E+00   0.187083E+01   0.510300E+00   0.272767E+00   0.534522E-01   0.954684E+01
      51   0.684961E+00   0.198369E+01   0.575947E+00   0.290341E+00   0.566770E-01   0.101619E+02
      52   0.743540E+00   0.210337E+01   0.647844E+00   0.308003E+00   0.600962E-01   0.107801E+02
      53   0.802119E+00   0.223026E+01   0.728011E+00   0.326424E+00   0.637218E-01   0.114248E+02
      54   0.860699E+00   0.236481E+01   0.819042E+00   0.346345E+00   0.675661E-01   0.121221E+02
      55   0.919278E+00   0.250748E+01   0.920203E+00   0.366983E+00   0.716423E-01   0.128444E+02
      56   0.977857E+00   0.265875E+01   0.102982E+01   0.387331E+00   0.759644E-01   0.135566E+02
      57   0.103644E+01   0.281915E+01   0.115063E+01   0.408148E+00   0.805473E-01   0.142852E+02
      58   0.109502E+01   0.298923E+01   0.127913E+01   0.427914E+00   0.854066E-01   0.149770E+02
      59   0.115360E+01   0.316957E+01   0.142072E+01   0.448238E+00   0.905591E-01   0.156883E+02
      60   0.121217E+01   0.336079E+01   0.157225E+01   0.467821E+00   0.960224E-01   0.163737E+02
      61   0.127075E+01   0.356354E+01   0.173280E+01   0.486258E+00   0.101815E+00   0.170190E+02
      62   0.132933E+01   0.377852E+01   0.189962E+01   0.502742E+00   0.107958E+00   0.175960E+02
      63   0.138791E+01   0.400648E+01   0.207611E+01   0.518188E+00   0.114471E+00   0.181366E+02
      64   0.144649E+01   0.424819E+01   0.226167E+01   0.532384E+00   0.121377E+00   0.186335E+02
      65   0.150507E+01   0.450448E+01   0.244987E+01   0.543875E+00   0.128699E+00   0.190356E+02
      66   0.156365E+01   0.477623E+01   0.264445E+01   0.553670E+00   0.136464E+00   0.193785E+02
      67   0.162223E+01   0.506437E+01   0.284522E+01   0.561811E+00   0.144696E+00   0.196634E+02
      68   0.168081E+01   0.536990E+01   0.304951E+01   0.567889E+00   0.153426E+00   0.198761E+02
      69   0.173939E+01   0.569386E+01   0.325725E+01   0.572064E+00   0.162682E+00   0.200222E+02
      70   0.179797E+01   0.603737E+01   0.347078E+01   0.574883E+00   0.172496E+00   0.201209E+02
      71   0.185655E+01   0.640160E+01   0.369011E+01   0.576436E+00   0.182903E+00   0.201752E+02
      72   0.191513E+01   0.678780E+01   0.391822E+01   0.577244E+00   0.193937E+00   0.202035E+02
      73   0.197371E+01   0.719730E+01   0.415825E+01   0.577751E+00   0.205637E+00   0.202213E+02
      74   0.203229E+01   0.763151E+01   0.440646E+01   0.577403E+00   0.218043E+00   0.202091E+02
      75   0.209086E+01   0.809191E+01   0.466977E+01   0.577091E+00   0.231197E+00   0.201982E+02
      76   0.214944E+01   0.858009E+01   0.494860E+01   0.576754E+00   0.245145E+00   0.201864E+02
      77   0.220802E+01   0.909772E+01   0.524786E+01   0.576832E+00   0.259935E+00   0.201891E+02
      78   0.226660E+01   0.964657E+01   0.556906E+01   0.577309E+00   0.275616E+00   0.202058E+02
      79   0.232518E+01   0.102285E+02   0.590195E+01   0.577008E+00   0.292244E+00   0.201953E+02
      80   0.238376E+01   0.108456E+02   0.626063E+01   0.577249E+00   0.309875E+00   0.202037E+02
      81   0.244234E+01   0.114999E+02   0.662896E+01   0.576435E+00   0.328569E+00   0.201752E+02
      82   0.250092E+01   0.121937E+02   0.701526E+01   0.575318E+00   0.348392E+00   0.201361E+02
      83   0.255950E+01   0.129293E+02   0.743427E+01   0.574992E+00   0.369410E+00   0.201247E+02
      84   0.261808E+01   0.137094E+02   0.787059E+01   0.574103E+00   0.391696E+00   0.200936E+02
      85   0.267666E+01   0.145364E+02   0.833290E+01   0.573242E+00   0.415327E+00   0.200635E+02
      86   0.273524E+01   0.154134E+02   0.882905E+01   0.572817E+00   0.440383E+00   0.200486E+02
      87   0.279382E+01   0.163433E+02   0.936062E+01   0.572750E+00   0.466951E+00   0.200463E+02
      88   0.285240E+01   0.173293E+02   0.992545E+01   0.572757E+00   0.495122E+00   0.200465E+02
      89   0.291098E+01   0.183747E+02   0.105242E+02   0.572756E+00   0.524992E+00   0.200464E+02
      90   0.296955E+01   0.194832E+02   0.111819E+02   0.573925E+00   0.556664E+00   0.200874E+02
      91   0.302813E+01   0.206586E+02   0.118818E+02   0.575147E+00   0.590247E+00   0.201301E+02
      92   0.308671E+01   0.219050E+02   0.126428E+02   0.577165E+00   0.625856E+00   0.202008E+02
      93   0.314529E+01   0.232265E+02   0.134377E+02   0.578551E+00   0.663614E+00   0.202493E+02
      94   0.320387E+01   0.246277E+02   0.142878E+02   0.580153E+00   0.703649E+00   0.203054E+02
      95   0.326245E+01   0.261135E+02   0.151901E+02   0.581697E+00   0.746099E+00   0.203594E+02
      96   0.332103E+01   0.276889E+02   0.161418E+02   0.582971E+00   0.791111E+00   0.204040E+02
      97   0.337961E+01   0.293593E+02   0.168459E+02   0.573783E+00   0.838838E+00   0.200824E+02
      98   0.343819E+01   0.311305E+02   0.157276E+02   0.505213E+00   0.889444E+00   0.176825E+02
      99   0.349677E+01   0.330086E+02   0.955800E+01   0.289561E+00   0.943103E+00   0.101346E+02
     100   0.355535E+01   0.350000E+02   0.159312E+01   0.455178E-01   0.100000E+01   0.159312E+01
