	time  configs     <nwalker>    std.dev.nw           <r>         <r^2>     std.dev.r   std.dev.r^2
        1   108672  0.100000E+01  0.000000E+00  0.317583E-02  0.996868E+00  0.302871E-02  0.428914E-02
        2   107577  0.100954E+01  0.971926E-01  0.441931E-02  0.345360E+01  0.566598E-02  0.148793E-01
        3   106598  0.101963E+01  0.140154E+00  0.598677E-02  0.713828E+01  0.818316E-02  0.308779E-01
        4   105609  0.102928E+01  0.171701E+00  0.557458E-02  0.119529E+02  0.106386E-01  0.520206E-01
        5   104619  0.103966E+01  0.201089E+00  0.390427E-02  0.178172E+02  0.130501E-01  0.777907E-01
        6   103621  0.104955E+01  0.225510E+00  0.202663E-02  0.246924E+02  0.154368E-01  0.108268E+00
        7   102669  0.105964E+01  0.248535E+00 -0.131743E-02  0.325190E+02  0.177971E-01  0.143301E+00
        8   101732  0.106886E+01  0.268547E+00 -0.305377E-02  0.412407E+02  0.201342E-01  0.182705E+00
        9   100843  0.107883E+01  0.288792E+00 -0.279266E-02  0.509013E+02  0.224668E-01  0.226525E+00
       10    99898  0.108918E+01  0.307996E+00 -0.755541E-03  0.614594E+02  0.248037E-01  0.274701E+00
       11    99022  0.109951E+01  0.326924E+00  0.970108E-02  0.728713E+02  0.271276E-01  0.327435E+00
       12    98138  0.110877E+01  0.343522E+00  0.104264E-01  0.850325E+02  0.294356E-01  0.383206E+00
       13    97309  0.111905E+01  0.361034E+00  0.103522E-01  0.980501E+02  0.317430E-01  0.443729E+00
       14    96482  0.112896E+01  0.377256E+00  0.904701E-02  0.111854E+03  0.340488E-01  0.507450E+00
       15    95624  0.113963E+01  0.393965E+00  0.890188E-02  0.126337E+03  0.363481E-01  0.575963E+00
       16    94808  0.114929E+01  0.409224E+00  0.157176E-01  0.141553E+03  0.386400E-01  0.647535E+00
       17    94010  0.115911E+01  0.424593E+00  0.233787E-01  0.157672E+03  0.409534E-01  0.723358E+00
       18    93211  0.116933E+01  0.439328E+00  0.269740E-01  0.174496E+03  0.432671E-01  0.803350E+00
       19    92536  0.117877E+01  0.453767E+00  0.284417E-01  0.191980E+03  0.455482E-01  0.886282E+00
       20    91793  0.118859E+01  0.467785E+00  0.220741E-01  0.210310E+03  0.478657E-01  0.973873E+00
       21    91056  0.119821E+01  0.481935E+00  0.181820E-01  0.229009E+03  0.501501E-01  0.106390E+01
       22    90368  0.120851E+01  0.496156E+00  0.269548E-01  0.248691E+03  0.524593E-01  0.115911E+01
       23    89644  0.121856E+01  0.510702E+00  0.277233E-01  0.268968E+03  0.547758E-01  0.125942E+01
       24    88907  0.122856E+01  0.525014E+00  0.270219E-01  0.290000E+03  0.571124E-01  0.136258E+01
       25    88190  0.123824E+01  0.538154E+00  0.175349E-01  0.311887E+03  0.594687E-01  0.147041E+01
       26    87519  0.124793E+01  0.551230E+00  0.183806E-01  0.334474E+03  0.618201E-01  0.158257E+01
       27    86824  0.125776E+01  0.564132E+00  0.262227E-01  0.357331E+03  0.641527E-01  0.169812E+01
       28    86161  0.126822E+01  0.578326E+00  0.380465E-01  0.380808E+03  0.664809E-01  0.181578E+01
       29    85485  0.127841E+01  0.591134E+00  0.359223E-01  0.405120E+03  0.688408E-01  0.193883E+01
       30    84837  0.128901E+01  0.603988E+00  0.350983E-01  0.429957E+03  0.711900E-01  0.206389E+01
       31    84239  0.129960E+01  0.617883E+00  0.342215E-01  0.455363E+03  0.735227E-01  0.219269E+01
       32    83576  0.131003E+01  0.630992E+00  0.330916E-01  0.481038E+03  0.758662E-01  0.232384E+01
       33    82959  0.132027E+01  0.643904E+00  0.337253E-01  0.507561E+03  0.782189E-01  0.246032E+01
       34    82354  0.133034E+01  0.657554E+00  0.195717E-01  0.534561E+03  0.805668E-01  0.260025E+01
       35    81748  0.134040E+01  0.670292E+00  0.265297E-01  0.562042E+03  0.829174E-01  0.274283E+01
       36    81159  0.134986E+01  0.682643E+00  0.383041E-01  0.590245E+03  0.852800E-01  0.289084E+01
       37    80578  0.135888E+01  0.693594E+00  0.424080E-01  0.618799E+03  0.876327E-01  0.304176E+01
       38    80002  0.136893E+01  0.705984E+00  0.384082E-01  0.647765E+03  0.899825E-01  0.319536E+01
       39    79405  0.137985E+01  0.718875E+00  0.439442E-01  0.677226E+03  0.923511E-01  0.335023E+01
       40    78860  0.139017E+01  0.729768E+00  0.482044E-01  0.707851E+03  0.947418E-01  0.351284E+01
       42    77786  0.141022E+01  0.752574E+00  0.614159E-01  0.769978E+03  0.994918E-01  0.384606E+01
       44    76663  0.143158E+01  0.777798E+00  0.600256E-01  0.833866E+03  0.104293E+00  0.419407E+01
       46    75666  0.145151E+01  0.800696E+00  0.578645E-01  0.900483E+03  0.109090E+00  0.455825E+01
       48    74652  0.147303E+01  0.827033E+00  0.652924E-01  0.969519E+03  0.113961E+00  0.493759E+01
       50    73772  0.149269E+01  0.851568E+00  0.683911E-01  0.103964E+04  0.118712E+00  0.532536E+01
       52    72841  0.151212E+01  0.874393E+00  0.728326E-01  0.111170E+04  0.123539E+00  0.572804E+01
       54    71913  0.153139E+01  0.896438E+00  0.673442E-01  0.118539E+04  0.128389E+00  0.614431E+01
       56    71057  0.155150E+01  0.918677E+00  0.802106E-01  0.125935E+04  0.133128E+00  0.656068E+01
       58    70184  0.157143E+01  0.941056E+00  0.870566E-01  0.133500E+04  0.137918E+00  0.699497E+01
       60    69284  0.159093E+01  0.962208E+00  0.109279E+00  0.141168E+04  0.142741E+00  0.743972E+01
       63    68036  0.162058E+01  0.995594E+00  0.119245E+00  0.153060E+04  0.149989E+00  0.813578E+01
       66    66808  0.165152E+01  0.103174E+01  0.125579E+00  0.165377E+04  0.157333E+00  0.887739E+01
       69    65655  0.168249E+01  0.106530E+01  0.122057E+00  0.177702E+04  0.164517E+00  0.960992E+01
       72    64603  0.171186E+01  0.109914E+01  0.111413E+00  0.190848E+04  0.171876E+00  0.103996E+02
       75    63540  0.174410E+01  0.113608E+01  0.105080E+00  0.204410E+04  0.179360E+00  0.112303E+02
       78    62468  0.177438E+01  0.116757E+01  0.996134E-01  0.218422E+04  0.186990E+00  0.120680E+02
       81    61459  0.180452E+01  0.119971E+01  0.629186E-01  0.232450E+04  0.194479E+00  0.129303E+02
       85    60226  0.184533E+01  0.124133E+01  0.402648E-01  0.251584E+04  0.204385E+00  0.141619E+02
       89    58960  0.188334E+01  0.128608E+01  0.142631E-01  0.271230E+04  0.214482E+00  0.154373E+02
       93    57783  0.192482E+01  0.132972E+01  0.177251E-01  0.291306E+04  0.224530E+00  0.167518E+02
       97    56642  0.196720E+01  0.137474E+01  0.602746E-01  0.312066E+04  0.234722E+00  0.181448E+02
      101    55565  0.200461E+01  0.141517E+01  0.524353E-01  0.333036E+04  0.244819E+00  0.195789E+02
      106    54272  0.205749E+01  0.147482E+01  0.582532E-01  0.359644E+04  0.257424E+00  0.213910E+02
      111    53068  0.210782E+01  0.152936E+01  0.588107E-01  0.387199E+04  0.270116E+00  0.232939E+02
      116    51885  0.215700E+01  0.158100E+01  0.751172E-01  0.414485E+04  0.282640E+00  0.252237E+02
      121    50765  0.220672E+01  0.163389E+01  0.414550E-01  0.442222E+04  0.295147E+00  0.272166E+02
      127    49415  0.226777E+01  0.169444E+01  0.677925E-01  0.476408E+04  0.310499E+00  0.297459E+02
      133    48266  0.232926E+01  0.175622E+01  0.295023E-01  0.511508E+04  0.325541E+00  0.324275E+02
      139    47141  0.238992E+01  0.182404E+01 -0.205504E-01  0.546617E+04  0.340520E+00  0.350114E+02
      145    45997  0.245570E+01  0.188867E+01  0.910451E-01  0.582883E+04  0.355980E+00  0.378983E+02
      152    44832  0.252824E+01  0.196100E+01  0.808770E-01  0.627211E+04  0.374035E+00  0.412586E+02
      159    43685  0.260440E+01  0.203624E+01  0.144251E+00  0.670070E+04  0.391646E+00  0.444953E+02
      166    42563  0.267895E+01  0.211578E+01 -0.193614E-01  0.715192E+04  0.409916E+00  0.480971E+02
      174    41339  0.276003E+01  0.219789E+01 -0.119060E+00  0.766593E+04  0.430628E+00  0.522863E+02
      182    40215  0.283630E+01  0.227612E+01 -0.252040E+00  0.817748E+04  0.450935E+00  0.569171E+02
      191    39031  0.293380E+01  0.238060E+01 -0.300769E+00  0.877391E+04  0.474121E+00  0.618759E+02
      200    37855  0.303733E+01  0.248700E+01 -0.377061E+00  0.937478E+04  0.497640E+00  0.673489E+02
      210    36664  0.314199E+01  0.259437E+01 -0.415348E+00  0.100285E+05  0.522992E+00  0.733037E+02
      220    35556  0.324916E+01  0.271070E+01 -0.455762E+00  0.106878E+05  0.548255E+00  0.792282E+02
      231    34394  0.336887E+01  0.283282E+01 -0.487396E+00  0.114744E+05  0.577588E+00  0.862265E+02
      242    33369  0.348129E+01  0.295576E+01 -0.416580E+00  0.122105E+05  0.604912E+00  0.927156E+02
      254    32286  0.360131E+01  0.307871E+01 -0.355244E+00  0.130443E+05  0.635625E+00  0.100588E+03
      266    31204  0.373760E+01  0.320189E+01 -0.289812E+00  0.138951E+05  0.667306E+00  0.108566E+03
      279    30194  0.387786E+01  0.335023E+01 -0.617126E+00  0.147757E+05  0.699534E+00  0.117138E+03
      292    29287  0.400819E+01  0.347146E+01 -0.741554E+00  0.156388E+05  0.730729E+00  0.125277E+03
      306    28320  0.416066E+01  0.362578E+01 -0.102473E+01  0.166519E+05  0.766782E+00  0.134911E+03
      321    27350  0.432995E+01  0.378790E+01 -0.951243E+00  0.177204E+05  0.804910E+00  0.145168E+03
      337    26402  0.449992E+01  0.395246E+01 -0.100812E+01  0.188974E+05  0.846001E+00  0.156369E+03
      353    25521  0.467928E+01  0.411644E+01 -0.104494E+01  0.200512E+05  0.886360E+00  0.168262E+03
      370    24646  0.487832E+01  0.431776E+01 -0.102376E+01  0.212002E+05  0.927441E+00  0.180465E+03
      388    23776  0.508626E+01  0.450179E+01 -0.130182E+01  0.224115E+05  0.970845E+00  0.192532E+03
      407    22974  0.529607E+01  0.472850E+01 -0.158455E+01  0.237262E+05  0.101619E+01  0.205989E+03
      427    22161  0.554591E+01  0.498697E+01 -0.147865E+01  0.249186E+05  0.106035E+01  0.218767E+03
      448    21386  0.580277E+01  0.525110E+01 -0.123060E+01  0.262752E+05  0.110840E+01  0.231339E+03
      470    20666  0.606455E+01  0.554470E+01 -0.858221E+00  0.277818E+05  0.115943E+01  0.244957E+03
      493    19940  0.634614E+01  0.583203E+01 -0.119034E+01  0.293797E+05  0.121381E+01  0.260830E+03
      517    19213  0.662177E+01  0.608165E+01 -0.105071E+01  0.309533E+05  0.126925E+01  0.276381E+03
      542    18556  0.692299E+01  0.635462E+01 -0.107487E+01  0.327101E+05  0.132767E+01  0.294474E+03
      569    17887  0.723900E+01  0.665091E+01 -0.855465E+00  0.345374E+05  0.138954E+01  0.314306E+03
      597    17235  0.757134E+01  0.696255E+01 -0.765472E+00  0.362473E+05  0.145020E+01  0.330836E+03
      626    16629  0.789861E+01  0.726441E+01 -0.663646E+00  0.380304E+05  0.151227E+01  0.348604E+03
      657    16049  0.830114E+01  0.768659E+01 -0.484773E+00  0.398185E+05  0.157513E+01  0.364639E+03
      689    15463  0.868370E+01  0.808968E+01  0.509056E+00  0.412787E+05  0.163386E+01  0.381048E+03
      723    14924  0.909702E+01  0.852119E+01 -0.165676E-01  0.430495E+05  0.169841E+01  0.397994E+03
      759    14364  0.950738E+01  0.893118E+01  0.441159E+00  0.449566E+05  0.176912E+01  0.416280E+03
      796    13832  0.997759E+01  0.929819E+01  0.236130E+00  0.472126E+05  0.184751E+01  0.437621E+03
      835    13360  0.104287E+02  0.969303E+01  0.712089E+00  0.493005E+05  0.192097E+01  0.456067E+03
      876    12870  0.109545E+02  0.102265E+02  0.647855E+00  0.514861E+05  0.200011E+01  0.475663E+03
      919    12405  0.114918E+02  0.108322E+02  0.808002E+00  0.541165E+05  0.208864E+01  0.499600E+03
      964    11984  0.120762E+02  0.114635E+02  0.807284E+00  0.564085E+05  0.216955E+01  0.517953E+03
     1012    11540  0.127267E+02  0.120837E+02  0.878288E+00  0.589635E+05  0.226040E+01  0.539075E+03
     1062    11117  0.134346E+02  0.128031E+02  0.266143E+01  0.613672E+05  0.234936E+01  0.558742E+03
     1115    10735  0.141453E+02  0.133809E+02  0.274460E+01  0.641685E+05  0.244475E+01  0.580893E+03
     1170    10352  0.148654E+02  0.141651E+02  0.385600E+01  0.665731E+05  0.253565E+01  0.600085E+03
     1228     9970  0.156534E+02  0.149403E+02  0.336501E+01  0.689932E+05  0.263039E+01  0.616818E+03
     1289     9641  0.164950E+02  0.157663E+02  0.417825E+01  0.719404E+05  0.273132E+01  0.636779E+03
     1353     9270  0.175708E+02  0.167350E+02  0.426550E+01  0.741876E+05  0.282861E+01  0.652653E+03
     1420     8957  0.185962E+02  0.177406E+02  0.347115E+01  0.763100E+05  0.291860E+01  0.667910E+03
     1491     8670  0.196311E+02  0.189496E+02  0.386039E+01  0.781037E+05  0.300113E+01  0.681146E+03
     1565     8368  0.208164E+02  0.201797E+02  0.333276E+01  0.800558E+05  0.309283E+01  0.695712E+03
     1643     8102  0.219821E+02  0.215626E+02  0.240838E+01  0.825543E+05  0.319197E+01  0.717775E+03
     1725     7825  0.234528E+02  0.230536E+02  0.187946E+01  0.851127E+05  0.329796E+01  0.732208E+03
     1811     7577  0.249363E+02  0.246325E+02  0.757202E+00  0.876561E+05  0.340127E+01  0.741760E+03
     1901     7337  0.264515E+02  0.263893E+02  0.813082E+00  0.896289E+05  0.349513E+01  0.754359E+03
     1996     7084  0.281707E+02  0.281421E+02  0.272114E+00  0.913533E+05  0.359106E+01  0.761546E+03
     2095     6869  0.300128E+02  0.302509E+02 -0.649346E-01  0.937911E+05  0.369517E+01  0.773970E+03
     2199     6656  0.319507E+02  0.322137E+02  0.623223E-01  0.956964E+05  0.379176E+01  0.783522E+03
     2308     6446  0.340697E+02  0.344238E+02 -0.143906E+01  0.969514E+05  0.387817E+01  0.787335E+03
     2423     6214  0.365734E+02  0.369129E+02 -0.100546E+01  0.985899E+05  0.398317E+01  0.788840E+03
     2544     6024  0.390038E+02  0.395175E+02  0.822497E+00  0.996272E+05  0.406673E+01  0.791752E+03
     2671     5849  0.417605E+02  0.424283E+02  0.190784E+01  0.100408E+06  0.414319E+01  0.788754E+03
     2804     5685  0.446579E+02  0.453689E+02  0.227508E+01  0.102614E+06  0.424842E+01  0.800934E+03
     2944     5526  0.478878E+02  0.485895E+02  0.270915E+01  0.103994E+06  0.433795E+01  0.794245E+03
     3091     5369  0.519480E+02  0.525175E+02  0.362477E+01  0.106016E+06  0.444336E+01  0.804827E+03
     3245     5224  0.558848E+02  0.567608E+02  0.192785E+01  0.106551E+06  0.451616E+01  0.798999E+03
     3407     5066  0.607278E+02  0.621586E+02  0.788739E+00  0.107944E+06  0.461599E+01  0.796392E+03
     3577     4921  0.658529E+02  0.672551E+02 -0.128255E+01  0.109250E+06  0.471174E+01  0.796450E+03
     3755     4794  0.718442E+02  0.742400E+02 -0.904818E-01  0.109804E+06  0.478585E+01  0.786868E+03
     3942     4690  0.772964E+02  0.801132E+02  0.110794E+01  0.110762E+06  0.485966E+01  0.785998E+03
     4139     4574  0.842667E+02  0.867871E+02  0.140318E+01  0.111534E+06  0.493800E+01  0.765915E+03
     4345     4432  0.924646E+02  0.937101E+02  0.218380E+01  0.111860E+06  0.502376E+01  0.759772E+03
     4562     4334  0.101036E+03  0.103042E+03  0.117635E+01  0.112578E+06  0.509658E+01  0.759465E+03
     4790     4245  0.110463E+03  0.111987E+03  0.507215E+00  0.113368E+06  0.516780E+01  0.740414E+03
     5029     4164  0.121409E+03  0.123665E+03 -0.203530E+01  0.113555E+06  0.522203E+01  0.729382E+03
     5280     4082  0.133645E+03  0.135256E+03 -0.427747E+01  0.113801E+06  0.527960E+01  0.718376E+03
     5544     4000  0.147786E+03  0.149072E+03 -0.200780E+01  0.113744E+06  0.533245E+01  0.698936E+03
     5821     3937  0.163131E+03  0.163827E+03 -0.347509E+01  0.113383E+06  0.536620E+01  0.678732E+03
     6112     3865  0.181361E+03  0.181293E+03 -0.193011E+01  0.113757E+06  0.542510E+01  0.664482E+03
     6417     3802  0.201955E+03  0.201245E+03 -0.928911E+00  0.113488E+06  0.546346E+01  0.646668E+03
     6737     3749  0.225577E+03  0.225550E+03 -0.330597E+01  0.113664E+06  0.550597E+01  0.616190E+03
     7073     3702  0.253120E+03  0.253794E+03 -0.163006E+01  0.114347E+06  0.555763E+01  0.593795E+03
     7426     3653  0.286888E+03  0.287104E+03 -0.158125E+01  0.114006E+06  0.558643E+01  0.575965E+03
     7797     3608  0.324567E+03  0.323804E+03 -0.146553E+01  0.114361E+06  0.562991E+01  0.567626E+03
     8186     3561  0.368612E+03  0.367853E+03 -0.160479E+01  0.114051E+06  0.565924E+01  0.534905E+03
     8595     3526  0.422274E+03  0.422272E+03 -0.315757E+01  0.113998E+06  0.568575E+01  0.524009E+03
     9024     3499  0.483724E+03  0.485827E+03 -0.165671E+01  0.113750E+06  0.570162E+01  0.497793E+03
     9475     3474  0.558177E+03  0.561886E+03 -0.246301E+01  0.113568E+06  0.571744E+01  0.463287E+03
     9948     3454  0.645960E+03  0.651980E+03 -0.183903E+01  0.113867E+06  0.574157E+01  0.459737E+03
    10445     3424  0.756307E+03  0.763305E+03 -0.129349E+01  0.113919E+06  0.576804E+01  0.436614E+03
    10967     3407  0.888560E+03  0.895717E+03 -0.885741E+00  0.114114E+06  0.578737E+01  0.412583E+03
    11515     3381  0.105235E+04  0.105659E+04 -0.129562E+01  0.114290E+06  0.581405E+01  0.379590E+03
    12090     3364  0.125605E+04  0.125996E+04  0.554357E+00  0.114082E+06  0.582345E+01  0.352071E+03
    12694     3348  0.151182E+04  0.151866E+04 -0.105972E+00  0.113282E+06  0.581684E+01  0.331470E+03
    13328     3334  0.183739E+04  0.184452E+04  0.491999E+00  0.113653E+06  0.583859E+01  0.317697E+03
    13994     3323  0.224504E+04  0.224705E+04  0.211145E+00  0.114125E+06  0.586037E+01  0.305247E+03
    14693     3312  0.278043E+04  0.278495E+04 -0.558421E+00  0.114321E+06  0.587512E+01  0.282641E+03
    15427     3306  0.348136E+04  0.348636E+04 -0.145606E+00  0.114023E+06  0.587280E+01  0.245982E+03
    16198     3304  0.438954E+04  0.440708E+04  0.121714E+01  0.113826E+06  0.586945E+01  0.223516E+03
    16384     3303  0.464144E+04  0.466146E+04  0.164117E+01  0.113886E+06  0.587186E+01  0.229558E+03
