
     time  configs     <nwalker>    std.dev.nw           <r>         <r^2>     std.dev.r   std.dev.r^2
        1    99840  0.100000E+01  0.000000E+00  0.460489E-02  0.993820E+00  0.315498E-02  0.446491E-02
        2    99840  0.100000E+01  0.000000E+00  0.701648E-02  0.344962E+01  0.587801E-02  0.154556E-01
        3    99840  0.100000E+01  0.000000E+00  0.994101E-02  0.714920E+01  0.846201E-02  0.320088E-01
        4    99840  0.100000E+01  0.000000E+00  0.124810E-01  0.119973E+02  0.109619E-01  0.537513E-01
        5    99840  0.100000E+01  0.000000E+00  0.129203E-01  0.179060E+02  0.133920E-01  0.801516E-01
        6    99840  0.100000E+01  0.000000E+00  0.138057E-01  0.248542E+02  0.157778E-01  0.111178E+00
        7    99840  0.100000E+01  0.000000E+00  0.119673E-01  0.327695E+02  0.181168E-01  0.146730E+00
        8    99840  0.100000E+01  0.000000E+00  0.100265E-01  0.416063E+02  0.204139E-01  0.186522E+00
        9    99840  0.100000E+01  0.000000E+00  0.138504E-01  0.514094E+02  0.226918E-01  0.230658E+00
       10    99840  0.100000E+01  0.000000E+00  0.170061E-01  0.621920E+02  0.249582E-01  0.279333E+00
       11    99840  0.100000E+01  0.000000E+00  0.230997E-01  0.738702E+02  0.272008E-01  0.332428E+00
       12    99840  0.100000E+01  0.000000E+00  0.268452E-01  0.863828E+02  0.294144E-01  0.388753E+00
       13    99840  0.100000E+01  0.000000E+00  0.270670E-01  0.997624E+02  0.316104E-01  0.449091E+00
       14    99840  0.100000E+01  0.000000E+00  0.276707E-01  0.114022E+03  0.337941E-01  0.512950E+00
       15    99840  0.100000E+01  0.000000E+00  0.306584E-01  0.129147E+03  0.359657E-01  0.581047E+00
       16    99840  0.100000E+01  0.000000E+00  0.355212E-01  0.145083E+03  0.381201E-01  0.652638E+00
       17    99840  0.100000E+01  0.000000E+00  0.400808E-01  0.161820E+03  0.402589E-01  0.727510E+00
       18    99840  0.100000E+01  0.000000E+00  0.446602E-01  0.179458E+03  0.423962E-01  0.806564E+00
       19    99840  0.100000E+01  0.000000E+00  0.445379E-01  0.197811E+03  0.445113E-01  0.888963E+00
       20    99840  0.100000E+01  0.000000E+00  0.444567E-01  0.216988E+03  0.466191E-01  0.974751E+00
       21    99840  0.100000E+01  0.000000E+00  0.457240E-01  0.236888E+03  0.487099E-01  0.106421E+01
       22    99840  0.100000E+01  0.000000E+00  0.463101E-01  0.257627E+03  0.507974E-01  0.115743E+01
       23    99840  0.100000E+01  0.000000E+00  0.471360E-01  0.279077E+03  0.528698E-01  0.125436E+01
       24    99840  0.100000E+01  0.000000E+00  0.458239E-01  0.301299E+03  0.549345E-01  0.135413E+01
       25    99840  0.100000E+01  0.000000E+00  0.425294E-01  0.324316E+03  0.569942E-01  0.145750E+01
       26    99840  0.100000E+01  0.000000E+00  0.439380E-01  0.348159E+03  0.590521E-01  0.156464E+01
       27    99840  0.100000E+01  0.000000E+00  0.465397E-01  0.372648E+03  0.610936E-01  0.167500E+01
       28    99840  0.100000E+01  0.000000E+00  0.477803E-01  0.397899E+03  0.631296E-01  0.178800E+01
       29    99840  0.100000E+01  0.000000E+00  0.472779E-01  0.423951E+03  0.651635E-01  0.190507E+01
       30    99840  0.100000E+01  0.000000E+00  0.500222E-01  0.450732E+03  0.671901E-01  0.202527E+01
       31    99840  0.100000E+01  0.000000E+00  0.474903E-01  0.478098E+03  0.691998E-01  0.214823E+01
       32    99840  0.100000E+01  0.000000E+00  0.424716E-01  0.506195E+03  0.712042E-01  0.227441E+01
       33    99840  0.100000E+01  0.000000E+00  0.410444E-01  0.534945E+03  0.731984E-01  0.240427E+01
       34    99840  0.100000E+01  0.000000E+00  0.389772E-01  0.564423E+03  0.751882E-01  0.253682E+01
       35    99840  0.100000E+01  0.000000E+00  0.384607E-01  0.594694E+03  0.771781E-01  0.267277E+01
       36    99840  0.100000E+01  0.000000E+00  0.392216E-01  0.625646E+03  0.791611E-01  0.281246E+01
       37    99840  0.100000E+01  0.000000E+00  0.394509E-01  0.657326E+03  0.811405E-01  0.295549E+01
       38    99840  0.100000E+01  0.000000E+00  0.419408E-01  0.689685E+03  0.831137E-01  0.310124E+01
       39    99840  0.100000E+01  0.000000E+00  0.447786E-01  0.722916E+03  0.850925E-01  0.324953E+01
       40    99840  0.100000E+01  0.000000E+00  0.466987E-01  0.756783E+03  0.870628E-01  0.340181E+01
       42    99840  0.100000E+01  0.000000E+00  0.534544E-01  0.826593E+03  0.909898E-01  0.371476E+01
       44    99840  0.100000E+01  0.000000E+00  0.541665E-01  0.898827E+03  0.948823E-01  0.403811E+01
       46    99840  0.100000E+01  0.000000E+00  0.535901E-01  0.973758E+03  0.987580E-01  0.437231E+01
       48    99840  0.100000E+01  0.000000E+00  0.555302E-01  0.105169E+04  0.102634E+00  0.472130E+01
       50    99840  0.100000E+01  0.000000E+00  0.573729E-01  0.113173E+04  0.106468E+00  0.507812E+01
       52    99840  0.100000E+01  0.000000E+00  0.637975E-01  0.121429E+04  0.110283E+00  0.544560E+01
       54    99840  0.100000E+01  0.000000E+00  0.656908E-01  0.129963E+04  0.114093E+00  0.582558E+01
       56    99840  0.100000E+01  0.000000E+00  0.695848E-01  0.138706E+04  0.117868E+00  0.621389E+01
       58    99840  0.100000E+01  0.000000E+00  0.766425E-01  0.147724E+04  0.121639E+00  0.661548E+01
       60    99840  0.100000E+01  0.000000E+00  0.819303E-01  0.156965E+04  0.125386E+00  0.702773E+01
       63    99840  0.100000E+01  0.000000E+00  0.847810E-01  0.171336E+04  0.131000E+00  0.767038E+01
       66    99840  0.100000E+01  0.000000E+00  0.946006E-01  0.186180E+04  0.136557E+00  0.833161E+01
       69    99840  0.100000E+01  0.000000E+00  0.107128E+00  0.201718E+04  0.142141E+00  0.902445E+01
       72    99840  0.100000E+01  0.000000E+00  0.114680E+00  0.217800E+04  0.147698E+00  0.974439E+01
       75    99840  0.100000E+01  0.000000E+00  0.115834E+00  0.234409E+04  0.153226E+00  0.104923E+02
       78    99840  0.100000E+01  0.000000E+00  0.119545E+00  0.251515E+04  0.158719E+00  0.112610E+02
       81    99840  0.100000E+01  0.000000E+00  0.122763E+00  0.269175E+04  0.164196E+00  0.120526E+02
       85    99840  0.100000E+01  0.000000E+00  0.134646E+00  0.293557E+04  0.171472E+00  0.131399E+02
       89    99840  0.100000E+01  0.000000E+00  0.150371E+00  0.318895E+04  0.178719E+00  0.142713E+02
       93    99840  0.100000E+01  0.000000E+00  0.163904E+00  0.345021E+04  0.185896E+00  0.154382E+02
       97    99840  0.100000E+01  0.000000E+00  0.178623E+00  0.372217E+04  0.193083E+00  0.166549E+02
      101    99840  0.100000E+01  0.000000E+00  0.200478E+00  0.400377E+04  0.200253E+00  0.179154E+02
      106    99840  0.100000E+01  0.000000E+00  0.211957E+00  0.436830E+04  0.209171E+00  0.195462E+02
      111    99840  0.100000E+01  0.000000E+00  0.225000E+00  0.474610E+04  0.218029E+00  0.212389E+02
      116    99840  0.100000E+01  0.000000E+00  0.225250E+00  0.513569E+04  0.226801E+00  0.229833E+02
      121    99840  0.100000E+01  0.000000E+00  0.230035E+00  0.553871E+04  0.235532E+00  0.247883E+02
      127    99840  0.100000E+01  0.000000E+00  0.238653E+00  0.603952E+04  0.245950E+00  0.270410E+02
      133    99840  0.100000E+01  0.000000E+00  0.251905E+00  0.655931E+04  0.256315E+00  0.293616E+02
      139    99840  0.100000E+01  0.000000E+00  0.263054E+00  0.710168E+04  0.266702E+00  0.317870E+02
      145    99840  0.100000E+01  0.000000E+00  0.285815E+00  0.766013E+04  0.276990E+00  0.342863E+02
      152    99840  0.100000E+01  0.000000E+00  0.290718E+00  0.834085E+04  0.289035E+00  0.373393E+02
      159    99840  0.100000E+01  0.000000E+00  0.270913E+00  0.904168E+04  0.300933E+00  0.404587E+02
      166    99840  0.100000E+01  0.000000E+00  0.261819E+00  0.977228E+04  0.312856E+00  0.437167E+02
      174    99840  0.100000E+01  0.000000E+00  0.275472E+00  0.106366E+05  0.326397E+00  0.475660E+02
      182    99840  0.100000E+01  0.000000E+00  0.298933E+00  0.115285E+05  0.339807E+00  0.515558E+02
      191    99840  0.100000E+01  0.000000E+00  0.311314E+00  0.125711E+05  0.354840E+00  0.562165E+02
      200    99840  0.100000E+01  0.000000E+00  0.307575E+00  0.136601E+05  0.369891E+00  0.610636E+02
      210    99840  0.100000E+01  0.000000E+00  0.319340E+00  0.149183E+05  0.386551E+00  0.666791E+02
      220    99840  0.100000E+01  0.000000E+00  0.326894E+00  0.162164E+05  0.403017E+00  0.724702E+02
      231    99840  0.100000E+01  0.000000E+00  0.333590E+00  0.177061E+05  0.421122E+00  0.791128E+02
      242    99840  0.100000E+01  0.000000E+00  0.356130E+00  0.192482E+05  0.439078E+00  0.859350E+02
      254    99840  0.100000E+01  0.000000E+00  0.408725E+00  0.209987E+05  0.458608E+00  0.936343E+02
      266    99840  0.100000E+01  0.000000E+00  0.436404E+00  0.228144E+05  0.478025E+00  0.101549E+03
      279    99840  0.100000E+01  0.000000E+00  0.491576E+00  0.248537E+05  0.498932E+00  0.110377E+03
      292    99840  0.100000E+01  0.000000E+00  0.555504E+00  0.269566E+05  0.519611E+00  0.119333E+03
      306    99840  0.100000E+01  0.000000E+00  0.627998E+00  0.292878E+05  0.541612E+00  0.129092E+03
      321    99840  0.100000E+01  0.000000E+00  0.736187E+00  0.318621E+05  0.564913E+00  0.139536E+03
      337    99840  0.100000E+01  0.000000E+00  0.795361E+00  0.346842E+05  0.589399E+00  0.150626E+03
      353    99840  0.100000E+01  0.000000E+00  0.846165E+00  0.375692E+05  0.613422E+00  0.161503E+03
      370    99840  0.100000E+01  0.000000E+00  0.906664E+00  0.406979E+05  0.638454E+00  0.172881E+03
      388    99840  0.100000E+01  0.000000E+00  0.959140E+00  0.440714E+05  0.664388E+00  0.184712E+03
      407    99840  0.100000E+01  0.000000E+00  0.102546E+01  0.476821E+05  0.691068E+00  0.196884E+03
      427    99840  0.100000E+01  0.000000E+00  0.108616E+01  0.515152E+05  0.718308E+00  0.209388E+03
      448    99840  0.100000E+01  0.000000E+00  0.113084E+01  0.555485E+05  0.745897E+00  0.221802E+03
      470    99840  0.100000E+01  0.000000E+00  0.124341E+01  0.597674E+05  0.773703E+00  0.234036E+03
      493    99840  0.100000E+01  0.000000E+00  0.136186E+01  0.641583E+05  0.801619E+00  0.245947E+03
      517    99840  0.100000E+01  0.000000E+00  0.141363E+01  0.686676E+05  0.829311E+00  0.257256E+03
      542    99840  0.100000E+01  0.000000E+00  0.151783E+01  0.732631E+05  0.856611E+00  0.268000E+03
      569    99840  0.100000E+01  0.000000E+00  0.160095E+01  0.781059E+05  0.884469E+00  0.278574E+03
      597    99840  0.100000E+01  0.000000E+00  0.163433E+01  0.830218E+05  0.911878E+00  0.288595E+03
      626    99840  0.100000E+01  0.000000E+00  0.165897E+01  0.879572E+05  0.938591E+00  0.297835E+03
      657    99840  0.100000E+01  0.000000E+00  0.159741E+01  0.930690E+05  0.965482E+00  0.306684E+03
      689    99840  0.100000E+01  0.000000E+00  0.150619E+01  0.980949E+05  0.991211E+00  0.314592E+03
      723    99840  0.100000E+01  0.000000E+00  0.140667E+01  0.103274E+06  0.101704E+01  0.322043E+03
      759    99840  0.100000E+01  0.000000E+00  0.145739E+01  0.108500E+06  0.104246E+01  0.328899E+03
      796    99840  0.100000E+01  0.000000E+00  0.144093E+01  0.113601E+06  0.106668E+01  0.334821E+03
      835    99840  0.100000E+01  0.000000E+00  0.139895E+01  0.118688E+06  0.109031E+01  0.339933E+03
      876    99840  0.100000E+01  0.000000E+00  0.134565E+01  0.123707E+06  0.111312E+01  0.344389E+03
      919    99840  0.100000E+01  0.000000E+00  0.126497E+01  0.128674E+06  0.113525E+01  0.348185E+03
      964    99840  0.100000E+01  0.000000E+00  0.126703E+01  0.133516E+06  0.115641E+01  0.351300E+03
     1012    99840  0.100000E+01  0.000000E+00  0.121880E+01  0.138389E+06  0.117733E+01  0.353682E+03
     1062    99840  0.100000E+01  0.000000E+00  0.126198E+01  0.143051E+06  0.119699E+01  0.355326E+03
     1115    99840  0.100000E+01  0.000000E+00  0.126309E+01  0.147598E+06  0.121587E+01  0.356422E+03
     1170    99840  0.100000E+01  0.000000E+00  0.130133E+01  0.152040E+06  0.123403E+01  0.356959E+03
     1228    99840  0.100000E+01  0.000000E+00  0.123991E+01  0.156347E+06  0.125138E+01  0.356909E+03
     1289    99840  0.100000E+01  0.000000E+00  0.130936E+01  0.160433E+06  0.126763E+01  0.356392E+03
     1353    99840  0.100000E+01  0.000000E+00  0.146913E+01  0.164323E+06  0.128291E+01  0.355330E+03
     1420    99840  0.100000E+01  0.000000E+00  0.152798E+01  0.168078E+06  0.129748E+01  0.354053E+03
     1491    99840  0.100000E+01  0.000000E+00  0.165248E+01  0.171643E+06  0.131116E+01  0.352295E+03
     1565    99840  0.100000E+01  0.000000E+00  0.180913E+01  0.174999E+06  0.132392E+01  0.350301E+03
     1643    99840  0.100000E+01  0.000000E+00  0.202592E+01  0.178193E+06  0.133594E+01  0.347947E+03
     1725    99840  0.100000E+01  0.000000E+00  0.209739E+01  0.181213E+06  0.134721E+01  0.345552E+03
     1811    99840  0.100000E+01  0.000000E+00  0.224337E+01  0.184068E+06  0.135778E+01  0.342925E+03
     1901    99840  0.100000E+01  0.000000E+00  0.243049E+01  0.186698E+06  0.136745E+01  0.340076E+03
     1996    99840  0.100000E+01  0.000000E+00  0.255669E+01  0.189150E+06  0.137640E+01  0.337321E+03
     2095    99840  0.100000E+01  0.000000E+00  0.277750E+01  0.191323E+06  0.138428E+01  0.334423E+03
     2199    99840  0.100000E+01  0.000000E+00  0.280627E+01  0.193413E+06  0.139182E+01  0.331757E+03
     2308    99840  0.100000E+01  0.000000E+00  0.281584E+01  0.195253E+06  0.139842E+01  0.329235E+03
     2423    99840  0.100000E+01  0.000000E+00  0.294124E+01  0.197113E+06  0.140506E+01  0.326620E+03
     2544    99840  0.100000E+01  0.000000E+00  0.275569E+01  0.198860E+06  0.141128E+01  0.324047E+03
     2671    99840  0.100000E+01  0.000000E+00  0.284149E+01  0.200151E+06  0.141585E+01  0.321758E+03
     2804    99840  0.100000E+01  0.000000E+00  0.303300E+01  0.201384E+06  0.142020E+01  0.319881E+03
     2944    99840  0.100000E+01  0.000000E+00  0.301240E+01  0.202442E+06  0.142393E+01  0.317557E+03
     3091    99840  0.100000E+01  0.000000E+00  0.294332E+01  0.203481E+06  0.142758E+01  0.315922E+03
     3245    99840  0.100000E+01  0.000000E+00  0.301806E+01  0.204327E+06  0.143054E+01  0.314807E+03
     3407    99840  0.100000E+01  0.000000E+00  0.293893E+01  0.204875E+06  0.143246E+01  0.313623E+03
     3577    99840  0.100000E+01  0.000000E+00  0.288034E+01  0.205416E+06  0.143435E+01  0.312685E+03
     3755    99840  0.100000E+01  0.000000E+00  0.267499E+01  0.205900E+06  0.143605E+01  0.311868E+03
     3942    99840  0.100000E+01  0.000000E+00  0.239421E+01  0.206181E+06  0.143703E+01  0.311227E+03
     4139    99840  0.100000E+01  0.000000E+00  0.241426E+01  0.206415E+06  0.143784E+01  0.310641E+03
     4345    99840  0.100000E+01  0.000000E+00  0.262451E+01  0.206712E+06  0.143888E+01  0.310107E+03
     4562    99840  0.100000E+01  0.000000E+00  0.244095E+01  0.206908E+06  0.143956E+01  0.309711E+03
     4790    99840  0.100000E+01  0.000000E+00  0.230259E+01  0.207264E+06  0.144080E+01  0.309076E+03
     5029    99840  0.100000E+01  0.000000E+00  0.203645E+01  0.207617E+06  0.144203E+01  0.308237E+03
     5280    99840  0.100000E+01  0.000000E+00  0.212150E+01  0.207765E+06  0.144254E+01  0.307913E+03
     5544    99840  0.100000E+01  0.000000E+00  0.228591E+01  0.207939E+06  0.144315E+01  0.307567E+03
     5821    99840  0.100000E+01  0.000000E+00  0.217735E+01  0.207961E+06  0.144322E+01  0.307516E+03
     6112    99840  0.100000E+01  0.000000E+00  0.180316E+01  0.208148E+06  0.144388E+01  0.306808E+03
     6417    99840  0.100000E+01  0.000000E+00  0.163967E+01  0.208133E+06  0.144383E+01  0.306817E+03
     6737    99840  0.100000E+01  0.000000E+00  0.170516E+01  0.208176E+06  0.144398E+01  0.307374E+03
     7073    99840  0.100000E+01  0.000000E+00  0.158446E+01  0.208123E+06  0.144379E+01  0.307316E+03
     7426    99840  0.100000E+01  0.000000E+00  0.152402E+01  0.208045E+06  0.144352E+01  0.307259E+03
     7797    99840  0.100000E+01  0.000000E+00  0.147712E+01  0.208298E+06  0.144440E+01  0.306490E+03
     8186    99840  0.100000E+01  0.000000E+00  0.156626E+01  0.208551E+06  0.144528E+01  0.306520E+03
     8595    99840  0.100000E+01  0.000000E+00  0.156532E+01  0.208554E+06  0.144529E+01  0.306612E+03
     9024    99840  0.100000E+01  0.000000E+00  0.164631E+01  0.208477E+06  0.144502E+01  0.306738E+03
     9475    99840  0.100000E+01  0.000000E+00  0.135659E+01  0.208585E+06  0.144540E+01  0.306518E+03
     9948    99840  0.100000E+01  0.000000E+00  0.145699E+01  0.208338E+06  0.144454E+01  0.307192E+03
    10445    99840  0.100000E+01  0.000000E+00  0.179261E+01  0.208041E+06  0.144351E+01  0.307073E+03
    10967    99840  0.100000E+01  0.000000E+00  0.216154E+01  0.208037E+06  0.144349E+01  0.307478E+03
    11515    99840  0.100000E+01  0.000000E+00  0.234584E+01  0.207671E+06  0.144221E+01  0.308047E+03
    12090    99840  0.100000E+01  0.000000E+00  0.231285E+01  0.207903E+06  0.144302E+01  0.307603E+03
    12694    99840  0.100000E+01  0.000000E+00  0.236869E+01  0.208055E+06  0.144355E+01  0.307397E+03
    13328    99840  0.100000E+01  0.000000E+00  0.218514E+01  0.208185E+06  0.144400E+01  0.307242E+03
    13994    99840  0.100000E+01  0.000000E+00  0.224904E+01  0.208232E+06  0.144416E+01  0.307087E+03
    14693    99840  0.100000E+01  0.000000E+00  0.270445E+01  0.208111E+06  0.144374E+01  0.307007E+03
    15427    99840  0.100000E+01  0.000000E+00  0.297936E+01  0.208189E+06  0.144400E+01  0.306931E+03
    16198    99840  0.100000E+01  0.000000E+00  0.276497E+01  0.208872E+06  0.144637E+01  0.306039E+03
    16384    99840  0.100000E+01  0.000000E+00  0.272152E+01  0.208868E+06  0.144636E+01  0.305925E+03
