 Program bfbm2
 Density distribution between NTSTART and NTEND
 GAMMMA=  0.20000000000000001     
 BRANCHPROB=   0.0000000000000000     
 DEATHPROB=   0.0000000000000000     
 MEMORY=NONE
 NT=        16384
 NTSTART=        13107
 NTEND=        16384
 L=   1061.0000000000000     
 IRINIT=          43
 NCONF=       99840
 ==================================
    ibin    x=(L/2*ibin)/NBIN  x/L   P(x)  P(x)*L  P(|x|)   L/2-x 
    -500  -0.530500E+03  -0.500000E+00   0.141322E+00   0.149942E+03   0.142588E+00   0.106100E+04
    -499  -0.529439E+03  -0.499000E+00   0.360332E-01   0.382312E+02   0.362654E-01   0.105994E+04
    -498  -0.528378E+03  -0.498000E+00   0.127025E-01   0.134774E+02   0.127604E-01   0.105888E+04
    -497  -0.527317E+03  -0.497000E+00   0.878605E-02   0.932200E+01   0.882197E-02   0.105782E+04
    -496  -0.526256E+03  -0.496000E+00   0.687950E-02   0.729915E+01   0.690061E-02   0.105676E+04
    -495  -0.525195E+03  -0.495000E+00   0.570944E-02   0.605772E+01   0.572591E-02   0.105570E+04
    -494  -0.524134E+03  -0.494000E+00   0.491599E-02   0.521586E+01   0.492101E-02   0.105463E+04
    -493  -0.523073E+03  -0.493000E+00   0.433678E-02   0.460132E+01   0.433834E-02   0.105357E+04
    -492  -0.522012E+03  -0.492000E+00   0.388522E-02   0.412221E+01   0.388908E-02   0.105251E+04
    -491  -0.520951E+03  -0.491000E+00   0.353437E-02   0.374996E+01   0.353331E-02   0.105145E+04
    -490  -0.519890E+03  -0.490000E+00   0.324923E-02   0.344744E+01   0.324877E-02   0.105039E+04
    -489  -0.518829E+03  -0.489000E+00   0.300648E-02   0.318987E+01   0.300340E-02   0.104933E+04
    -488  -0.517768E+03  -0.488000E+00   0.280827E-02   0.297958E+01   0.280507E-02   0.104827E+04
    -487  -0.516707E+03  -0.487000E+00   0.263353E-02   0.279417E+01   0.263148E-02   0.104721E+04
    -486  -0.515646E+03  -0.486000E+00   0.247627E-02   0.262732E+01   0.247815E-02   0.104615E+04
    -485  -0.514585E+03  -0.485000E+00   0.234852E-02   0.249178E+01   0.234873E-02   0.104509E+04
    -484  -0.513524E+03  -0.484000E+00   0.222819E-02   0.236411E+01   0.223180E-02   0.104402E+04
    -483  -0.512463E+03  -0.483000E+00   0.212171E-02   0.225114E+01   0.212795E-02   0.104296E+04
    -482  -0.511402E+03  -0.482000E+00   0.203025E-02   0.215409E+01   0.203793E-02   0.104190E+04
    -481  -0.510341E+03  -0.481000E+00   0.194938E-02   0.206829E+01   0.195777E-02   0.104084E+04
    -480  -0.509280E+03  -0.480000E+00   0.186905E-02   0.198306E+01   0.187692E-02   0.103978E+04
    -479  -0.508219E+03  -0.479000E+00   0.180340E-02   0.191341E+01   0.180716E-02   0.103872E+04
    -478  -0.507158E+03  -0.478000E+00   0.173611E-02   0.184202E+01   0.174028E-02   0.103766E+04
    -477  -0.506097E+03  -0.477000E+00   0.167690E-02   0.177919E+01   0.168632E-02   0.103660E+04
    -476  -0.505036E+03  -0.476000E+00   0.162228E-02   0.172124E+01   0.163276E-02   0.103554E+04
    -475  -0.503975E+03  -0.475000E+00   0.157422E-02   0.167025E+01   0.157772E-02   0.103447E+04
    -474  -0.502914E+03  -0.474000E+00   0.152549E-02   0.161854E+01   0.153006E-02   0.103341E+04
    -473  -0.501853E+03  -0.473000E+00   0.147466E-02   0.156461E+01   0.148049E-02   0.103235E+04
    -472  -0.500792E+03  -0.472000E+00   0.143650E-02   0.152412E+01   0.144351E-02   0.103129E+04
    -471  -0.499731E+03  -0.471000E+00   0.140345E-02   0.148906E+01   0.140547E-02   0.103023E+04
    -470  -0.498670E+03  -0.470000E+00   0.136644E-02   0.144979E+01   0.137169E-02   0.102917E+04
    -469  -0.497609E+03  -0.469000E+00   0.133623E-02   0.141774E+01   0.134031E-02   0.102811E+04
    -468  -0.496548E+03  -0.468000E+00   0.130362E-02   0.138314E+01   0.131252E-02   0.102705E+04
    -467  -0.495487E+03  -0.467000E+00   0.127562E-02   0.135343E+01   0.128388E-02   0.102599E+04
    -466  -0.494426E+03  -0.466000E+00   0.124986E-02   0.132610E+01   0.125479E-02   0.102493E+04
    -465  -0.493365E+03  -0.465000E+00   0.122263E-02   0.129721E+01   0.122770E-02   0.102387E+04
    -464  -0.492304E+03  -0.464000E+00   0.120060E-02   0.127384E+01   0.120574E-02   0.102280E+04
    -463  -0.491243E+03  -0.463000E+00   0.117361E-02   0.124520E+01   0.117943E-02   0.102174E+04
    -462  -0.490182E+03  -0.462000E+00   0.115264E-02   0.122295E+01   0.115657E-02   0.102068E+04
    -461  -0.489121E+03  -0.461000E+00   0.112929E-02   0.119818E+01   0.113514E-02   0.101962E+04
    -460  -0.488060E+03  -0.460000E+00   0.111098E-02   0.117875E+01   0.111490E-02   0.101856E+04
    -459  -0.486999E+03  -0.459000E+00   0.108740E-02   0.115373E+01   0.109421E-02   0.101750E+04
    -458  -0.485938E+03  -0.458000E+00   0.107036E-02   0.113565E+01   0.107536E-02   0.101644E+04
    -457  -0.484877E+03  -0.457000E+00   0.105228E-02   0.111647E+01   0.105757E-02   0.101538E+04
    -456  -0.483816E+03  -0.456000E+00   0.103717E-02   0.110044E+01   0.104228E-02   0.101432E+04
    -455  -0.482755E+03  -0.455000E+00   0.101505E-02   0.107696E+01   0.101974E-02   0.101325E+04
    -454  -0.481694E+03  -0.454000E+00   0.998003E-03   0.105888E+01   0.100374E-02   0.101219E+04
    -453  -0.480633E+03  -0.453000E+00   0.984652E-03   0.104472E+01   0.989483E-03   0.101113E+04
    -452  -0.479572E+03  -0.452000E+00   0.971042E-03   0.103028E+01   0.976566E-03   0.101007E+04
    -451  -0.478511E+03  -0.451000E+00   0.955223E-03   0.101349E+01   0.962451E-03   0.100901E+04
    -450  -0.477450E+03  -0.450000E+00   0.941526E-03   0.998960E+00   0.947067E-03   0.100795E+04
    -449  -0.476389E+03  -0.449000E+00   0.930453E-03   0.987211E+00   0.931713E-03   0.100689E+04
    -448  -0.475328E+03  -0.448000E+00   0.918418E-03   0.974442E+00   0.920632E-03   0.100583E+04
    -447  -0.474267E+03  -0.447000E+00   0.906968E-03   0.962293E+00   0.909809E-03   0.100477E+04
    -446  -0.473206E+03  -0.446000E+00   0.893056E-03   0.947532E+00   0.896776E-03   0.100371E+04
    -445  -0.472145E+03  -0.445000E+00   0.881715E-03   0.935499E+00   0.884950E-03   0.100264E+04
    -444  -0.471084E+03  -0.444000E+00   0.872554E-03   0.925780E+00   0.873982E-03   0.100158E+04
    -443  -0.470023E+03  -0.443000E+00   0.856453E-03   0.908696E+00   0.860381E-03   0.100052E+04
    -442  -0.468962E+03  -0.442000E+00   0.846822E-03   0.898478E+00   0.849899E-03   0.999462E+03
    -441  -0.467901E+03  -0.441000E+00   0.835599E-03   0.886571E+00   0.838763E-03   0.998401E+03
    -440  -0.466840E+03  -0.440000E+00   0.828446E-03   0.878981E+00   0.832543E-03   0.997340E+03
    -439  -0.465779E+03  -0.439000E+00   0.814649E-03   0.864342E+00   0.818685E-03   0.996279E+03
    -438  -0.464718E+03  -0.438000E+00   0.808152E-03   0.857449E+00   0.812378E-03   0.995218E+03
    -437  -0.463657E+03  -0.437000E+00   0.797804E-03   0.846470E+00   0.803803E-03   0.994157E+03
    -436  -0.462596E+03  -0.436000E+00   0.789427E-03   0.837582E+00   0.793610E-03   0.993096E+03
    -435  -0.461535E+03  -0.435000E+00   0.780560E-03   0.828174E+00   0.784394E-03   0.992035E+03
    -434  -0.460474E+03  -0.434000E+00   0.772652E-03   0.819783E+00   0.776417E-03   0.990974E+03
    -433  -0.459413E+03  -0.433000E+00   0.765501E-03   0.812196E+00   0.767416E-03   0.989913E+03
    -432  -0.458352E+03  -0.432000E+00   0.756936E-03   0.803109E+00   0.758547E-03   0.988852E+03
    -431  -0.457291E+03  -0.431000E+00   0.749472E-03   0.795189E+00   0.750058E-03   0.987791E+03
    -430  -0.456230E+03  -0.430000E+00   0.746692E-03   0.792241E+00   0.746472E-03   0.986730E+03
    -429  -0.455169E+03  -0.429000E+00   0.739072E-03   0.784156E+00   0.738692E-03   0.985669E+03
    -428  -0.454108E+03  -0.428000E+00   0.732665E-03   0.777357E+00   0.730200E-03   0.984608E+03
    -427  -0.453047E+03  -0.427000E+00   0.722600E-03   0.766678E+00   0.721144E-03   0.983547E+03
    -426  -0.451986E+03  -0.426000E+00   0.716270E-03   0.759962E+00   0.716396E-03   0.982486E+03
    -425  -0.450925E+03  -0.425000E+00   0.706089E-03   0.749161E+00   0.707662E-03   0.981425E+03
    -424  -0.449864E+03  -0.424000E+00   0.705856E-03   0.748913E+00   0.703591E-03   0.980364E+03
    -423  -0.448803E+03  -0.423000E+00   0.698046E-03   0.740627E+00   0.695640E-03   0.979303E+03
    -422  -0.447742E+03  -0.422000E+00   0.691641E-03   0.733831E+00   0.690230E-03   0.978242E+03
    -421  -0.446681E+03  -0.421000E+00   0.686305E-03   0.728169E+00   0.685412E-03   0.977181E+03
    -420  -0.445620E+03  -0.420000E+00   0.677933E-03   0.719287E+00   0.680521E-03   0.976120E+03
    -419  -0.444559E+03  -0.419000E+00   0.674273E-03   0.715403E+00   0.675913E-03   0.975059E+03
    -418  -0.443498E+03  -0.418000E+00   0.672453E-03   0.713472E+00   0.670463E-03   0.973998E+03
    -417  -0.442437E+03  -0.417000E+00   0.669475E-03   0.710313E+00   0.666399E-03   0.972937E+03
    -416  -0.441376E+03  -0.416000E+00   0.664009E-03   0.704513E+00   0.660056E-03   0.971876E+03
    -415  -0.440315E+03  -0.415000E+00   0.652812E-03   0.692634E+00   0.650523E-03   0.970815E+03
    -414  -0.439254E+03  -0.414000E+00   0.646908E-03   0.686370E+00   0.645824E-03   0.969754E+03
    -413  -0.438193E+03  -0.413000E+00   0.642810E-03   0.682022E+00   0.643202E-03   0.968693E+03
    -412  -0.437132E+03  -0.412000E+00   0.635660E-03   0.674435E+00   0.635959E-03   0.967632E+03
    -411  -0.436071E+03  -0.411000E+00   0.626464E-03   0.664678E+00   0.628048E-03   0.966571E+03
    -410  -0.435010E+03  -0.410000E+00   0.620192E-03   0.658024E+00   0.622038E-03   0.965510E+03
    -409  -0.433949E+03  -0.409000E+00   0.615290E-03   0.652823E+00   0.618100E-03   0.964449E+03
    -408  -0.432888E+03  -0.408000E+00   0.615431E-03   0.652973E+00   0.618668E-03   0.963388E+03
    -407  -0.431827E+03  -0.407000E+00   0.610455E-03   0.647693E+00   0.612614E-03   0.962327E+03
    -406  -0.430766E+03  -0.406000E+00   0.607397E-03   0.644448E+00   0.611405E-03   0.961266E+03
    -405  -0.429705E+03  -0.405000E+00   0.605332E-03   0.642257E+00   0.608269E-03   0.960205E+03
    -404  -0.428644E+03  -0.404000E+00   0.599857E-03   0.636448E+00   0.601767E-03   0.959144E+03
    -403  -0.427583E+03  -0.403000E+00   0.595463E-03   0.631786E+00   0.597251E-03   0.958083E+03
    -402  -0.426522E+03  -0.402000E+00   0.589703E-03   0.625675E+00   0.591699E-03   0.957022E+03
    -401  -0.425461E+03  -0.401000E+00   0.588894E-03   0.624816E+00   0.590485E-03   0.955961E+03
    -400  -0.424400E+03  -0.400000E+00   0.585302E-03   0.621006E+00   0.586175E-03   0.954900E+03
    -399  -0.423339E+03  -0.399000E+00   0.578074E-03   0.613336E+00   0.580037E-03   0.953839E+03
    -398  -0.422278E+03  -0.398000E+00   0.575833E-03   0.610959E+00   0.576463E-03   0.952778E+03
    -397  -0.421217E+03  -0.397000E+00   0.574762E-03   0.609823E+00   0.575563E-03   0.951717E+03
    -396  -0.420156E+03  -0.396000E+00   0.572020E-03   0.606914E+00   0.575453E-03   0.950656E+03
    -395  -0.419095E+03  -0.395000E+00   0.563741E-03   0.598129E+00   0.568244E-03   0.949595E+03
    -394  -0.418034E+03  -0.394000E+00   0.557558E-03   0.591569E+00   0.563365E-03   0.948534E+03
    -393  -0.416973E+03  -0.393000E+00   0.556184E-03   0.590111E+00   0.561257E-03   0.947473E+03
    -392  -0.415912E+03  -0.392000E+00   0.551455E-03   0.585094E+00   0.557047E-03   0.946412E+03
    -391  -0.414851E+03  -0.391000E+00   0.551464E-03   0.585103E+00   0.554983E-03   0.945351E+03
    -390  -0.413790E+03  -0.390000E+00   0.544777E-03   0.578008E+00   0.550856E-03   0.944290E+03
    -389  -0.412729E+03  -0.389000E+00   0.541457E-03   0.574485E+00   0.544534E-03   0.943229E+03
    -388  -0.411668E+03  -0.388000E+00   0.539380E-03   0.572282E+00   0.543022E-03   0.942168E+03
    -387  -0.410607E+03  -0.387000E+00   0.536356E-03   0.569074E+00   0.540116E-03   0.941107E+03
    -386  -0.409546E+03  -0.386000E+00   0.537091E-03   0.569853E+00   0.540021E-03   0.940046E+03
    -385  -0.408485E+03  -0.385000E+00   0.530265E-03   0.562612E+00   0.536376E-03   0.938985E+03
    -384  -0.407424E+03  -0.384000E+00   0.529865E-03   0.562187E+00   0.535292E-03   0.937924E+03
    -383  -0.406363E+03  -0.383000E+00   0.530274E-03   0.562621E+00   0.534294E-03   0.936863E+03
    -382  -0.405302E+03  -0.382000E+00   0.526568E-03   0.558688E+00   0.529747E-03   0.935802E+03
    -381  -0.404241E+03  -0.381000E+00   0.518271E-03   0.549885E+00   0.524311E-03   0.934741E+03
    -380  -0.403180E+03  -0.380000E+00   0.512750E-03   0.544028E+00   0.520926E-03   0.933680E+03
    -379  -0.402119E+03  -0.379000E+00   0.515077E-03   0.546497E+00   0.520819E-03   0.932619E+03
    -378  -0.401058E+03  -0.378000E+00   0.513965E-03   0.545317E+00   0.517590E-03   0.931558E+03
    -377  -0.399997E+03  -0.377000E+00   0.508753E-03   0.539787E+00   0.512566E-03   0.930497E+03
    -376  -0.398936E+03  -0.376000E+00   0.507353E-03   0.538302E+00   0.511489E-03   0.929436E+03
    -375  -0.397875E+03  -0.375000E+00   0.506155E-03   0.537031E+00   0.508718E-03   0.928375E+03
    -374  -0.396814E+03  -0.374000E+00   0.503584E-03   0.534302E+00   0.507288E-03   0.927314E+03
    -373  -0.395753E+03  -0.373000E+00   0.502601E-03   0.533260E+00   0.505071E-03   0.926253E+03
    -372  -0.394692E+03  -0.372000E+00   0.499062E-03   0.529505E+00   0.503386E-03   0.925192E+03
    -371  -0.393631E+03  -0.371000E+00   0.498587E-03   0.529001E+00   0.502098E-03   0.924131E+03
    -370  -0.392570E+03  -0.370000E+00   0.493726E-03   0.523843E+00   0.497709E-03   0.923070E+03
    -369  -0.391509E+03  -0.369000E+00   0.492937E-03   0.523006E+00   0.496584E-03   0.922009E+03
    -368  -0.390448E+03  -0.368000E+00   0.489403E-03   0.519257E+00   0.492601E-03   0.920948E+03
    -367  -0.389387E+03  -0.367000E+00   0.490359E-03   0.520271E+00   0.492623E-03   0.919887E+03
    -366  -0.388326E+03  -0.366000E+00   0.483304E-03   0.512785E+00   0.486106E-03   0.918826E+03
    -365  -0.387265E+03  -0.365000E+00   0.483638E-03   0.513140E+00   0.487622E-03   0.917765E+03
    -364  -0.386204E+03  -0.364000E+00   0.482350E-03   0.511774E+00   0.485597E-03   0.916704E+03
    -363  -0.385143E+03  -0.363000E+00   0.479626E-03   0.508883E+00   0.481273E-03   0.915643E+03
    -362  -0.384082E+03  -0.362000E+00   0.476377E-03   0.505437E+00   0.478671E-03   0.914582E+03
    -361  -0.383021E+03  -0.361000E+00   0.476300E-03   0.505354E+00   0.477112E-03   0.913521E+03
    -360  -0.381960E+03  -0.360000E+00   0.471963E-03   0.500752E+00   0.475185E-03   0.912460E+03
    -359  -0.380899E+03  -0.359000E+00   0.471021E-03   0.499753E+00   0.474316E-03   0.911399E+03
    -358  -0.379838E+03  -0.358000E+00   0.470520E-03   0.499222E+00   0.473549E-03   0.910338E+03
    -357  -0.378777E+03  -0.357000E+00   0.470779E-03   0.499497E+00   0.472294E-03   0.909277E+03
    -356  -0.377716E+03  -0.356000E+00   0.467159E-03   0.495656E+00   0.468030E-03   0.908216E+03
    -355  -0.376655E+03  -0.355000E+00   0.464619E-03   0.492961E+00   0.465359E-03   0.907155E+03
    -354  -0.375594E+03  -0.354000E+00   0.460892E-03   0.489007E+00   0.464259E-03   0.906094E+03
    -353  -0.374533E+03  -0.353000E+00   0.459772E-03   0.487818E+00   0.463925E-03   0.905033E+03
    -352  -0.373472E+03  -0.352000E+00   0.455044E-03   0.482801E+00   0.458075E-03   0.903972E+03
    -351  -0.372411E+03  -0.351000E+00   0.455228E-03   0.482997E+00   0.457311E-03   0.902911E+03
    -350  -0.371350E+03  -0.350000E+00   0.454836E-03   0.482581E+00   0.456324E-03   0.901850E+03
    -349  -0.370289E+03  -0.349000E+00   0.453059E-03   0.480696E+00   0.453653E-03   0.900789E+03
    -348  -0.369228E+03  -0.348000E+00   0.452175E-03   0.479758E+00   0.452077E-03   0.899728E+03
    -347  -0.368167E+03  -0.347000E+00   0.449540E-03   0.476962E+00   0.449755E-03   0.898667E+03
    -346  -0.367106E+03  -0.346000E+00   0.445474E-03   0.472648E+00   0.447068E-03   0.897606E+03
    -345  -0.366045E+03  -0.345000E+00   0.448449E-03   0.475804E+00   0.448888E-03   0.896545E+03
    -344  -0.364984E+03  -0.344000E+00   0.445197E-03   0.472354E+00   0.445387E-03   0.895484E+03
    -343  -0.363923E+03  -0.343000E+00   0.442554E-03   0.469549E+00   0.443318E-03   0.894423E+03
    -342  -0.362862E+03  -0.342000E+00   0.441013E-03   0.467915E+00   0.443923E-03   0.893362E+03
    -341  -0.361801E+03  -0.341000E+00   0.441770E-03   0.468718E+00   0.443942E-03   0.892301E+03
    -340  -0.360740E+03  -0.340000E+00   0.436319E-03   0.462934E+00   0.439754E-03   0.891240E+03
    -339  -0.359679E+03  -0.339000E+00   0.433678E-03   0.460132E+00   0.438627E-03   0.890179E+03
    -338  -0.358618E+03  -0.338000E+00   0.433830E-03   0.460294E+00   0.437498E-03   0.889118E+03
    -337  -0.357557E+03  -0.337000E+00   0.434758E-03   0.461278E+00   0.438778E-03   0.888057E+03
    -336  -0.356496E+03  -0.336000E+00   0.430401E-03   0.456655E+00   0.434247E-03   0.886996E+03
    -335  -0.355435E+03  -0.335000E+00   0.430902E-03   0.457187E+00   0.431545E-03   0.885935E+03
    -334  -0.354374E+03  -0.334000E+00   0.431394E-03   0.457709E+00   0.432170E-03   0.884874E+03
    -333  -0.353313E+03  -0.333000E+00   0.426648E-03   0.452674E+00   0.429607E-03   0.883813E+03
    -332  -0.352252E+03  -0.332000E+00   0.423028E-03   0.448833E+00   0.427404E-03   0.882752E+03
    -331  -0.351191E+03  -0.331000E+00   0.426484E-03   0.452499E+00   0.427927E-03   0.881691E+03
    -330  -0.350130E+03  -0.330000E+00   0.421113E-03   0.446801E+00   0.425871E-03   0.880630E+03
    -329  -0.349069E+03  -0.329000E+00   0.424353E-03   0.450238E+00   0.424894E-03   0.879569E+03
    -328  -0.348008E+03  -0.328000E+00   0.422930E-03   0.448729E+00   0.424886E-03   0.878508E+03
    -327  -0.346947E+03  -0.327000E+00   0.420886E-03   0.446560E+00   0.423611E-03   0.877447E+03
    -326  -0.345886E+03  -0.326000E+00   0.416776E-03   0.442199E+00   0.419241E-03   0.876386E+03
    -325  -0.344825E+03  -0.325000E+00   0.416298E-03   0.441692E+00   0.418710E-03   0.875325E+03
    -324  -0.343764E+03  -0.324000E+00   0.414037E-03   0.439293E+00   0.417692E-03   0.874264E+03
    -323  -0.342703E+03  -0.323000E+00   0.410170E-03   0.435190E+00   0.414950E-03   0.873203E+03
    -322  -0.341642E+03  -0.322000E+00   0.410987E-03   0.436058E+00   0.414234E-03   0.872142E+03
    -321  -0.340581E+03  -0.321000E+00   0.410247E-03   0.435272E+00   0.414122E-03   0.871081E+03
    -320  -0.339520E+03  -0.320000E+00   0.406466E-03   0.431260E+00   0.411144E-03   0.870020E+03
    -319  -0.338459E+03  -0.319000E+00   0.405360E-03   0.430087E+00   0.410452E-03   0.868959E+03
    -318  -0.337398E+03  -0.318000E+00   0.403843E-03   0.428477E+00   0.409621E-03   0.867898E+03
    -317  -0.336337E+03  -0.317000E+00   0.403223E-03   0.427820E+00   0.409277E-03   0.866837E+03
    -316  -0.335276E+03  -0.316000E+00   0.402149E-03   0.426680E+00   0.408267E-03   0.865776E+03
    -315  -0.334215E+03  -0.315000E+00   0.399240E-03   0.423594E+00   0.405321E-03   0.864715E+03
    -314  -0.333154E+03  -0.314000E+00   0.399249E-03   0.423603E+00   0.404178E-03   0.863654E+03
    -313  -0.332093E+03  -0.313000E+00   0.398374E-03   0.422674E+00   0.402120E-03   0.862593E+03
    -312  -0.331032E+03  -0.312000E+00   0.395908E-03   0.420059E+00   0.401389E-03   0.861532E+03
    -311  -0.329971E+03  -0.311000E+00   0.393515E-03   0.417520E+00   0.399282E-03   0.860471E+03
    -310  -0.328910E+03  -0.310000E+00   0.393867E-03   0.417893E+00   0.398482E-03   0.859410E+03
    -309  -0.327849E+03  -0.309000E+00   0.392145E-03   0.416065E+00   0.395088E-03   0.858349E+03
    -308  -0.326788E+03  -0.308000E+00   0.390803E-03   0.414641E+00   0.396365E-03   0.857288E+03
    -307  -0.325727E+03  -0.307000E+00   0.390607E-03   0.414434E+00   0.395942E-03   0.856227E+03
    -306  -0.324666E+03  -0.306000E+00   0.391787E-03   0.415686E+00   0.394195E-03   0.855166E+03
    -305  -0.323605E+03  -0.305000E+00   0.388836E-03   0.412555E+00   0.392539E-03   0.854105E+03
    -304  -0.322544E+03  -0.304000E+00   0.388813E-03   0.412530E+00   0.392054E-03   0.853044E+03
    -303  -0.321483E+03  -0.303000E+00   0.389149E-03   0.412888E+00   0.393383E-03   0.851983E+03
    -302  -0.320422E+03  -0.302000E+00   0.385820E-03   0.409355E+00   0.390263E-03   0.850922E+03
    -301  -0.319361E+03  -0.301000E+00   0.382013E-03   0.405316E+00   0.387378E-03   0.849861E+03
    -300  -0.318300E+03  -0.300000E+00   0.380487E-03   0.403697E+00   0.386143E-03   0.848800E+03
    -299  -0.317239E+03  -0.299000E+00   0.379295E-03   0.402432E+00   0.385459E-03   0.847739E+03
    -298  -0.316178E+03  -0.298000E+00   0.380334E-03   0.403535E+00   0.385974E-03   0.846678E+03
    -297  -0.315117E+03  -0.297000E+00   0.381086E-03   0.404332E+00   0.384552E-03   0.845617E+03
    -296  -0.314056E+03  -0.296000E+00   0.380792E-03   0.404020E+00   0.382896E-03   0.844556E+03
    -295  -0.312995E+03  -0.295000E+00   0.380245E-03   0.403440E+00   0.381581E-03   0.843495E+03
    -294  -0.311934E+03  -0.294000E+00   0.379208E-03   0.402340E+00   0.380058E-03   0.842434E+03
    -293  -0.310873E+03  -0.293000E+00   0.377739E-03   0.400782E+00   0.380206E-03   0.841373E+03
    -292  -0.309812E+03  -0.292000E+00   0.376533E-03   0.399501E+00   0.378658E-03   0.840312E+03
    -291  -0.308751E+03  -0.291000E+00   0.375810E-03   0.398734E+00   0.377027E-03   0.839251E+03
    -290  -0.307690E+03  -0.290000E+00   0.374079E-03   0.396898E+00   0.377927E-03   0.838190E+03
    -289  -0.306629E+03  -0.289000E+00   0.373915E-03   0.396724E+00   0.377081E-03   0.837129E+03
    -288  -0.305568E+03  -0.288000E+00   0.373506E-03   0.396290E+00   0.376217E-03   0.836068E+03
    -287  -0.304507E+03  -0.287000E+00   0.375747E-03   0.398667E+00   0.376825E-03   0.835007E+03
    -286  -0.303446E+03  -0.286000E+00   0.373489E-03   0.396272E+00   0.376279E-03   0.833946E+03
    -285  -0.302385E+03  -0.285000E+00   0.371764E-03   0.394441E+00   0.373448E-03   0.832885E+03
    -284  -0.301324E+03  -0.284000E+00   0.374047E-03   0.396864E+00   0.373837E-03   0.831824E+03
    -283  -0.300263E+03  -0.283000E+00   0.370376E-03   0.392969E+00   0.371759E-03   0.830763E+03
    -282  -0.299202E+03  -0.282000E+00   0.368659E-03   0.391147E+00   0.371467E-03   0.829702E+03
    -281  -0.298141E+03  -0.281000E+00   0.369301E-03   0.391829E+00   0.369949E-03   0.828641E+03
    -280  -0.297080E+03  -0.280000E+00   0.369581E-03   0.392125E+00   0.369932E-03   0.827580E+03
    -279  -0.296019E+03  -0.279000E+00   0.369209E-03   0.391731E+00   0.370167E-03   0.826519E+03
    -278  -0.294958E+03  -0.278000E+00   0.367715E-03   0.390145E+00   0.369113E-03   0.825458E+03
    -277  -0.293897E+03  -0.277000E+00   0.365759E-03   0.388071E+00   0.367078E-03   0.824397E+03
    -276  -0.292836E+03  -0.276000E+00   0.360780E-03   0.382788E+00   0.364387E-03   0.823336E+03
    -275  -0.291775E+03  -0.275000E+00   0.364077E-03   0.386286E+00   0.367307E-03   0.822275E+03
    -274  -0.290714E+03  -0.274000E+00   0.364861E-03   0.387117E+00   0.366324E-03   0.821214E+03
    -273  -0.289653E+03  -0.273000E+00   0.364492E-03   0.386726E+00   0.365061E-03   0.820153E+03
    -272  -0.288592E+03  -0.272000E+00   0.360711E-03   0.382714E+00   0.362413E-03   0.819092E+03
    -271  -0.287531E+03  -0.271000E+00   0.358606E-03   0.380481E+00   0.360354E-03   0.818031E+03
    -270  -0.286470E+03  -0.270000E+00   0.357532E-03   0.379341E+00   0.360004E-03   0.816970E+03
    -269  -0.285409E+03  -0.269000E+00   0.361955E-03   0.384034E+00   0.361756E-03   0.815909E+03
    -268  -0.284348E+03  -0.268000E+00   0.360282E-03   0.382259E+00   0.359737E-03   0.814848E+03
    -267  -0.283287E+03  -0.267000E+00   0.359507E-03   0.381437E+00   0.360506E-03   0.813787E+03
    -266  -0.282226E+03  -0.266000E+00   0.356247E-03   0.377978E+00   0.357428E-03   0.812726E+03
    -265  -0.281165E+03  -0.265000E+00   0.355248E-03   0.376918E+00   0.356806E-03   0.811665E+03
    -264  -0.280104E+03  -0.264000E+00   0.353097E-03   0.374635E+00   0.355616E-03   0.810604E+03
    -263  -0.279043E+03  -0.263000E+00   0.352068E-03   0.373545E+00   0.354951E-03   0.809543E+03
    -262  -0.277982E+03  -0.262000E+00   0.351636E-03   0.373086E+00   0.353612E-03   0.808482E+03
    -261  -0.276921E+03  -0.261000E+00   0.353379E-03   0.374935E+00   0.355012E-03   0.807421E+03
    -260  -0.275860E+03  -0.260000E+00   0.353223E-03   0.374770E+00   0.353793E-03   0.806360E+03
    -259  -0.274799E+03  -0.259000E+00   0.351271E-03   0.372698E+00   0.351557E-03   0.805299E+03
    -258  -0.273738E+03  -0.258000E+00   0.349802E-03   0.371140E+00   0.352868E-03   0.804238E+03
    -257  -0.272677E+03  -0.257000E+00   0.348863E-03   0.370144E+00   0.351809E-03   0.803177E+03
    -256  -0.271616E+03  -0.256000E+00   0.347959E-03   0.369184E+00   0.351415E-03   0.802116E+03
    -255  -0.270555E+03  -0.255000E+00   0.347593E-03   0.368796E+00   0.349436E-03   0.801055E+03
    -254  -0.269494E+03  -0.254000E+00   0.346712E-03   0.367861E+00   0.348935E-03   0.799994E+03
    -253  -0.268433E+03  -0.253000E+00   0.343913E-03   0.364891E+00   0.346800E-03   0.798933E+03
    -252  -0.267372E+03  -0.252000E+00   0.345972E-03   0.367076E+00   0.347684E-03   0.797872E+03
    -251  -0.266311E+03  -0.251000E+00   0.346721E-03   0.367870E+00   0.347926E-03   0.796811E+03
    -250  -0.265250E+03  -0.250000E+00   0.349626E-03   0.370954E+00   0.348365E-03   0.795750E+03
    -249  -0.264189E+03  -0.249000E+00   0.349105E-03   0.370400E+00   0.347318E-03   0.794689E+03
    -248  -0.263128E+03  -0.248000E+00   0.345021E-03   0.366068E+00   0.343949E-03   0.793628E+03
    -247  -0.262067E+03  -0.247000E+00   0.342110E-03   0.362979E+00   0.343674E-03   0.792567E+03
    -246  -0.261006E+03  -0.246000E+00   0.344676E-03   0.365701E+00   0.342910E-03   0.791506E+03
    -245  -0.259945E+03  -0.245000E+00   0.343109E-03   0.364039E+00   0.342195E-03   0.790445E+03
    -244  -0.258884E+03  -0.244000E+00   0.343605E-03   0.364564E+00   0.341712E-03   0.789384E+03
    -243  -0.257823E+03  -0.243000E+00   0.343858E-03   0.364833E+00   0.341039E-03   0.788323E+03
    -242  -0.256762E+03  -0.242000E+00   0.343365E-03   0.364311E+00   0.340274E-03   0.787262E+03
    -241  -0.255701E+03  -0.241000E+00   0.341194E-03   0.362007E+00   0.339015E-03   0.786201E+03
    -240  -0.254640E+03  -0.240000E+00   0.342191E-03   0.363064E+00   0.340424E-03   0.785140E+03
    -239  -0.253579E+03  -0.239000E+00   0.337770E-03   0.358374E+00   0.339177E-03   0.784079E+03
    -238  -0.252518E+03  -0.238000E+00   0.340514E-03   0.361286E+00   0.339326E-03   0.783018E+03
    -237  -0.251457E+03  -0.237000E+00   0.341105E-03   0.361912E+00   0.338725E-03   0.781957E+03
    -236  -0.250396E+03  -0.236000E+00   0.334844E-03   0.355269E+00   0.335482E-03   0.780896E+03
    -235  -0.249335E+03  -0.235000E+00   0.336022E-03   0.356519E+00   0.337007E-03   0.779835E+03
    -234  -0.248274E+03  -0.234000E+00   0.339172E-03   0.359862E+00   0.339355E-03   0.778774E+03
    -233  -0.247213E+03  -0.233000E+00   0.337813E-03   0.358420E+00   0.337596E-03   0.777713E+03
    -232  -0.246152E+03  -0.232000E+00   0.336278E-03   0.356791E+00   0.337164E-03   0.776652E+03
    -231  -0.245091E+03  -0.231000E+00   0.337989E-03   0.358606E+00   0.337031E-03   0.775591E+03
    -230  -0.244030E+03  -0.230000E+00   0.337257E-03   0.357830E+00   0.337495E-03   0.774530E+03
    -229  -0.242969E+03  -0.229000E+00   0.335195E-03   0.355642E+00   0.335806E-03   0.773469E+03
    -228  -0.241908E+03  -0.228000E+00   0.333096E-03   0.353415E+00   0.333338E-03   0.772408E+03
    -227  -0.240847E+03  -0.227000E+00   0.334124E-03   0.354506E+00   0.333583E-03   0.771347E+03
    -226  -0.239786E+03  -0.226000E+00   0.334798E-03   0.355221E+00   0.332066E-03   0.770286E+03
    -225  -0.238725E+03  -0.225000E+00   0.332938E-03   0.353247E+00   0.332867E-03   0.769225E+03
    -224  -0.237664E+03  -0.224000E+00   0.330432E-03   0.350588E+00   0.331037E-03   0.768164E+03
    -223  -0.236603E+03  -0.223000E+00   0.330035E-03   0.350167E+00   0.329636E-03   0.767103E+03
    -222  -0.235542E+03  -0.222000E+00   0.328514E-03   0.348553E+00   0.328936E-03   0.766042E+03
    -221  -0.234481E+03  -0.221000E+00   0.328287E-03   0.348312E+00   0.329945E-03   0.764981E+03
    -220  -0.233420E+03  -0.220000E+00   0.327546E-03   0.347527E+00   0.329210E-03   0.763920E+03
    -219  -0.232359E+03  -0.219000E+00   0.328897E-03   0.348960E+00   0.329351E-03   0.762859E+03
    -218  -0.231298E+03  -0.218000E+00   0.330141E-03   0.350280E+00   0.330160E-03   0.761798E+03
    -217  -0.230237E+03  -0.217000E+00   0.327328E-03   0.347295E+00   0.328832E-03   0.760737E+03
    -216  -0.229176E+03  -0.216000E+00   0.326729E-03   0.346659E+00   0.328102E-03   0.759676E+03
    -215  -0.228115E+03  -0.215000E+00   0.324220E-03   0.343998E+00   0.327649E-03   0.758615E+03
    -214  -0.227054E+03  -0.214000E+00   0.326631E-03   0.346555E+00   0.328494E-03   0.757554E+03
    -213  -0.225993E+03  -0.213000E+00   0.325047E-03   0.344875E+00   0.326851E-03   0.756493E+03
    -212  -0.224932E+03  -0.212000E+00   0.325988E-03   0.345874E+00   0.329286E-03   0.755432E+03
    -211  -0.223871E+03  -0.211000E+00   0.328287E-03   0.348312E+00   0.330200E-03   0.754371E+03
    -210  -0.222810E+03  -0.210000E+00   0.322322E-03   0.341984E+00   0.326432E-03   0.753310E+03
    -209  -0.221749E+03  -0.209000E+00   0.323736E-03   0.343484E+00   0.325810E-03   0.752249E+03
    -208  -0.220688E+03  -0.208000E+00   0.323771E-03   0.343521E+00   0.324682E-03   0.751188E+03
    -207  -0.219627E+03  -0.207000E+00   0.320652E-03   0.340212E+00   0.325166E-03   0.750127E+03
    -206  -0.218566E+03  -0.206000E+00   0.319716E-03   0.339219E+00   0.323438E-03   0.749066E+03
    -205  -0.217505E+03  -0.205000E+00   0.319117E-03   0.338583E+00   0.323795E-03   0.748005E+03
    -204  -0.216444E+03  -0.204000E+00   0.321470E-03   0.341080E+00   0.324062E-03   0.746944E+03
    -203  -0.215383E+03  -0.203000E+00   0.317962E-03   0.337358E+00   0.322239E-03   0.745883E+03
    -202  -0.214322E+03  -0.202000E+00   0.317694E-03   0.337074E+00   0.321854E-03   0.744822E+03
    -201  -0.213261E+03  -0.201000E+00   0.317669E-03   0.337046E+00   0.321847E-03   0.743761E+03
    -200  -0.212200E+03  -0.200000E+00   0.321862E-03   0.341495E+00   0.324050E-03   0.742700E+03
    -199  -0.211139E+03  -0.199000E+00   0.320972E-03   0.340551E+00   0.322756E-03   0.741639E+03
    -198  -0.210078E+03  -0.198000E+00   0.321948E-03   0.341587E+00   0.323617E-03   0.740578E+03
    -197  -0.209017E+03  -0.197000E+00   0.318342E-03   0.337761E+00   0.321813E-03   0.739517E+03
    -196  -0.207956E+03  -0.196000E+00   0.316324E-03   0.335619E+00   0.320871E-03   0.738456E+03
    -195  -0.206895E+03  -0.195000E+00   0.314976E-03   0.334189E+00   0.320034E-03   0.737395E+03
    -194  -0.205834E+03  -0.194000E+00   0.316070E-03   0.335350E+00   0.319841E-03   0.736334E+03
    -193  -0.204773E+03  -0.193000E+00   0.316041E-03   0.335320E+00   0.318652E-03   0.735273E+03
    -192  -0.203712E+03  -0.192000E+00   0.312986E-03   0.332078E+00   0.317398E-03   0.734212E+03
    -191  -0.202651E+03  -0.191000E+00   0.311390E-03   0.330385E+00   0.316686E-03   0.733151E+03
    -190  -0.201590E+03  -0.190000E+00   0.311727E-03   0.330743E+00   0.317219E-03   0.732090E+03
    -189  -0.200529E+03  -0.189000E+00   0.314072E-03   0.333230E+00   0.317702E-03   0.731029E+03
    -188  -0.199468E+03  -0.188000E+00   0.310469E-03   0.329407E+00   0.314711E-03   0.729968E+03
    -187  -0.198407E+03  -0.187000E+00   0.310593E-03   0.329539E+00   0.316056E-03   0.728907E+03
    -186  -0.197346E+03  -0.186000E+00   0.310855E-03   0.329817E+00   0.316494E-03   0.727846E+03
    -185  -0.196285E+03  -0.185000E+00   0.311114E-03   0.330092E+00   0.316181E-03   0.726785E+03
    -184  -0.195224E+03  -0.184000E+00   0.308896E-03   0.327739E+00   0.315291E-03   0.725724E+03
    -183  -0.194163E+03  -0.183000E+00   0.310181E-03   0.329102E+00   0.315864E-03   0.724663E+03
    -182  -0.193102E+03  -0.182000E+00   0.310861E-03   0.329823E+00   0.315828E-03   0.723602E+03
    -181  -0.192041E+03  -0.181000E+00   0.312076E-03   0.331112E+00   0.315337E-03   0.722541E+03
    -180  -0.190980E+03  -0.180000E+00   0.309853E-03   0.328754E+00   0.314351E-03   0.721480E+03
    -179  -0.189919E+03  -0.179000E+00   0.309182E-03   0.328042E+00   0.313670E-03   0.720419E+03
    -178  -0.188858E+03  -0.178000E+00   0.309827E-03   0.328726E+00   0.315113E-03   0.719358E+03
    -177  -0.187797E+03  -0.177000E+00   0.307439E-03   0.326193E+00   0.314146E-03   0.718297E+03
    -176  -0.186736E+03  -0.176000E+00   0.310745E-03   0.329701E+00   0.315612E-03   0.717236E+03
    -175  -0.185675E+03  -0.175000E+00   0.310817E-03   0.329777E+00   0.314600E-03   0.716175E+03
    -174  -0.184614E+03  -0.174000E+00   0.310046E-03   0.328958E+00   0.312181E-03   0.715114E+03
    -173  -0.183553E+03  -0.173000E+00   0.310011E-03   0.328922E+00   0.312802E-03   0.714053E+03
    -172  -0.182492E+03  -0.172000E+00   0.310308E-03   0.329236E+00   0.313163E-03   0.712992E+03
    -171  -0.181431E+03  -0.171000E+00   0.308263E-03   0.327067E+00   0.311354E-03   0.711931E+03
    -170  -0.180370E+03  -0.170000E+00   0.309066E-03   0.327919E+00   0.312352E-03   0.710870E+03
    -169  -0.179309E+03  -0.169000E+00   0.311051E-03   0.330025E+00   0.312607E-03   0.709809E+03
    -168  -0.178248E+03  -0.168000E+00   0.308551E-03   0.327372E+00   0.311025E-03   0.708748E+03
    -167  -0.177187E+03  -0.167000E+00   0.308660E-03   0.327489E+00   0.310591E-03   0.707687E+03
    -166  -0.176126E+03  -0.166000E+00   0.306420E-03   0.325111E+00   0.310426E-03   0.706626E+03
    -165  -0.175065E+03  -0.165000E+00   0.304171E-03   0.322725E+00   0.309066E-03   0.705565E+03
    -164  -0.174004E+03  -0.164000E+00   0.304879E-03   0.323477E+00   0.308836E-03   0.704504E+03
    -163  -0.172943E+03  -0.163000E+00   0.305988E-03   0.324653E+00   0.308424E-03   0.703443E+03
    -162  -0.171882E+03  -0.162000E+00   0.305366E-03   0.323993E+00   0.306791E-03   0.702382E+03
    -161  -0.170821E+03  -0.161000E+00   0.304315E-03   0.322878E+00   0.305271E-03   0.701321E+03
    -160  -0.169760E+03  -0.160000E+00   0.301973E-03   0.320394E+00   0.303115E-03   0.700260E+03
    -159  -0.168699E+03  -0.159000E+00   0.303030E-03   0.321515E+00   0.303687E-03   0.699199E+03
    -158  -0.167638E+03  -0.158000E+00   0.303891E-03   0.322429E+00   0.304545E-03   0.698138E+03
    -157  -0.166577E+03  -0.157000E+00   0.305037E-03   0.323645E+00   0.305537E-03   0.697077E+03
    -156  -0.165516E+03  -0.156000E+00   0.302322E-03   0.320763E+00   0.304136E-03   0.696016E+03
    -155  -0.164455E+03  -0.155000E+00   0.303693E-03   0.322218E+00   0.304525E-03   0.694955E+03
    -154  -0.163394E+03  -0.154000E+00   0.305870E-03   0.324528E+00   0.306169E-03   0.693894E+03
    -153  -0.162333E+03  -0.153000E+00   0.303701E-03   0.322227E+00   0.305451E-03   0.692833E+03
    -152  -0.161272E+03  -0.152000E+00   0.302034E-03   0.320458E+00   0.303969E-03   0.691772E+03
    -151  -0.160211E+03  -0.151000E+00   0.302057E-03   0.320482E+00   0.303949E-03   0.690711E+03
    -150  -0.159150E+03  -0.150000E+00   0.304487E-03   0.323061E+00   0.304711E-03   0.689650E+03
    -149  -0.158089E+03  -0.149000E+00   0.303511E-03   0.322025E+00   0.304325E-03   0.688589E+03
    -148  -0.157028E+03  -0.148000E+00   0.302114E-03   0.320543E+00   0.303587E-03   0.687528E+03
    -147  -0.155967E+03  -0.147000E+00   0.302590E-03   0.321048E+00   0.304893E-03   0.686467E+03
    -146  -0.154906E+03  -0.146000E+00   0.302759E-03   0.321228E+00   0.302762E-03   0.685406E+03
    -145  -0.153845E+03  -0.145000E+00   0.300810E-03   0.319159E+00   0.302618E-03   0.684345E+03
    -144  -0.152784E+03  -0.144000E+00   0.297809E-03   0.315975E+00   0.299151E-03   0.683284E+03
    -143  -0.151723E+03  -0.143000E+00   0.296700E-03   0.314799E+00   0.299387E-03   0.682223E+03
    -142  -0.150662E+03  -0.142000E+00   0.296599E-03   0.314692E+00   0.299043E-03   0.681162E+03
    -141  -0.149601E+03  -0.141000E+00   0.299350E-03   0.317610E+00   0.300806E-03   0.680101E+03
    -140  -0.148540E+03  -0.140000E+00   0.298408E-03   0.316611E+00   0.301505E-03   0.679040E+03
    -139  -0.147479E+03  -0.139000E+00   0.296375E-03   0.314454E+00   0.301203E-03   0.677979E+03
    -138  -0.146418E+03  -0.138000E+00   0.297337E-03   0.315474E+00   0.299694E-03   0.676918E+03
    -137  -0.145357E+03  -0.137000E+00   0.298978E-03   0.317216E+00   0.301517E-03   0.675857E+03
    -136  -0.144296E+03  -0.136000E+00   0.297659E-03   0.315816E+00   0.299366E-03   0.674796E+03
    -135  -0.143235E+03  -0.135000E+00   0.295816E-03   0.313861E+00   0.297416E-03   0.673735E+03
    -134  -0.142174E+03  -0.134000E+00   0.299301E-03   0.317558E+00   0.300329E-03   0.672674E+03
    -133  -0.141113E+03  -0.133000E+00   0.298852E-03   0.317081E+00   0.300032E-03   0.671613E+03
    -132  -0.140052E+03  -0.132000E+00   0.295894E-03   0.313943E+00   0.298500E-03   0.670552E+03
    -131  -0.138991E+03  -0.131000E+00   0.295024E-03   0.313021E+00   0.297183E-03   0.669491E+03
    -130  -0.137930E+03  -0.130000E+00   0.293835E-03   0.311759E+00   0.296254E-03   0.668430E+03
    -129  -0.136869E+03  -0.129000E+00   0.294529E-03   0.312495E+00   0.297449E-03   0.667369E+03
    -128  -0.135808E+03  -0.128000E+00   0.292637E-03   0.310488E+00   0.296317E-03   0.666308E+03
    -127  -0.134747E+03  -0.127000E+00   0.292231E-03   0.310057E+00   0.296461E-03   0.665247E+03
    -126  -0.133686E+03  -0.126000E+00   0.291995E-03   0.309806E+00   0.294369E-03   0.664186E+03
    -125  -0.132625E+03  -0.125000E+00   0.293478E-03   0.311380E+00   0.295676E-03   0.663125E+03
    -124  -0.131564E+03  -0.124000E+00   0.294045E-03   0.311982E+00   0.297187E-03   0.662064E+03
    -123  -0.130503E+03  -0.123000E+00   0.292288E-03   0.310118E+00   0.295515E-03   0.661003E+03
    -122  -0.129442E+03  -0.122000E+00   0.291822E-03   0.309623E+00   0.295291E-03   0.659942E+03
    -121  -0.128381E+03  -0.121000E+00   0.291560E-03   0.309345E+00   0.293874E-03   0.658881E+03
    -120  -0.127320E+03  -0.120000E+00   0.292599E-03   0.310448E+00   0.296810E-03   0.657820E+03
    -119  -0.126259E+03  -0.119000E+00   0.292009E-03   0.309822E+00   0.296349E-03   0.656759E+03
    -118  -0.125198E+03  -0.118000E+00   0.289552E-03   0.307215E+00   0.295059E-03   0.655698E+03
    -117  -0.124137E+03  -0.117000E+00   0.291940E-03   0.309748E+00   0.296301E-03   0.654637E+03
    -116  -0.123076E+03  -0.116000E+00   0.291600E-03   0.309388E+00   0.294805E-03   0.653576E+03
    -115  -0.122015E+03  -0.115000E+00   0.292884E-03   0.310750E+00   0.296238E-03   0.652515E+03
    -114  -0.120954E+03  -0.114000E+00   0.292447E-03   0.310286E+00   0.295435E-03   0.651454E+03
    -113  -0.119893E+03  -0.113000E+00   0.291416E-03   0.309192E+00   0.295424E-03   0.650393E+03
    -112  -0.118832E+03  -0.112000E+00   0.291318E-03   0.309088E+00   0.293547E-03   0.649332E+03
    -111  -0.117771E+03  -0.111000E+00   0.290007E-03   0.307698E+00   0.293686E-03   0.648271E+03
    -110  -0.116710E+03  -0.110000E+00   0.290517E-03   0.308239E+00   0.294356E-03   0.647210E+03
    -109  -0.115649E+03  -0.109000E+00   0.291963E-03   0.309773E+00   0.295098E-03   0.646149E+03
    -108  -0.114588E+03  -0.108000E+00   0.291669E-03   0.309461E+00   0.295332E-03   0.645088E+03
    -107  -0.113527E+03  -0.107000E+00   0.292306E-03   0.310136E+00   0.294393E-03   0.644027E+03
    -106  -0.112466E+03  -0.106000E+00   0.290802E-03   0.308541E+00   0.294368E-03   0.642966E+03
    -105  -0.111405E+03  -0.105000E+00   0.289973E-03   0.307661E+00   0.292199E-03   0.641905E+03
    -104  -0.110344E+03  -0.104000E+00   0.291738E-03   0.309534E+00   0.293711E-03   0.640844E+03
    -103  -0.109283E+03  -0.103000E+00   0.289777E-03   0.307453E+00   0.291865E-03   0.639783E+03
    -102  -0.108222E+03  -0.102000E+00   0.291211E-03   0.308975E+00   0.293037E-03   0.638722E+03
    -101  -0.107161E+03  -0.101000E+00   0.288830E-03   0.306448E+00   0.291027E-03   0.637661E+03
    -100  -0.106100E+03  -0.100000E+00   0.294382E-03   0.312339E+00   0.293666E-03   0.636600E+03
     -99  -0.105039E+03  -0.990000E-01   0.292781E-03   0.310640E+00   0.292087E-03   0.635539E+03
     -98  -0.103978E+03  -0.980000E-01   0.293103E-03   0.310983E+00   0.292798E-03   0.634478E+03
     -97  -0.102917E+03  -0.970000E-01   0.291191E-03   0.308954E+00   0.291842E-03   0.633417E+03
     -96  -0.101856E+03  -0.960000E-01   0.289532E-03   0.307194E+00   0.290959E-03   0.632356E+03
     -95  -0.100795E+03  -0.950000E-01   0.290203E-03   0.307906E+00   0.291442E-03   0.631295E+03
     -94  -0.997340E+02  -0.940000E-01   0.291177E-03   0.308938E+00   0.292015E-03   0.630234E+03
     -93  -0.986730E+02  -0.930000E-01   0.290670E-03   0.308401E+00   0.292805E-03   0.629173E+03
     -92  -0.976120E+02  -0.920000E-01   0.288516E-03   0.306115E+00   0.291682E-03   0.628112E+03
     -91  -0.965510E+02  -0.910000E-01   0.289109E-03   0.306745E+00   0.290498E-03   0.627051E+03
     -90  -0.954900E+02  -0.900000E-01   0.289737E-03   0.307411E+00   0.290762E-03   0.625990E+03
     -89  -0.944290E+02  -0.890000E-01   0.286151E-03   0.303607E+00   0.289021E-03   0.624929E+03
     -88  -0.933680E+02  -0.880000E-01   0.287018E-03   0.304526E+00   0.290107E-03   0.623868E+03
     -87  -0.923070E+02  -0.870000E-01   0.286045E-03   0.303494E+00   0.289525E-03   0.622807E+03
     -86  -0.912460E+02  -0.860000E-01   0.285742E-03   0.303173E+00   0.289252E-03   0.621746E+03
     -85  -0.901850E+02  -0.850000E-01   0.287047E-03   0.304557E+00   0.288776E-03   0.620685E+03
     -84  -0.891240E+02  -0.840000E-01   0.288982E-03   0.306610E+00   0.289195E-03   0.619624E+03
     -83  -0.880630E+02  -0.830000E-01   0.288464E-03   0.306060E+00   0.289711E-03   0.618563E+03
     -82  -0.870020E+02  -0.820000E-01   0.289702E-03   0.307374E+00   0.290493E-03   0.617502E+03
     -81  -0.859410E+02  -0.810000E-01   0.291525E-03   0.309308E+00   0.290785E-03   0.616441E+03
     -80  -0.848800E+02  -0.800000E-01   0.290241E-03   0.307945E+00   0.290385E-03   0.615380E+03
     -79  -0.838190E+02  -0.790000E-01   0.290517E-03   0.308239E+00   0.289704E-03   0.614319E+03
     -78  -0.827580E+02  -0.780000E-01   0.291116E-03   0.308874E+00   0.289982E-03   0.613258E+03
     -77  -0.816970E+02  -0.770000E-01   0.289495E-03   0.307154E+00   0.288451E-03   0.612197E+03
     -76  -0.806360E+02  -0.760000E-01   0.289619E-03   0.307285E+00   0.288352E-03   0.611136E+03
     -75  -0.795750E+02  -0.750000E-01   0.288363E-03   0.305953E+00   0.288180E-03   0.610075E+03
     -74  -0.785140E+02  -0.740000E-01   0.286373E-03   0.303842E+00   0.287479E-03   0.609014E+03
     -73  -0.774530E+02  -0.730000E-01   0.287102E-03   0.304615E+00   0.288971E-03   0.607953E+03
     -72  -0.763920E+02  -0.720000E-01   0.289938E-03   0.307625E+00   0.290032E-03   0.606892E+03
     -71  -0.753310E+02  -0.710000E-01   0.289717E-03   0.307389E+00   0.289053E-03   0.605831E+03
     -70  -0.742700E+02  -0.700000E-01   0.292153E-03   0.309974E+00   0.290215E-03   0.604770E+03
     -69  -0.732090E+02  -0.690000E-01   0.288637E-03   0.306243E+00   0.289455E-03   0.603709E+03
     -68  -0.721480E+02  -0.680000E-01   0.289544E-03   0.307206E+00   0.289791E-03   0.602648E+03
     -67  -0.710870E+02  -0.670000E-01   0.290226E-03   0.307930E+00   0.289940E-03   0.601587E+03
     -66  -0.700260E+02  -0.660000E-01   0.291059E-03   0.308813E+00   0.290059E-03   0.600526E+03
     -65  -0.689650E+02  -0.650000E-01   0.288438E-03   0.306033E+00   0.288074E-03   0.599465E+03
     -64  -0.679040E+02  -0.640000E-01   0.287341E-03   0.304869E+00   0.287040E-03   0.598404E+03
     -63  -0.668430E+02  -0.630000E-01   0.289293E-03   0.306940E+00   0.287090E-03   0.597343E+03
     -62  -0.657820E+02  -0.620000E-01   0.290903E-03   0.308648E+00   0.287817E-03   0.596282E+03
     -61  -0.647210E+02  -0.610000E-01   0.289288E-03   0.306934E+00   0.287015E-03   0.595221E+03
     -60  -0.636600E+02  -0.600000E-01   0.285869E-03   0.303307E+00   0.286148E-03   0.594160E+03
     -59  -0.625990E+02  -0.590000E-01   0.286327E-03   0.303793E+00   0.286778E-03   0.593099E+03
     -58  -0.615380E+02  -0.580000E-01   0.287683E-03   0.305232E+00   0.285855E-03   0.592038E+03
     -57  -0.604770E+02  -0.570000E-01   0.287387E-03   0.304917E+00   0.286146E-03   0.590977E+03
     -56  -0.594160E+02  -0.560000E-01   0.287292E-03   0.304817E+00   0.287522E-03   0.589916E+03
     -55  -0.583550E+02  -0.550000E-01   0.285953E-03   0.303396E+00   0.285122E-03   0.588855E+03
     -54  -0.572940E+02  -0.540000E-01   0.284657E-03   0.302021E+00   0.284727E-03   0.587794E+03
     -53  -0.562330E+02  -0.530000E-01   0.282886E-03   0.300142E+00   0.283938E-03   0.586733E+03
     -52  -0.551720E+02  -0.520000E-01   0.284182E-03   0.301517E+00   0.284886E-03   0.585672E+03
     -51  -0.541110E+02  -0.510000E-01   0.285659E-03   0.303084E+00   0.285250E-03   0.584611E+03
     -50  -0.530500E+02  -0.500000E-01   0.283859E-03   0.301174E+00   0.285309E-03   0.583550E+03
     -49  -0.519890E+02  -0.490000E-01   0.285273E-03   0.302675E+00   0.285568E-03   0.582489E+03
     -48  -0.509280E+02  -0.480000E-01   0.285238E-03   0.302638E+00   0.286110E-03   0.581428E+03
     -47  -0.498670E+02  -0.470000E-01   0.285526E-03   0.302944E+00   0.286586E-03   0.580367E+03
     -46  -0.488060E+02  -0.460000E-01   0.284542E-03   0.301899E+00   0.285106E-03   0.579306E+03
     -45  -0.477450E+02  -0.450000E-01   0.285498E-03   0.302913E+00   0.285364E-03   0.578245E+03
     -44  -0.466840E+02  -0.440000E-01   0.286788E-03   0.304282E+00   0.285475E-03   0.577184E+03
     -43  -0.456230E+02  -0.430000E-01   0.285668E-03   0.303093E+00   0.285433E-03   0.576123E+03
     -42  -0.445620E+02  -0.420000E-01   0.284317E-03   0.301660E+00   0.284602E-03   0.575062E+03
     -41  -0.435010E+02  -0.410000E-01   0.284562E-03   0.301920E+00   0.284549E-03   0.574001E+03
     -40  -0.424400E+02  -0.400000E-01   0.285840E-03   0.303277E+00   0.285333E-03   0.572940E+03
     -39  -0.413790E+02  -0.390000E-01   0.287954E-03   0.305519E+00   0.285784E-03   0.571879E+03
     -38  -0.403180E+02  -0.380000E-01   0.287853E-03   0.305412E+00   0.285202E-03   0.570818E+03
     -37  -0.392570E+02  -0.370000E-01   0.288395E-03   0.305987E+00   0.285966E-03   0.569757E+03
     -36  -0.381960E+02  -0.360000E-01   0.285783E-03   0.303215E+00   0.283703E-03   0.568696E+03
     -35  -0.371350E+02  -0.350000E-01   0.286448E-03   0.303921E+00   0.284697E-03   0.567635E+03
     -34  -0.360740E+02  -0.340000E-01   0.286445E-03   0.303918E+00   0.285158E-03   0.566574E+03
     -33  -0.350130E+02  -0.330000E-01   0.284588E-03   0.301947E+00   0.284274E-03   0.565513E+03
     -32  -0.339520E+02  -0.320000E-01   0.286503E-03   0.303979E+00   0.285611E-03   0.564452E+03
     -31  -0.328910E+02  -0.310000E-01   0.283744E-03   0.301052E+00   0.283483E-03   0.563391E+03
     -30  -0.318300E+02  -0.300000E-01   0.282828E-03   0.300080E+00   0.282501E-03   0.562330E+03
     -29  -0.307690E+02  -0.290000E-01   0.285037E-03   0.302424E+00   0.283680E-03   0.561269E+03
     -28  -0.297080E+02  -0.280000E-01   0.286203E-03   0.303662E+00   0.284454E-03   0.560208E+03
     -27  -0.286470E+02  -0.270000E-01   0.287640E-03   0.305186E+00   0.285881E-03   0.559147E+03
     -26  -0.275860E+02  -0.260000E-01   0.285339E-03   0.302745E+00   0.284002E-03   0.558086E+03
     -25  -0.265250E+02  -0.250000E-01   0.286097E-03   0.303549E+00   0.284655E-03   0.557025E+03
     -24  -0.254640E+02  -0.240000E-01   0.285408E-03   0.302818E+00   0.284104E-03   0.555964E+03
     -23  -0.244030E+02  -0.230000E-01   0.285316E-03   0.302720E+00   0.284086E-03   0.554903E+03
     -22  -0.233420E+02  -0.220000E-01   0.287283E-03   0.304807E+00   0.285983E-03   0.553842E+03
     -21  -0.222810E+02  -0.210000E-01   0.283994E-03   0.301318E+00   0.284701E-03   0.552781E+03
     -20  -0.212200E+02  -0.200000E-01   0.285699E-03   0.303127E+00   0.283807E-03   0.551720E+03
     -19  -0.201590E+02  -0.190000E-01   0.286451E-03   0.303924E+00   0.284789E-03   0.550659E+03
     -18  -0.190980E+02  -0.180000E-01   0.287871E-03   0.305431E+00   0.286228E-03   0.549598E+03
     -17  -0.180370E+02  -0.170000E-01   0.288041E-03   0.305611E+00   0.285856E-03   0.548537E+03
     -16  -0.169760E+02  -0.160000E-01   0.288510E-03   0.306109E+00   0.285077E-03   0.547476E+03
     -15  -0.159150E+02  -0.150000E-01   0.287395E-03   0.304927E+00   0.284981E-03   0.546415E+03
     -14  -0.148540E+02  -0.140000E-01   0.288205E-03   0.305785E+00   0.285280E-03   0.545354E+03
     -13  -0.137930E+02  -0.130000E-01   0.287038E-03   0.304548E+00   0.285508E-03   0.544293E+03
     -12  -0.127320E+02  -0.120000E-01   0.287421E-03   0.304954E+00   0.285597E-03   0.543232E+03
     -11  -0.116710E+02  -0.110000E-01   0.288985E-03   0.306613E+00   0.286071E-03   0.542171E+03
     -10  -0.106100E+02  -0.100000E-01   0.284668E-03   0.302033E+00   0.284022E-03   0.541110E+03
      -9  -0.954900E+01  -0.900000E-02   0.283830E-03   0.301144E+00   0.283171E-03   0.540049E+03
      -8  -0.848800E+01  -0.800000E-02   0.286537E-03   0.304016E+00   0.285748E-03   0.538988E+03
      -7  -0.742700E+01  -0.700000E-02   0.286877E-03   0.304377E+00   0.284696E-03   0.537927E+03
      -6  -0.636600E+01  -0.600000E-02   0.287082E-03   0.304594E+00   0.284736E-03   0.536866E+03
      -5  -0.530500E+01  -0.500000E-02   0.286606E-03   0.304089E+00   0.284128E-03   0.535805E+03
      -4  -0.424400E+01  -0.400000E-02   0.285526E-03   0.302944E+00   0.285963E-03   0.534744E+03
      -3  -0.318300E+01  -0.300000E-02   0.284809E-03   0.302183E+00   0.284867E-03   0.533683E+03
      -2  -0.212200E+01  -0.200000E-02   0.285238E-03   0.302638E+00   0.286268E-03   0.532622E+03
      -1  -0.106100E+01  -0.100000E-02   0.285382E-03   0.302791E+00   0.286127E-03   0.531561E+03
       0   0.000000E+00   0.000000E+00   0.287421E-03   0.304954E+00   0.287421E-03   0.530500E+03
       1   0.106100E+01   0.100000E-02   0.286871E-03   0.304370E+00   0.286127E-03   0.529439E+03
       2   0.212200E+01   0.200000E-02   0.287298E-03   0.304823E+00   0.286268E-03   0.528378E+03
       3   0.318300E+01   0.300000E-02   0.284925E-03   0.302305E+00   0.284867E-03   0.527317E+03
       4   0.424400E+01   0.400000E-02   0.286399E-03   0.303869E+00   0.285963E-03   0.526256E+03
       5   0.530500E+01   0.500000E-02   0.281650E-03   0.298831E+00   0.284128E-03   0.525195E+03
       6   0.636600E+01   0.600000E-02   0.282390E-03   0.299616E+00   0.284736E-03   0.524134E+03
       7   0.742700E+01   0.700000E-02   0.282514E-03   0.299747E+00   0.284696E-03   0.523073E+03
       8   0.848800E+01   0.800000E-02   0.284959E-03   0.302342E+00   0.285748E-03   0.522012E+03
       9   0.954900E+01   0.900000E-02   0.282511E-03   0.299744E+00   0.283171E-03   0.520951E+03
      10   0.106100E+02   0.100000E-01   0.283375E-03   0.300661E+00   0.284022E-03   0.519890E+03
      11   0.116710E+02   0.110000E-01   0.283156E-03   0.300429E+00   0.286071E-03   0.518829E+03
      12   0.127320E+02   0.120000E-01   0.283773E-03   0.301083E+00   0.285597E-03   0.517768E+03
      13   0.137930E+02   0.130000E-01   0.283977E-03   0.301300E+00   0.285508E-03   0.516707E+03
      14   0.148540E+02   0.140000E-01   0.282356E-03   0.299579E+00   0.285280E-03   0.515646E+03
      15   0.159150E+02   0.150000E-01   0.282566E-03   0.299802E+00   0.284981E-03   0.514585E+03
      16   0.169760E+02   0.160000E-01   0.281644E-03   0.298825E+00   0.285077E-03   0.513524E+03
      17   0.180370E+02   0.170000E-01   0.283672E-03   0.300976E+00   0.285856E-03   0.512463E+03
      18   0.190980E+02   0.180000E-01   0.284585E-03   0.301944E+00   0.286228E-03   0.511402E+03
      19   0.201590E+02   0.190000E-01   0.283127E-03   0.300398E+00   0.284789E-03   0.510341E+03
      20   0.212200E+02   0.200000E-01   0.281915E-03   0.299112E+00   0.283807E-03   0.509280E+03
      21   0.222810E+02   0.210000E-01   0.285408E-03   0.302818E+00   0.284701E-03   0.508219E+03
      22   0.233420E+02   0.220000E-01   0.284683E-03   0.302048E+00   0.285983E-03   0.507158E+03
      23   0.244030E+02   0.230000E-01   0.282857E-03   0.300111E+00   0.284086E-03   0.506097E+03
      24   0.254640E+02   0.240000E-01   0.282799E-03   0.300050E+00   0.284104E-03   0.505036E+03
      25   0.265250E+02   0.250000E-01   0.283214E-03   0.300490E+00   0.284655E-03   0.503975E+03
      26   0.275860E+02   0.260000E-01   0.282664E-03   0.299906E+00   0.284002E-03   0.502914E+03
      27   0.286470E+02   0.270000E-01   0.284121E-03   0.301452E+00   0.285881E-03   0.501853E+03
      28   0.297080E+02   0.280000E-01   0.282704E-03   0.299949E+00   0.284454E-03   0.500792E+03
      29   0.307690E+02   0.290000E-01   0.282324E-03   0.299546E+00   0.283680E-03   0.499731E+03
      30   0.318300E+02   0.300000E-01   0.282174E-03   0.299387E+00   0.282501E-03   0.498670E+03
      31   0.328910E+02   0.310000E-01   0.283223E-03   0.300499E+00   0.283483E-03   0.497609E+03
      32   0.339520E+02   0.320000E-01   0.284720E-03   0.302088E+00   0.285611E-03   0.496548E+03
      33   0.350130E+02   0.330000E-01   0.283960E-03   0.301281E+00   0.284274E-03   0.495487E+03
      34   0.360740E+02   0.340000E-01   0.283870E-03   0.301187E+00   0.285158E-03   0.494426E+03
      35   0.371350E+02   0.350000E-01   0.282946E-03   0.300206E+00   0.284697E-03   0.493365E+03
      36   0.381960E+02   0.360000E-01   0.281624E-03   0.298803E+00   0.283703E-03   0.492304E+03
      37   0.392570E+02   0.370000E-01   0.283536E-03   0.300832E+00   0.285966E-03   0.491243E+03
      38   0.403180E+02   0.380000E-01   0.282552E-03   0.299787E+00   0.285202E-03   0.490182E+03
      39   0.413790E+02   0.390000E-01   0.283614E-03   0.300915E+00   0.285784E-03   0.489121E+03
      40   0.424400E+02   0.400000E-01   0.284827E-03   0.302201E+00   0.285333E-03   0.488060E+03
      41   0.435010E+02   0.410000E-01   0.284536E-03   0.301892E+00   0.284549E-03   0.486999E+03
      42   0.445620E+02   0.420000E-01   0.284887E-03   0.302265E+00   0.284602E-03   0.485938E+03
      43   0.456230E+02   0.430000E-01   0.285198E-03   0.302595E+00   0.285433E-03   0.484877E+03
      44   0.466840E+02   0.440000E-01   0.284161E-03   0.301495E+00   0.285475E-03   0.483816E+03
      45   0.477450E+02   0.450000E-01   0.285230E-03   0.302629E+00   0.285364E-03   0.482755E+03
      46   0.488060E+02   0.460000E-01   0.285670E-03   0.303096E+00   0.285106E-03   0.481694E+03
      47   0.498670E+02   0.470000E-01   0.287646E-03   0.305192E+00   0.286586E-03   0.480633E+03
      48   0.509280E+02   0.480000E-01   0.286981E-03   0.304487E+00   0.286110E-03   0.479572E+03
      49   0.519890E+02   0.490000E-01   0.285863E-03   0.303301E+00   0.285568E-03   0.478511E+03
      50   0.530500E+02   0.500000E-01   0.286759E-03   0.304251E+00   0.285309E-03   0.477450E+03
      51   0.541110E+02   0.510000E-01   0.284841E-03   0.302216E+00   0.285250E-03   0.476389E+03
      52   0.551720E+02   0.520000E-01   0.285590E-03   0.303011E+00   0.284886E-03   0.475328E+03
      53   0.562330E+02   0.530000E-01   0.284991E-03   0.302375E+00   0.283938E-03   0.474267E+03
      54   0.572940E+02   0.540000E-01   0.284798E-03   0.302170E+00   0.284727E-03   0.473206E+03
      55   0.583550E+02   0.550000E-01   0.284291E-03   0.301633E+00   0.285122E-03   0.472145E+03
      56   0.594160E+02   0.560000E-01   0.287753E-03   0.305305E+00   0.287522E-03   0.471084E+03
      57   0.604770E+02   0.570000E-01   0.284904E-03   0.302284E+00   0.286146E-03   0.470023E+03
      58   0.615380E+02   0.580000E-01   0.284026E-03   0.301352E+00   0.285855E-03   0.468962E+03
      59   0.625990E+02   0.590000E-01   0.287228E-03   0.304749E+00   0.286778E-03   0.467901E+03
      60   0.636600E+02   0.600000E-01   0.286428E-03   0.303900E+00   0.286148E-03   0.466840E+03
      61   0.647210E+02   0.610000E-01   0.284743E-03   0.302112E+00   0.287015E-03   0.465779E+03
      62   0.657820E+02   0.620000E-01   0.284732E-03   0.302100E+00   0.287817E-03   0.464718E+03
      63   0.668430E+02   0.630000E-01   0.284887E-03   0.302265E+00   0.287090E-03   0.463657E+03
      64   0.679040E+02   0.640000E-01   0.286739E-03   0.304230E+00   0.287040E-03   0.462596E+03
      65   0.689650E+02   0.650000E-01   0.287709E-03   0.305260E+00   0.288074E-03   0.461535E+03
      66   0.700260E+02   0.660000E-01   0.289060E-03   0.306693E+00   0.290059E-03   0.460474E+03
      67   0.710870E+02   0.670000E-01   0.289653E-03   0.307322E+00   0.289940E-03   0.459413E+03
      68   0.721480E+02   0.680000E-01   0.290039E-03   0.307732E+00   0.289791E-03   0.458352E+03
      69   0.732090E+02   0.690000E-01   0.290272E-03   0.307979E+00   0.289455E-03   0.457291E+03
      70   0.742700E+02   0.700000E-01   0.288277E-03   0.305862E+00   0.290215E-03   0.456230E+03
      71   0.753310E+02   0.710000E-01   0.288389E-03   0.305981E+00   0.289053E-03   0.455169E+03
      72   0.763920E+02   0.720000E-01   0.290126E-03   0.307823E+00   0.290032E-03   0.454108E+03
      73   0.774530E+02   0.730000E-01   0.290840E-03   0.308581E+00   0.288971E-03   0.453047E+03
      74   0.785140E+02   0.740000E-01   0.288585E-03   0.306188E+00   0.287479E-03   0.451986E+03
      75   0.795750E+02   0.750000E-01   0.287997E-03   0.305565E+00   0.288180E-03   0.450925E+03
      76   0.806360E+02   0.760000E-01   0.287084E-03   0.304597E+00   0.288352E-03   0.449864E+03
      77   0.816970E+02   0.770000E-01   0.287407E-03   0.304939E+00   0.288451E-03   0.448803E+03
      78   0.827580E+02   0.780000E-01   0.288847E-03   0.306467E+00   0.289982E-03   0.447742E+03
      79   0.838190E+02   0.790000E-01   0.288890E-03   0.306512E+00   0.289704E-03   0.446681E+03
      80   0.848800E+02   0.800000E-01   0.290529E-03   0.308251E+00   0.290385E-03   0.445620E+03
      81   0.859410E+02   0.810000E-01   0.290045E-03   0.307738E+00   0.290785E-03   0.444559E+03
      82   0.870020E+02   0.820000E-01   0.291283E-03   0.309052E+00   0.290493E-03   0.443498E+03
      83   0.880630E+02   0.830000E-01   0.290958E-03   0.308706E+00   0.289711E-03   0.442437E+03
      84   0.891240E+02   0.840000E-01   0.289408E-03   0.307062E+00   0.289195E-03   0.441376E+03
      85   0.901850E+02   0.850000E-01   0.290506E-03   0.308227E+00   0.288776E-03   0.440315E+03
      86   0.912460E+02   0.860000E-01   0.292761E-03   0.310619E+00   0.289252E-03   0.439254E+03
      87   0.923070E+02   0.870000E-01   0.293005E-03   0.310879E+00   0.289525E-03   0.438193E+03
      88   0.933680E+02   0.880000E-01   0.293195E-03   0.311080E+00   0.290107E-03   0.437132E+03
      89   0.944290E+02   0.890000E-01   0.291891E-03   0.309696E+00   0.289021E-03   0.436071E+03
      90   0.954900E+02   0.900000E-01   0.291787E-03   0.309586E+00   0.290762E-03   0.435010E+03
      91   0.965510E+02   0.910000E-01   0.291888E-03   0.309693E+00   0.290498E-03   0.433949E+03
      92   0.976120E+02   0.920000E-01   0.294849E-03   0.312834E+00   0.291682E-03   0.432888E+03
      93   0.986730E+02   0.930000E-01   0.294941E-03   0.312932E+00   0.292805E-03   0.431827E+03
      94   0.997340E+02   0.940000E-01   0.292853E-03   0.310717E+00   0.292015E-03   0.430766E+03
      95   0.100795E+03   0.950000E-01   0.292680E-03   0.310533E+00   0.291442E-03   0.429705E+03
      96   0.101856E+03   0.960000E-01   0.292386E-03   0.310222E+00   0.290959E-03   0.428644E+03
      97   0.102917E+03   0.970000E-01   0.292493E-03   0.310335E+00   0.291842E-03   0.427583E+03
      98   0.103978E+03   0.980000E-01   0.292493E-03   0.310335E+00   0.292798E-03   0.426522E+03
      99   0.105039E+03   0.990000E-01   0.291393E-03   0.309168E+00   0.292087E-03   0.425461E+03
     100   0.106100E+03   0.100000E+00   0.292951E-03   0.310821E+00   0.293666E-03   0.424400E+03
     101   0.107161E+03   0.101000E+00   0.293224E-03   0.311111E+00   0.291027E-03   0.423339E+03
     102   0.108222E+03   0.102000E+00   0.294863E-03   0.312850E+00   0.293037E-03   0.422278E+03
     103   0.109283E+03   0.103000E+00   0.293953E-03   0.311884E+00   0.291865E-03   0.421217E+03
     104   0.110344E+03   0.104000E+00   0.295684E-03   0.313720E+00   0.293711E-03   0.420156E+03
     105   0.111405E+03   0.105000E+00   0.294425E-03   0.312385E+00   0.292199E-03   0.419095E+03
     106   0.112466E+03   0.106000E+00   0.297933E-03   0.316107E+00   0.294368E-03   0.418034E+03
     107   0.113527E+03   0.107000E+00   0.296481E-03   0.314567E+00   0.294393E-03   0.416973E+03
     108   0.114588E+03   0.108000E+00   0.298996E-03   0.317234E+00   0.295332E-03   0.415912E+03
     109   0.115649E+03   0.109000E+00   0.298232E-03   0.316425E+00   0.295098E-03   0.414851E+03
     110   0.116710E+03   0.110000E+00   0.298195E-03   0.316385E+00   0.294356E-03   0.413790E+03
     111   0.117771E+03   0.111000E+00   0.297366E-03   0.315505E+00   0.293686E-03   0.412729E+03
     112   0.118832E+03   0.112000E+00   0.295776E-03   0.313818E+00   0.293547E-03   0.411668E+03
     113   0.119893E+03   0.113000E+00   0.299433E-03   0.317699E+00   0.295424E-03   0.410607E+03
     114   0.120954E+03   0.114000E+00   0.298422E-03   0.316626E+00   0.295435E-03   0.409546E+03
     115   0.122015E+03   0.115000E+00   0.299592E-03   0.317867E+00   0.296238E-03   0.408485E+03
     116   0.123076E+03   0.116000E+00   0.298011E-03   0.316189E+00   0.294805E-03   0.407424E+03
     117   0.124137E+03   0.117000E+00   0.300663E-03   0.319003E+00   0.296301E-03   0.406363E+03
     118   0.125198E+03   0.118000E+00   0.300565E-03   0.318900E+00   0.295059E-03   0.405302E+03
     119   0.126259E+03   0.119000E+00   0.300689E-03   0.319031E+00   0.296349E-03   0.404241E+03
     120   0.127320E+03   0.120000E+00   0.301020E-03   0.319382E+00   0.296810E-03   0.403180E+03
     121   0.128381E+03   0.121000E+00   0.296188E-03   0.314255E+00   0.293874E-03   0.402119E+03
     122   0.129442E+03   0.122000E+00   0.298759E-03   0.316984E+00   0.295291E-03   0.401058E+03
     123   0.130503E+03   0.123000E+00   0.298742E-03   0.316965E+00   0.295515E-03   0.399997E+03
     124   0.131564E+03   0.124000E+00   0.300329E-03   0.318649E+00   0.297187E-03   0.398936E+03
     125   0.132625E+03   0.125000E+00   0.297875E-03   0.316046E+00   0.295676E-03   0.397875E+03
     126   0.133686E+03   0.126000E+00   0.296743E-03   0.314845E+00   0.294369E-03   0.396814E+03
     127   0.134747E+03   0.127000E+00   0.300692E-03   0.319034E+00   0.296461E-03   0.395753E+03
     128   0.135808E+03   0.128000E+00   0.299998E-03   0.318298E+00   0.296317E-03   0.394692E+03
     129   0.136869E+03   0.129000E+00   0.300369E-03   0.318692E+00   0.297449E-03   0.393631E+03
     130   0.137930E+03   0.130000E+00   0.298673E-03   0.316892E+00   0.296254E-03   0.392570E+03
     131   0.138991E+03   0.131000E+00   0.299341E-03   0.317601E+00   0.297183E-03   0.391509E+03
     132   0.140052E+03   0.132000E+00   0.301106E-03   0.319474E+00   0.298500E-03   0.390448E+03
     133   0.141113E+03   0.133000E+00   0.301213E-03   0.319587E+00   0.300032E-03   0.389387E+03
     134   0.142174E+03   0.134000E+00   0.301357E-03   0.319740E+00   0.300329E-03   0.388326E+03
     135   0.143235E+03   0.135000E+00   0.299016E-03   0.317256E+00   0.297416E-03   0.387265E+03
     136   0.144296E+03   0.136000E+00   0.301072E-03   0.319437E+00   0.299366E-03   0.386204E+03
     137   0.145357E+03   0.137000E+00   0.304055E-03   0.322603E+00   0.301517E-03   0.385143E+03
     138   0.146418E+03   0.138000E+00   0.302051E-03   0.320476E+00   0.299694E-03   0.384082E+03
     139   0.147479E+03   0.139000E+00   0.306031E-03   0.324699E+00   0.301203E-03   0.383021E+03
     140   0.148540E+03   0.140000E+00   0.304603E-03   0.323183E+00   0.301505E-03   0.381960E+03
     141   0.149601E+03   0.141000E+00   0.302261E-03   0.320699E+00   0.300806E-03   0.380899E+03
     142   0.150662E+03   0.142000E+00   0.301487E-03   0.319877E+00   0.299043E-03   0.379838E+03
     143   0.151723E+03   0.143000E+00   0.302074E-03   0.320501E+00   0.299387E-03   0.378777E+03
     144   0.152784E+03   0.144000E+00   0.300493E-03   0.318823E+00   0.299151E-03   0.377716E+03
     145   0.153845E+03   0.145000E+00   0.304427E-03   0.322997E+00   0.302618E-03   0.376655E+03
     146   0.154906E+03   0.146000E+00   0.302765E-03   0.321234E+00   0.302762E-03   0.375594E+03
     147   0.155967E+03   0.147000E+00   0.307197E-03   0.325936E+00   0.304893E-03   0.374533E+03
     148   0.157028E+03   0.148000E+00   0.305060E-03   0.323669E+00   0.303587E-03   0.373472E+03
     149   0.158089E+03   0.149000E+00   0.305138E-03   0.323752E+00   0.304325E-03   0.372411E+03
     150   0.159150E+03   0.150000E+00   0.304934E-03   0.323535E+00   0.304711E-03   0.371350E+03
     151   0.160211E+03   0.151000E+00   0.305841E-03   0.324497E+00   0.303949E-03   0.370289E+03
     152   0.161272E+03   0.152000E+00   0.305904E-03   0.324564E+00   0.303969E-03   0.369228E+03
     153   0.162333E+03   0.153000E+00   0.307200E-03   0.325939E+00   0.305451E-03   0.368167E+03
     154   0.163394E+03   0.154000E+00   0.306469E-03   0.325163E+00   0.306169E-03   0.367106E+03
     155   0.164455E+03   0.155000E+00   0.305357E-03   0.323984E+00   0.304525E-03   0.366045E+03
     156   0.165516E+03   0.156000E+00   0.305950E-03   0.324613E+00   0.304136E-03   0.364984E+03
     157   0.166577E+03   0.157000E+00   0.306037E-03   0.324705E+00   0.305537E-03   0.363923E+03
     158   0.167638E+03   0.158000E+00   0.305199E-03   0.323816E+00   0.304545E-03   0.362862E+03
     159   0.168699E+03   0.159000E+00   0.304343E-03   0.322908E+00   0.303687E-03   0.361801E+03
     160   0.169760E+03   0.160000E+00   0.304257E-03   0.322817E+00   0.303115E-03   0.360740E+03
     161   0.170821E+03   0.161000E+00   0.306227E-03   0.324907E+00   0.305271E-03   0.359679E+03
     162   0.171882E+03   0.162000E+00   0.308217E-03   0.327018E+00   0.306791E-03   0.358618E+03
     163   0.172943E+03   0.163000E+00   0.310861E-03   0.329823E+00   0.308424E-03   0.357557E+03
     164   0.174004E+03   0.164000E+00   0.312793E-03   0.331873E+00   0.308836E-03   0.356496E+03
     165   0.175065E+03   0.165000E+00   0.313962E-03   0.333114E+00   0.309066E-03   0.355435E+03
     166   0.176126E+03   0.166000E+00   0.314432E-03   0.333612E+00   0.310426E-03   0.354374E+03
     167   0.177187E+03   0.167000E+00   0.312522E-03   0.331586E+00   0.310591E-03   0.353313E+03
     168   0.178248E+03   0.168000E+00   0.313498E-03   0.332622E+00   0.311025E-03   0.352252E+03
     169   0.179309E+03   0.169000E+00   0.314164E-03   0.333328E+00   0.312607E-03   0.351191E+03
     170   0.180370E+03   0.170000E+00   0.315638E-03   0.334892E+00   0.312352E-03   0.350130E+03
     171   0.181431E+03   0.171000E+00   0.314446E-03   0.333627E+00   0.311354E-03   0.349069E+03
     172   0.182492E+03   0.172000E+00   0.316018E-03   0.335295E+00   0.313163E-03   0.348008E+03
     173   0.183553E+03   0.173000E+00   0.315592E-03   0.334843E+00   0.312802E-03   0.346947E+03
     174   0.184614E+03   0.174000E+00   0.314316E-03   0.333490E+00   0.312181E-03   0.345886E+03
     175   0.185675E+03   0.175000E+00   0.318383E-03   0.337804E+00   0.314600E-03   0.344825E+03
     176   0.186736E+03   0.176000E+00   0.320479E-03   0.340028E+00   0.315612E-03   0.343764E+03
     177   0.187797E+03   0.177000E+00   0.320854E-03   0.340426E+00   0.314146E-03   0.342703E+03
     178   0.188858E+03   0.178000E+00   0.320399E-03   0.339943E+00   0.315113E-03   0.341642E+03
     179   0.189919E+03   0.179000E+00   0.318158E-03   0.337566E+00   0.313670E-03   0.340581E+03
     180   0.190980E+03   0.180000E+00   0.318849E-03   0.338299E+00   0.314351E-03   0.339520E+03
     181   0.192041E+03   0.181000E+00   0.318599E-03   0.338033E+00   0.315337E-03   0.338459E+03
     182   0.193102E+03   0.182000E+00   0.320796E-03   0.340365E+00   0.315828E-03   0.337398E+03
     183   0.194163E+03   0.183000E+00   0.321548E-03   0.341162E+00   0.315864E-03   0.336337E+03
     184   0.195224E+03   0.184000E+00   0.321686E-03   0.341309E+00   0.315291E-03   0.335276E+03
     185   0.196285E+03   0.185000E+00   0.321248E-03   0.340844E+00   0.316181E-03   0.334215E+03
     186   0.197346E+03   0.186000E+00   0.322132E-03   0.341782E+00   0.316494E-03   0.333154E+03
     187   0.198407E+03   0.187000E+00   0.321519E-03   0.341132E+00   0.316056E-03   0.332093E+03
     188   0.199468E+03   0.188000E+00   0.318953E-03   0.338409E+00   0.314711E-03   0.331032E+03
     189   0.200529E+03   0.189000E+00   0.321332E-03   0.340933E+00   0.317702E-03   0.329971E+03
     190   0.201590E+03   0.190000E+00   0.322711E-03   0.342397E+00   0.317219E-03   0.328910E+03
     191   0.202651E+03   0.191000E+00   0.321983E-03   0.341623E+00   0.316686E-03   0.327849E+03
     192   0.203712E+03   0.192000E+00   0.321810E-03   0.341440E+00   0.317398E-03   0.326788E+03
     193   0.204773E+03   0.193000E+00   0.321263E-03   0.340860E+00   0.318652E-03   0.325727E+03
     194   0.205834E+03   0.194000E+00   0.323613E-03   0.343353E+00   0.319841E-03   0.324666E+03
     195   0.206895E+03   0.195000E+00   0.325093E-03   0.344923E+00   0.320034E-03   0.323605E+03
     196   0.207956E+03   0.196000E+00   0.325418E-03   0.345269E+00   0.320871E-03   0.322544E+03
     197   0.209017E+03   0.197000E+00   0.325283E-03   0.345125E+00   0.321813E-03   0.321483E+03
     198   0.210078E+03   0.198000E+00   0.325286E-03   0.345128E+00   0.323617E-03   0.320422E+03
     199   0.211139E+03   0.199000E+00   0.324540E-03   0.344337E+00   0.322756E-03   0.319361E+03
     200   0.212200E+03   0.200000E+00   0.326239E-03   0.346140E+00   0.324050E-03   0.318300E+03
     201   0.213261E+03   0.201000E+00   0.326026E-03   0.345913E+00   0.321847E-03   0.317239E+03
     202   0.214322E+03   0.202000E+00   0.326014E-03   0.345901E+00   0.321854E-03   0.316178E+03
     203   0.215383E+03   0.203000E+00   0.326515E-03   0.346433E+00   0.322239E-03   0.315117E+03
     204   0.216444E+03   0.204000E+00   0.326654E-03   0.346580E+00   0.324062E-03   0.314056E+03
     205   0.217505E+03   0.205000E+00   0.328474E-03   0.348511E+00   0.323795E-03   0.312995E+03
     206   0.218566E+03   0.206000E+00   0.327161E-03   0.347117E+00   0.323438E-03   0.311934E+03
     207   0.219627E+03   0.207000E+00   0.329680E-03   0.349791E+00   0.325166E-03   0.310873E+03
     208   0.220688E+03   0.208000E+00   0.325594E-03   0.345455E+00   0.324682E-03   0.309812E+03
     209   0.221749E+03   0.209000E+00   0.327883E-03   0.347884E+00   0.325810E-03   0.308751E+03
     210   0.222810E+03   0.210000E+00   0.330541E-03   0.350705E+00   0.326432E-03   0.307690E+03
     211   0.223871E+03   0.211000E+00   0.332114E-03   0.352373E+00   0.330200E-03   0.306629E+03
     212   0.224932E+03   0.212000E+00   0.332583E-03   0.352871E+00   0.329286E-03   0.305568E+03
     213   0.225993E+03   0.213000E+00   0.328655E-03   0.348703E+00   0.326851E-03   0.304507E+03
     214   0.227054E+03   0.214000E+00   0.330357E-03   0.350509E+00   0.328494E-03   0.303446E+03
     215   0.228115E+03   0.215000E+00   0.331077E-03   0.351273E+00   0.327649E-03   0.302385E+03
     216   0.229176E+03   0.216000E+00   0.329476E-03   0.349574E+00   0.328102E-03   0.301324E+03
     217   0.230237E+03   0.217000E+00   0.330337E-03   0.350488E+00   0.328832E-03   0.300263E+03
     218   0.231298E+03   0.218000E+00   0.330179E-03   0.350320E+00   0.330160E-03   0.299202E+03
     219   0.232359E+03   0.219000E+00   0.329804E-03   0.349922E+00   0.329351E-03   0.298141E+03
     220   0.233420E+03   0.220000E+00   0.330873E-03   0.351056E+00   0.329210E-03   0.297080E+03
     221   0.234481E+03   0.221000E+00   0.331604E-03   0.351832E+00   0.329945E-03   0.296019E+03
     222   0.235542E+03   0.222000E+00   0.329358E-03   0.349449E+00   0.328936E-03   0.294958E+03
     223   0.236603E+03   0.223000E+00   0.329237E-03   0.349320E+00   0.329636E-03   0.293897E+03
     224   0.237664E+03   0.224000E+00   0.331642E-03   0.351872E+00   0.331037E-03   0.292836E+03
     225   0.238725E+03   0.225000E+00   0.332796E-03   0.353097E+00   0.332867E-03   0.291775E+03
     226   0.239786E+03   0.226000E+00   0.329335E-03   0.349424E+00   0.332066E-03   0.290714E+03
     227   0.240847E+03   0.227000E+00   0.333041E-03   0.353357E+00   0.333583E-03   0.289653E+03
     228   0.241908E+03   0.228000E+00   0.333580E-03   0.353928E+00   0.333338E-03   0.288592E+03
     229   0.242969E+03   0.229000E+00   0.336416E-03   0.356938E+00   0.335806E-03   0.287531E+03
     230   0.244030E+03   0.230000E+00   0.337732E-03   0.358334E+00   0.337495E-03   0.286470E+03
     231   0.245091E+03   0.231000E+00   0.336074E-03   0.356574E+00   0.337031E-03   0.285409E+03
     232   0.246152E+03   0.232000E+00   0.338049E-03   0.358670E+00   0.337164E-03   0.284348E+03
     233   0.247213E+03   0.233000E+00   0.337378E-03   0.357958E+00   0.337596E-03   0.283287E+03
     234   0.248274E+03   0.234000E+00   0.339538E-03   0.360250E+00   0.339355E-03   0.282226E+03
     235   0.249335E+03   0.235000E+00   0.337992E-03   0.358609E+00   0.337007E-03   0.281165E+03
     236   0.250396E+03   0.236000E+00   0.336120E-03   0.356623E+00   0.335482E-03   0.280104E+03
     237   0.251457E+03   0.237000E+00   0.336344E-03   0.356861E+00   0.338725E-03   0.279043E+03
     238   0.252518E+03   0.238000E+00   0.338139E-03   0.358765E+00   0.339326E-03   0.277982E+03
     239   0.253579E+03   0.239000E+00   0.340584E-03   0.361359E+00   0.339177E-03   0.276921E+03
     240   0.254640E+03   0.240000E+00   0.338657E-03   0.359315E+00   0.340424E-03   0.275860E+03
     241   0.255701E+03   0.241000E+00   0.336837E-03   0.357384E+00   0.339015E-03   0.274799E+03
     242   0.256762E+03   0.242000E+00   0.337182E-03   0.357751E+00   0.340274E-03   0.273738E+03
     243   0.257823E+03   0.243000E+00   0.338219E-03   0.358851E+00   0.341039E-03   0.272677E+03
     244   0.258884E+03   0.244000E+00   0.339820E-03   0.360549E+00   0.341712E-03   0.271616E+03
     245   0.259945E+03   0.245000E+00   0.341280E-03   0.362099E+00   0.342195E-03   0.270555E+03
     246   0.261006E+03   0.246000E+00   0.341145E-03   0.361955E+00   0.342910E-03   0.269494E+03
     247   0.262067E+03   0.247000E+00   0.345237E-03   0.366297E+00   0.343674E-03   0.268433E+03
     248   0.263128E+03   0.248000E+00   0.342876E-03   0.363791E+00   0.343949E-03   0.267372E+03
     249   0.264189E+03   0.249000E+00   0.345531E-03   0.366609E+00   0.347318E-03   0.266311E+03
     250   0.265250E+03   0.250000E+00   0.347104E-03   0.368277E+00   0.348365E-03   0.265250E+03
     251   0.266311E+03   0.251000E+00   0.349131E-03   0.370428E+00   0.347926E-03   0.264189E+03
     252   0.267372E+03   0.252000E+00   0.349396E-03   0.370709E+00   0.347684E-03   0.263128E+03
     253   0.268433E+03   0.253000E+00   0.349687E-03   0.371018E+00   0.346800E-03   0.262067E+03
     254   0.269494E+03   0.254000E+00   0.351158E-03   0.372579E+00   0.348935E-03   0.261006E+03
     255   0.270555E+03   0.255000E+00   0.351279E-03   0.372707E+00   0.349436E-03   0.259945E+03
     256   0.271616E+03   0.256000E+00   0.354871E-03   0.376518E+00   0.351415E-03   0.258884E+03
     257   0.272677E+03   0.257000E+00   0.354755E-03   0.376395E+00   0.351809E-03   0.257823E+03
     258   0.273738E+03   0.258000E+00   0.355933E-03   0.377645E+00   0.352868E-03   0.256762E+03
     259   0.274799E+03   0.259000E+00   0.351844E-03   0.373306E+00   0.351557E-03   0.255701E+03
     260   0.275860E+03   0.260000E+00   0.354364E-03   0.375980E+00   0.353793E-03   0.254640E+03
     261   0.276921E+03   0.261000E+00   0.356645E-03   0.378400E+00   0.355012E-03   0.253579E+03
     262   0.277982E+03   0.262000E+00   0.355588E-03   0.377278E+00   0.353612E-03   0.252518E+03
     263   0.279043E+03   0.263000E+00   0.357834E-03   0.379662E+00   0.354951E-03   0.251457E+03
     264   0.280104E+03   0.264000E+00   0.358136E-03   0.379983E+00   0.355616E-03   0.250396E+03
     265   0.281165E+03   0.265000E+00   0.358364E-03   0.380224E+00   0.356806E-03   0.249335E+03
     266   0.282226E+03   0.266000E+00   0.358609E-03   0.380484E+00   0.357428E-03   0.248274E+03
     267   0.283287E+03   0.267000E+00   0.361506E-03   0.383558E+00   0.360506E-03   0.247213E+03
     268   0.284348E+03   0.268000E+00   0.359193E-03   0.381104E+00   0.359737E-03   0.246152E+03
     269   0.285409E+03   0.269000E+00   0.361558E-03   0.383613E+00   0.361756E-03   0.245091E+03
     270   0.286470E+03   0.270000E+00   0.362476E-03   0.384587E+00   0.360004E-03   0.244030E+03
     271   0.287531E+03   0.271000E+00   0.362102E-03   0.384190E+00   0.360354E-03   0.242969E+03
     272   0.288592E+03   0.272000E+00   0.364115E-03   0.386326E+00   0.362413E-03   0.241908E+03
     273   0.289653E+03   0.273000E+00   0.365630E-03   0.387933E+00   0.365061E-03   0.240847E+03
     274   0.290714E+03   0.274000E+00   0.367787E-03   0.390222E+00   0.366324E-03   0.239786E+03
     275   0.291775E+03   0.275000E+00   0.370537E-03   0.393140E+00   0.367307E-03   0.238725E+03
     276   0.292836E+03   0.276000E+00   0.367994E-03   0.390442E+00   0.364387E-03   0.237664E+03
     277   0.293897E+03   0.277000E+00   0.368397E-03   0.390869E+00   0.367078E-03   0.236603E+03
     278   0.294958E+03   0.278000E+00   0.370511E-03   0.393112E+00   0.369113E-03   0.235542E+03
     279   0.296019E+03   0.279000E+00   0.371124E-03   0.393763E+00   0.370167E-03   0.234481E+03
     280   0.297080E+03   0.280000E+00   0.370284E-03   0.392871E+00   0.369932E-03   0.233420E+03
     281   0.298141E+03   0.281000E+00   0.370597E-03   0.393204E+00   0.369949E-03   0.232359E+03
     282   0.299202E+03   0.282000E+00   0.374275E-03   0.397106E+00   0.371467E-03   0.231298E+03
     283   0.300263E+03   0.283000E+00   0.373143E-03   0.395905E+00   0.371759E-03   0.230237E+03
     284   0.301324E+03   0.284000E+00   0.373627E-03   0.396418E+00   0.373837E-03   0.229176E+03
     285   0.302385E+03   0.285000E+00   0.375133E-03   0.398016E+00   0.373448E-03   0.228115E+03
     286   0.303446E+03   0.286000E+00   0.379070E-03   0.402193E+00   0.376279E-03   0.227054E+03
     287   0.304507E+03   0.287000E+00   0.377904E-03   0.400956E+00   0.376825E-03   0.225993E+03
     288   0.305568E+03   0.288000E+00   0.378929E-03   0.402044E+00   0.376217E-03   0.224932E+03
     289   0.306629E+03   0.289000E+00   0.380248E-03   0.403443E+00   0.377081E-03   0.223871E+03
     290   0.307690E+03   0.290000E+00   0.381774E-03   0.405062E+00   0.377927E-03   0.222810E+03
     291   0.308751E+03   0.291000E+00   0.378243E-03   0.401316E+00   0.377027E-03   0.221749E+03
     292   0.309812E+03   0.292000E+00   0.380783E-03   0.404011E+00   0.378658E-03   0.220688E+03
     293   0.310873E+03   0.293000E+00   0.382673E-03   0.406016E+00   0.380206E-03   0.219627E+03
     294   0.311934E+03   0.294000E+00   0.380907E-03   0.404143E+00   0.380058E-03   0.218566E+03
     295   0.312995E+03   0.295000E+00   0.382917E-03   0.406275E+00   0.381581E-03   0.217505E+03
     296   0.314056E+03   0.296000E+00   0.385000E-03   0.408485E+00   0.382896E-03   0.216444E+03
     297   0.315117E+03   0.297000E+00   0.388018E-03   0.411687E+00   0.384552E-03   0.215383E+03
     298   0.316178E+03   0.298000E+00   0.391615E-03   0.415503E+00   0.385974E-03   0.214322E+03
     299   0.317239E+03   0.299000E+00   0.391623E-03   0.415512E+00   0.385459E-03   0.213261E+03
     300   0.318300E+03   0.300000E+00   0.391799E-03   0.415699E+00   0.386143E-03   0.212200E+03
     301   0.319361E+03   0.301000E+00   0.392744E-03   0.416701E+00   0.387378E-03   0.211139E+03
     302   0.320422E+03   0.302000E+00   0.394705E-03   0.418782E+00   0.390263E-03   0.210078E+03
     303   0.321483E+03   0.303000E+00   0.397616E-03   0.421871E+00   0.393383E-03   0.209017E+03
     304   0.322544E+03   0.304000E+00   0.395295E-03   0.419408E+00   0.392054E-03   0.207956E+03
     305   0.323605E+03   0.305000E+00   0.396243E-03   0.420413E+00   0.392539E-03   0.206895E+03
     306   0.324666E+03   0.306000E+00   0.396603E-03   0.420795E+00   0.394195E-03   0.205834E+03
     307   0.325727E+03   0.307000E+00   0.401277E-03   0.425754E+00   0.395942E-03   0.204773E+03
     308   0.326788E+03   0.308000E+00   0.401927E-03   0.426445E+00   0.396365E-03   0.203712E+03
     309   0.327849E+03   0.309000E+00   0.398031E-03   0.422311E+00   0.395088E-03   0.202651E+03
     310   0.328910E+03   0.310000E+00   0.403097E-03   0.427686E+00   0.398482E-03   0.201590E+03
     311   0.329971E+03   0.311000E+00   0.405049E-03   0.429757E+00   0.399282E-03   0.200529E+03
     312   0.331032E+03   0.312000E+00   0.406869E-03   0.431688E+00   0.401389E-03   0.199468E+03
     313   0.332093E+03   0.313000E+00   0.405867E-03   0.430625E+00   0.402120E-03   0.198407E+03
     314   0.333154E+03   0.314000E+00   0.409107E-03   0.434062E+00   0.404178E-03   0.197346E+03
     315   0.334215E+03   0.315000E+00   0.411402E-03   0.436498E+00   0.405321E-03   0.196285E+03
     316   0.335276E+03   0.316000E+00   0.414386E-03   0.439663E+00   0.408267E-03   0.195224E+03
     317   0.336337E+03   0.317000E+00   0.415330E-03   0.440665E+00   0.409277E-03   0.194163E+03
     318   0.337398E+03   0.318000E+00   0.415399E-03   0.440739E+00   0.409621E-03   0.193102E+03
     319   0.338459E+03   0.319000E+00   0.415543E-03   0.440892E+00   0.410452E-03   0.192041E+03
     320   0.339520E+03   0.320000E+00   0.415823E-03   0.441188E+00   0.411144E-03   0.190980E+03
     321   0.340581E+03   0.321000E+00   0.417997E-03   0.443495E+00   0.414122E-03   0.189919E+03
     322   0.341642E+03   0.322000E+00   0.417482E-03   0.442948E+00   0.414234E-03   0.188858E+03
     323   0.342703E+03   0.323000E+00   0.419731E-03   0.445334E+00   0.414950E-03   0.187797E+03
     324   0.343764E+03   0.324000E+00   0.421346E-03   0.447048E+00   0.417692E-03   0.186736E+03
     325   0.344825E+03   0.325000E+00   0.421122E-03   0.446810E+00   0.418710E-03   0.185675E+03
     326   0.345886E+03   0.326000E+00   0.421706E-03   0.447430E+00   0.419241E-03   0.184614E+03
     327   0.346947E+03   0.327000E+00   0.426337E-03   0.452344E+00   0.423611E-03   0.183553E+03
     328   0.348008E+03   0.328000E+00   0.426841E-03   0.452878E+00   0.424886E-03   0.182492E+03
     329   0.349069E+03   0.329000E+00   0.425436E-03   0.451387E+00   0.424894E-03   0.181431E+03
     330   0.350130E+03   0.330000E+00   0.430628E-03   0.456896E+00   0.425871E-03   0.180370E+03
     331   0.351191E+03   0.331000E+00   0.429370E-03   0.455561E+00   0.427927E-03   0.179309E+03
     332   0.352252E+03   0.332000E+00   0.431780E-03   0.458119E+00   0.427404E-03   0.178248E+03
     333   0.353313E+03   0.333000E+00   0.432566E-03   0.458953E+00   0.429607E-03   0.177187E+03
     334   0.354374E+03   0.334000E+00   0.432946E-03   0.459356E+00   0.432170E-03   0.176126E+03
     335   0.355435E+03   0.335000E+00   0.432189E-03   0.458552E+00   0.431545E-03   0.175065E+03
     336   0.356496E+03   0.336000E+00   0.438093E-03   0.464816E+00   0.434247E-03   0.174004E+03
     337   0.357557E+03   0.337000E+00   0.442798E-03   0.469809E+00   0.438778E-03   0.172943E+03
     338   0.358618E+03   0.338000E+00   0.441165E-03   0.468077E+00   0.437498E-03   0.171882E+03
     339   0.359679E+03   0.339000E+00   0.443576E-03   0.470634E+00   0.438627E-03   0.170821E+03
     340   0.360740E+03   0.340000E+00   0.443190E-03   0.470225E+00   0.439754E-03   0.169760E+03
     341   0.361801E+03   0.341000E+00   0.446113E-03   0.473326E+00   0.443942E-03   0.168699E+03
     342   0.362862E+03   0.342000E+00   0.446833E-03   0.474090E+00   0.443923E-03   0.167638E+03
     343   0.363923E+03   0.343000E+00   0.444083E-03   0.471172E+00   0.443318E-03   0.166577E+03
     344   0.364984E+03   0.344000E+00   0.445577E-03   0.472758E+00   0.445387E-03   0.165516E+03
     345   0.366045E+03   0.345000E+00   0.449327E-03   0.476736E+00   0.448888E-03   0.164455E+03
     346   0.367106E+03   0.346000E+00   0.448662E-03   0.476030E+00   0.447068E-03   0.163394E+03
     347   0.368167E+03   0.347000E+00   0.449969E-03   0.477417E+00   0.449755E-03   0.162333E+03
     348   0.369228E+03   0.348000E+00   0.451979E-03   0.479550E+00   0.452077E-03   0.161272E+03
     349   0.370289E+03   0.349000E+00   0.454246E-03   0.481955E+00   0.453653E-03   0.160211E+03
     350   0.371350E+03   0.350000E+00   0.457811E-03   0.485738E+00   0.456324E-03   0.159150E+03
     351   0.372411E+03   0.351000E+00   0.459395E-03   0.487418E+00   0.457311E-03   0.158089E+03
     352   0.373472E+03   0.352000E+00   0.461106E-03   0.489233E+00   0.458075E-03   0.157028E+03
     353   0.374533E+03   0.353000E+00   0.468078E-03   0.496630E+00   0.463925E-03   0.155967E+03
     354   0.375594E+03   0.354000E+00   0.467626E-03   0.496151E+00   0.464259E-03   0.154906E+03
     355   0.376655E+03   0.355000E+00   0.466099E-03   0.494531E+00   0.465359E-03   0.153845E+03
     356   0.377716E+03   0.356000E+00   0.468901E-03   0.497504E+00   0.468030E-03   0.152784E+03
     357   0.378777E+03   0.357000E+00   0.473809E-03   0.502711E+00   0.472294E-03   0.151723E+03
     358   0.379838E+03   0.358000E+00   0.476579E-03   0.505650E+00   0.473549E-03   0.150662E+03
     359   0.380899E+03   0.359000E+00   0.477610E-03   0.506744E+00   0.474316E-03   0.149601E+03
     360   0.381960E+03   0.360000E+00   0.478408E-03   0.507591E+00   0.475185E-03   0.148540E+03
     361   0.383021E+03   0.361000E+00   0.477924E-03   0.507077E+00   0.477112E-03   0.147479E+03
     362   0.384082E+03   0.362000E+00   0.480965E-03   0.510304E+00   0.478671E-03   0.146418E+03
     363   0.385143E+03   0.363000E+00   0.482921E-03   0.512379E+00   0.481273E-03   0.145357E+03
     364   0.386204E+03   0.364000E+00   0.488844E-03   0.518664E+00   0.485597E-03   0.144296E+03
     365   0.387265E+03   0.365000E+00   0.491606E-03   0.521594E+00   0.487622E-03   0.143235E+03
     366   0.388326E+03   0.366000E+00   0.488908E-03   0.518731E+00   0.486106E-03   0.142174E+03
     367   0.389387E+03   0.367000E+00   0.494886E-03   0.525074E+00   0.492623E-03   0.141113E+03
     368   0.390448E+03   0.368000E+00   0.495799E-03   0.526043E+00   0.492601E-03   0.140052E+03
     369   0.391509E+03   0.369000E+00   0.500231E-03   0.530745E+00   0.496584E-03   0.138991E+03
     370   0.392570E+03   0.370000E+00   0.501691E-03   0.532295E+00   0.497709E-03   0.137930E+03
     371   0.393631E+03   0.371000E+00   0.505608E-03   0.536450E+00   0.502098E-03   0.136869E+03
     372   0.394692E+03   0.372000E+00   0.507710E-03   0.538681E+00   0.503386E-03   0.135808E+03
     373   0.395753E+03   0.373000E+00   0.507540E-03   0.538500E+00   0.505071E-03   0.134747E+03
     374   0.396814E+03   0.374000E+00   0.510993E-03   0.542164E+00   0.507288E-03   0.133686E+03
     375   0.397875E+03   0.375000E+00   0.511281E-03   0.542470E+00   0.508718E-03   0.132625E+03
     376   0.398936E+03   0.376000E+00   0.515624E-03   0.547077E+00   0.511489E-03   0.131564E+03
     377   0.399997E+03   0.377000E+00   0.516379E-03   0.547878E+00   0.512566E-03   0.130503E+03
     378   0.401058E+03   0.378000E+00   0.521214E-03   0.553008E+00   0.517590E-03   0.129442E+03
     379   0.402119E+03   0.379000E+00   0.526562E-03   0.558682E+00   0.520819E-03   0.128381E+03
     380   0.403180E+03   0.380000E+00   0.529102E-03   0.561377E+00   0.520926E-03   0.127320E+03
     381   0.404241E+03   0.381000E+00   0.530352E-03   0.562703E+00   0.524311E-03   0.126259E+03
     382   0.405302E+03   0.382000E+00   0.532926E-03   0.565435E+00   0.529747E-03   0.125198E+03
     383   0.406363E+03   0.383000E+00   0.538315E-03   0.571152E+00   0.534294E-03   0.124137E+03
     384   0.407424E+03   0.384000E+00   0.540719E-03   0.573703E+00   0.535292E-03   0.123076E+03
     385   0.408485E+03   0.385000E+00   0.542488E-03   0.575579E+00   0.536376E-03   0.122015E+03
     386   0.409546E+03   0.386000E+00   0.542951E-03   0.576071E+00   0.540021E-03   0.120954E+03
     387   0.410607E+03   0.387000E+00   0.543876E-03   0.577052E+00   0.540116E-03   0.119893E+03
     388   0.411668E+03   0.388000E+00   0.546663E-03   0.580010E+00   0.543022E-03   0.118832E+03
     389   0.412729E+03   0.389000E+00   0.547611E-03   0.581015E+00   0.544534E-03   0.117771E+03
     390   0.413790E+03   0.390000E+00   0.556936E-03   0.590909E+00   0.550856E-03   0.116710E+03
     391   0.414851E+03   0.391000E+00   0.558502E-03   0.592571E+00   0.554983E-03   0.115649E+03
     392   0.415912E+03   0.392000E+00   0.562638E-03   0.596959E+00   0.557047E-03   0.114588E+03
     393   0.416973E+03   0.393000E+00   0.566330E-03   0.600876E+00   0.561257E-03   0.113527E+03
     394   0.418034E+03   0.394000E+00   0.569172E-03   0.603892E+00   0.563365E-03   0.112466E+03
     395   0.419095E+03   0.395000E+00   0.572746E-03   0.607684E+00   0.568244E-03   0.111405E+03
     396   0.420156E+03   0.396000E+00   0.578886E-03   0.614198E+00   0.575453E-03   0.110344E+03
     397   0.421217E+03   0.397000E+00   0.576363E-03   0.611521E+00   0.575563E-03   0.109283E+03
     398   0.422278E+03   0.398000E+00   0.577092E-03   0.612294E+00   0.576463E-03   0.108222E+03
     399   0.423339E+03   0.399000E+00   0.581999E-03   0.617501E+00   0.580037E-03   0.107161E+03
     400   0.424400E+03   0.400000E+00   0.587048E-03   0.622857E+00   0.586175E-03   0.106100E+03
     401   0.425461E+03   0.401000E+00   0.592076E-03   0.628192E+00   0.590485E-03   0.105039E+03
     402   0.426522E+03   0.402000E+00   0.593694E-03   0.629910E+00   0.591699E-03   0.103978E+03
     403   0.427583E+03   0.403000E+00   0.599039E-03   0.635581E+00   0.597251E-03   0.102917E+03
     404   0.428644E+03   0.404000E+00   0.603676E-03   0.640500E+00   0.601767E-03   0.101856E+03
     405   0.429705E+03   0.405000E+00   0.611207E-03   0.648490E+00   0.608269E-03   0.100795E+03
     406   0.430766E+03   0.406000E+00   0.615414E-03   0.652954E+00   0.611405E-03   0.997340E+02
     407   0.431827E+03   0.407000E+00   0.614772E-03   0.652273E+00   0.612614E-03   0.986730E+02
     408   0.432888E+03   0.408000E+00   0.621905E-03   0.659842E+00   0.618668E-03   0.976120E+02
     409   0.433949E+03   0.409000E+00   0.620909E-03   0.658784E+00   0.618100E-03   0.965510E+02
     410   0.435010E+03   0.410000E+00   0.623884E-03   0.661941E+00   0.622038E-03   0.954900E+02
     411   0.436071E+03   0.411000E+00   0.629632E-03   0.668040E+00   0.628048E-03   0.944290E+02
     412   0.437132E+03   0.412000E+00   0.636259E-03   0.675070E+00   0.635959E-03   0.933680E+02
     413   0.438193E+03   0.413000E+00   0.643594E-03   0.682853E+00   0.643202E-03   0.923070E+02
     414   0.439254E+03   0.414000E+00   0.644740E-03   0.684069E+00   0.645824E-03   0.912460E+02
     415   0.440315E+03   0.415000E+00   0.648233E-03   0.687775E+00   0.650523E-03   0.901850E+02
     416   0.441376E+03   0.416000E+00   0.656104E-03   0.696126E+00   0.660056E-03   0.891240E+02
     417   0.442437E+03   0.417000E+00   0.663323E-03   0.703786E+00   0.666399E-03   0.880630E+02
     418   0.443498E+03   0.418000E+00   0.668473E-03   0.709250E+00   0.670463E-03   0.870020E+02
     419   0.444559E+03   0.419000E+00   0.677553E-03   0.718884E+00   0.675913E-03   0.859410E+02
     420   0.445620E+03   0.420000E+00   0.683108E-03   0.724778E+00   0.680521E-03   0.848800E+02
     421   0.446681E+03   0.421000E+00   0.684519E-03   0.726275E+00   0.685412E-03   0.838190E+02
     422   0.447742E+03   0.422000E+00   0.688819E-03   0.730837E+00   0.690230E-03   0.827580E+02
     423   0.448803E+03   0.423000E+00   0.693234E-03   0.735521E+00   0.695640E-03   0.816970E+02
     424   0.449864E+03   0.424000E+00   0.701326E-03   0.744107E+00   0.703591E-03   0.806360E+02
     425   0.450925E+03   0.425000E+00   0.709234E-03   0.752497E+00   0.707662E-03   0.795750E+02
     426   0.451986E+03   0.426000E+00   0.716523E-03   0.760231E+00   0.716396E-03   0.785140E+02
     427   0.453047E+03   0.427000E+00   0.719688E-03   0.763589E+00   0.721144E-03   0.774530E+02
     428   0.454108E+03   0.428000E+00   0.727734E-03   0.772126E+00   0.730200E-03   0.763920E+02
     429   0.455169E+03   0.429000E+00   0.738312E-03   0.783349E+00   0.738692E-03   0.753310E+02
     430   0.456230E+03   0.430000E+00   0.746252E-03   0.791773E+00   0.746472E-03   0.742700E+02
     431   0.457291E+03   0.431000E+00   0.750644E-03   0.796433E+00   0.750058E-03   0.732090E+02
     432   0.458352E+03   0.432000E+00   0.760159E-03   0.806528E+00   0.758547E-03   0.721480E+02
     433   0.459413E+03   0.433000E+00   0.769331E-03   0.816260E+00   0.767416E-03   0.710870E+02
     434   0.460474E+03   0.434000E+00   0.780182E-03   0.827773E+00   0.776417E-03   0.700260E+02
     435   0.461535E+03   0.435000E+00   0.788229E-03   0.836311E+00   0.784394E-03   0.689650E+02
     436   0.462596E+03   0.436000E+00   0.797793E-03   0.846458E+00   0.793610E-03   0.679040E+02
     437   0.463657E+03   0.437000E+00   0.809802E-03   0.859200E+00   0.803803E-03   0.668430E+02
     438   0.464718E+03   0.438000E+00   0.816604E-03   0.866417E+00   0.812378E-03   0.657820E+02
     439   0.465779E+03   0.439000E+00   0.822721E-03   0.872907E+00   0.818685E-03   0.647210E+02
     440   0.466840E+03   0.440000E+00   0.836639E-03   0.887674E+00   0.832543E-03   0.636600E+02
     441   0.467901E+03   0.441000E+00   0.841927E-03   0.893284E+00   0.838763E-03   0.625990E+02
     442   0.468962E+03   0.442000E+00   0.852977E-03   0.905008E+00   0.849899E-03   0.615380E+02
     443   0.470023E+03   0.443000E+00   0.864309E-03   0.917032E+00   0.860381E-03   0.604770E+02
     444   0.471084E+03   0.444000E+00   0.875411E-03   0.928811E+00   0.873982E-03   0.594160E+02
     445   0.472145E+03   0.445000E+00   0.888186E-03   0.942365E+00   0.884950E-03   0.583550E+02
     446   0.473206E+03   0.446000E+00   0.900497E-03   0.955427E+00   0.896776E-03   0.572940E+02
     447   0.474267E+03   0.447000E+00   0.912650E-03   0.968322E+00   0.909809E-03   0.562330E+02
     448   0.475328E+03   0.448000E+00   0.922845E-03   0.979138E+00   0.920632E-03   0.551720E+02
     449   0.476389E+03   0.449000E+00   0.932973E-03   0.989885E+00   0.931713E-03   0.541110E+02
     450   0.477450E+03   0.450000E+00   0.952608E-03   0.101072E+01   0.947067E-03   0.530500E+02
     451   0.478511E+03   0.451000E+00   0.969680E-03   0.102883E+01   0.962451E-03   0.519890E+02
     452   0.479572E+03   0.452000E+00   0.982089E-03   0.104200E+01   0.976566E-03   0.509280E+02
     453   0.480633E+03   0.453000E+00   0.994314E-03   0.105497E+01   0.989483E-03   0.498670E+02
     454   0.481694E+03   0.454000E+00   0.100948E-02   0.107106E+01   0.100374E-02   0.488060E+02
     455   0.482755E+03   0.455000E+00   0.102444E-02   0.108693E+01   0.101974E-02   0.477450E+02
     456   0.483816E+03   0.456000E+00   0.104738E-02   0.111127E+01   0.104228E-02   0.466840E+02
     457   0.484877E+03   0.457000E+00   0.106286E-02   0.112769E+01   0.105757E-02   0.456230E+02
     458   0.485938E+03   0.458000E+00   0.108037E-02   0.114627E+01   0.107536E-02   0.445620E+02
     459   0.486999E+03   0.459000E+00   0.110102E-02   0.116819E+01   0.109421E-02   0.435010E+02
     460   0.488060E+03   0.460000E+00   0.111881E-02   0.118706E+01   0.111490E-02   0.424400E+02
     461   0.489121E+03   0.461000E+00   0.114099E-02   0.121059E+01   0.113514E-02   0.413790E+02
     462   0.490182E+03   0.462000E+00   0.116051E-02   0.123130E+01   0.115657E-02   0.403180E+02
     463   0.491243E+03   0.463000E+00   0.118525E-02   0.125755E+01   0.117943E-02   0.392570E+02
     464   0.492304E+03   0.464000E+00   0.121088E-02   0.128475E+01   0.120574E-02   0.381960E+02
     465   0.493365E+03   0.465000E+00   0.123276E-02   0.130796E+01   0.122770E-02   0.371350E+02
     466   0.494426E+03   0.466000E+00   0.125972E-02   0.133656E+01   0.125479E-02   0.360740E+02
     467   0.495487E+03   0.467000E+00   0.129214E-02   0.137096E+01   0.128388E-02   0.350130E+02
     468   0.496548E+03   0.468000E+00   0.132143E-02   0.140204E+01   0.131252E-02   0.339520E+02
     469   0.497609E+03   0.469000E+00   0.134438E-02   0.142639E+01   0.134031E-02   0.328910E+02
     470   0.498670E+03   0.470000E+00   0.137694E-02   0.146094E+01   0.137169E-02   0.318300E+02
     471   0.499731E+03   0.471000E+00   0.140748E-02   0.149334E+01   0.140547E-02   0.307690E+02
     472   0.500792E+03   0.472000E+00   0.145052E-02   0.153900E+01   0.144351E-02   0.297080E+02
     473   0.501853E+03   0.473000E+00   0.148633E-02   0.157700E+01   0.148049E-02   0.286470E+02
     474   0.502914E+03   0.474000E+00   0.153462E-02   0.162824E+01   0.153006E-02   0.275860E+02
     475   0.503975E+03   0.475000E+00   0.158121E-02   0.167767E+01   0.157772E-02   0.265250E+02
     476   0.505036E+03   0.476000E+00   0.164323E-02   0.174346E+01   0.163276E-02   0.254640E+02
     477   0.506097E+03   0.477000E+00   0.169573E-02   0.179917E+01   0.168632E-02   0.244030E+02
     478   0.507158E+03   0.478000E+00   0.174445E-02   0.185086E+01   0.174028E-02   0.233420E+02
     479   0.508219E+03   0.479000E+00   0.181091E-02   0.192137E+01   0.180716E-02   0.222810E+02
     480   0.509280E+03   0.480000E+00   0.188479E-02   0.199976E+01   0.187692E-02   0.212200E+02
     481   0.510341E+03   0.481000E+00   0.196617E-02   0.208610E+01   0.195777E-02   0.201590E+02
     482   0.511402E+03   0.482000E+00   0.204562E-02   0.217041E+01   0.203793E-02   0.190980E+02
     483   0.512463E+03   0.483000E+00   0.213418E-02   0.226437E+01   0.212795E-02   0.180370E+02
     484   0.513524E+03   0.484000E+00   0.223541E-02   0.237177E+01   0.223180E-02   0.169760E+02
     485   0.514585E+03   0.485000E+00   0.234894E-02   0.249223E+01   0.234873E-02   0.159150E+02
     486   0.515646E+03   0.486000E+00   0.248004E-02   0.263132E+01   0.247815E-02   0.148540E+02
     487   0.516707E+03   0.487000E+00   0.262943E-02   0.278982E+01   0.263148E-02   0.137930E+02
     488   0.517768E+03   0.488000E+00   0.280187E-02   0.297278E+01   0.280507E-02   0.127320E+02
     489   0.518829E+03   0.489000E+00   0.300032E-02   0.318334E+01   0.300340E-02   0.116710E+02
     490   0.519890E+03   0.490000E+00   0.324830E-02   0.344644E+01   0.324877E-02   0.106100E+02
     491   0.520951E+03   0.491000E+00   0.353226E-02   0.374773E+01   0.353331E-02   0.954900E+01
     492   0.522012E+03   0.492000E+00   0.389294E-02   0.413041E+01   0.388908E-02   0.848800E+01
     493   0.523073E+03   0.493000E+00   0.433990E-02   0.460464E+01   0.433834E-02   0.742700E+01
     494   0.524134E+03   0.494000E+00   0.492603E-02   0.522652E+01   0.492101E-02   0.636600E+01
     495   0.525195E+03   0.495000E+00   0.574237E-02   0.609266E+01   0.572591E-02   0.530500E+01
     496   0.526256E+03   0.496000E+00   0.692172E-02   0.734394E+01   0.690061E-02   0.424400E+01
     497   0.527317E+03   0.497000E+00   0.885788E-02   0.939821E+01   0.882197E-02   0.318300E+01
     498   0.528378E+03   0.498000E+00   0.128183E-01   0.136002E+02   0.127604E-01   0.212200E+01
     499   0.529439E+03   0.499000E+00   0.364977E-01   0.387241E+02   0.362654E-01   0.106100E+01
     500   0.530500E+03   0.500000E+00   0.143854E+00   0.152629E+03   0.142588E+00   0.000000E+00
