Program Mean-density FBM Gaussian Binned (procs as sets)
Integrated density distribution
force_weight= -0.25000000000000000
STEPDIS= GAU
STEPSIG= 1.0000000000000000
GAMMMA= 1.0000000000000000
NT= 16384
L= 1000000.0000000000
NWALKERS_PER_SET= 64
NSETS= 120
IRINIT= 1
NCONF= 7680
FORCE_TYPE= LINEAR
FORCE_TEST= NONE
GRAD_FORM= SYMM
GRAD_DX= 1
GRAD_TEST= NONE
KILL_FBM_TIME= 16384
WALKER_SIGMA= 0.50000000000000000
WALKER_WIDTH= 1.5000000000000000
NBINS= 5000000
NTSTART= 0
NTEND= 16384
REBIN_BINWIDTH_FACTOR= 10
x_rms(t_last=14749)= 166.9413070513107
==================================
 ibin            x               x/x_rms         P(|x|)          (x_rms/t_last)P
 -5.733000E+03   -5.733000E+02   -3.434141E+00    1.015644E-05    1.149590E-07  
 -5.723000E+03   -5.723000E+02   -3.428151E+00    6.743879E-05    7.633277E-07  
 -5.713000E+03   -5.713000E+02   -3.422161E+00    2.726569E-04    3.086155E-06  
 -5.703000E+03   -5.703000E+02   -3.416171E+00    5.027390E-04    5.690413E-06  
 -5.693000E+03   -5.693000E+02   -3.410181E+00    3.735625E-04    4.228288E-06  
 -5.683000E+03   -5.683000E+02   -3.404190E+00    3.514115E-04    3.977564E-06  
 -5.673000E+03   -5.673000E+02   -3.398200E+00    5.293811E-04    5.991970E-06  
 -5.663000E+03   -5.663000E+02   -3.392210E+00    6.130213E-04    6.938678E-06  
 -5.653000E+03   -5.653000E+02   -3.386220E+00    6.602244E-04    7.472963E-06  
 -5.643000E+03   -5.643000E+02   -3.380230E+00    6.307454E-04    7.139295E-06  
 -5.633000E+03   -5.633000E+02   -3.374240E+00    7.153113E-04    8.096482E-06  
 -5.623000E+03   -5.623000E+02   -3.368250E+00    6.038726E-04    6.835127E-06  
 -5.613000E+03   -5.613000E+02   -3.362260E+00    8.729670E-04    9.880959E-06  
 -5.603000E+03   -5.603000E+02   -3.356269E+00    8.057638E-04    9.120298E-06  
 -5.593000E+03   -5.593000E+02   -3.350279E+00    3.775932E-04    4.273910E-06  
 -5.583000E+03   -5.583000E+02   -3.344289E+00    4.912959E-04    5.560890E-06  
 -5.573000E+03   -5.573000E+02   -3.338299E+00    8.827949E-04    9.992198E-06  
 -5.563000E+03   -5.563000E+02   -3.332309E+00    1.418547E-03    1.605629E-05  
 -5.553000E+03   -5.553000E+02   -3.326319E+00    1.009502E-03    1.142638E-05  
 -5.543000E+03   -5.543000E+02   -3.320329E+00    9.205314E-04    1.041933E-05  
 -5.533000E+03   -5.533000E+02   -3.314338E+00    8.809360E-04    9.971157E-06  
 -5.523000E+03   -5.523000E+02   -3.308348E+00    6.502320E-04    7.359860E-06  
 -5.513000E+03   -5.513000E+02   -3.302358E+00    1.259850E-03    1.426002E-05  
 -5.503000E+03   -5.503000E+02   -3.296368E+00    1.630861E-03    1.845942E-05  
 -5.493000E+03   -5.493000E+02   -3.290378E+00    1.040336E-03    1.177538E-05  
 -5.483000E+03   -5.483000E+02   -3.284388E+00    6.902235E-04    7.812518E-06  
 -5.473000E+03   -5.473000E+02   -3.278398E+00    7.411189E-04    8.388593E-06  
 -5.463000E+03   -5.463000E+02   -3.272408E+00    5.757195E-04    6.516467E-06  
 -5.453000E+03   -5.453000E+02   -3.266417E+00    5.042168E-04    5.707140E-06  
 -5.443000E+03   -5.443000E+02   -3.260427E+00    7.137125E-04    8.078385E-06  
 -5.433000E+03   -5.433000E+02   -3.254437E+00    6.780760E-04    7.675022E-06  
 -5.423000E+03   -5.423000E+02   -3.248447E+00    6.401268E-04    7.245481E-06  
 -5.413000E+03   -5.413000E+02   -3.242457E+00    5.872715E-04    6.647222E-06  
 -5.403000E+03   -5.403000E+02   -3.236467E+00    4.120808E-04    4.664269E-06  
 -5.393000E+03   -5.393000E+02   -3.230477E+00    6.732481E-04    7.620376E-06  
 -5.383000E+03   -5.383000E+02   -3.224487E+00    9.563214E-04    1.082443E-05  
 -5.373000E+03   -5.373000E+02   -3.218496E+00    1.453713E-03    1.645432E-05  
 -5.363000E+03   -5.363000E+02   -3.212506E+00    1.985202E-03    2.247015E-05  
 -5.353000E+03   -5.353000E+02   -3.206516E+00    2.012346E-03    2.277738E-05  
 -5.343000E+03   -5.343000E+02   -3.200526E+00    2.456962E-03    2.780992E-05  
 -5.333000E+03   -5.333000E+02   -3.194536E+00    2.233611E-03    2.528185E-05  
 -5.323000E+03   -5.323000E+02   -3.188546E+00    1.781834E-03    2.016826E-05  
 -5.313000E+03   -5.313000E+02   -3.182556E+00    1.786200E-03    2.021769E-05  
 -5.303000E+03   -5.303000E+02   -3.176566E+00    1.889956E-03    2.139208E-05  
 -5.293000E+03   -5.293000E+02   -3.170575E+00    1.798422E-03    2.035601E-05  
 -5.283000E+03   -5.283000E+02   -3.164585E+00    1.950311E-03    2.207522E-05  
 -5.273000E+03   -5.273000E+02   -3.158595E+00    2.137269E-03    2.419136E-05  
 -5.263000E+03   -5.263000E+02   -3.152605E+00    2.839304E-03    3.213758E-05  
 -5.253000E+03   -5.253000E+02   -3.146615E+00    3.416046E-03    3.866562E-05  
 -5.243000E+03   -5.243000E+02   -3.140625E+00    4.095068E-03    4.635135E-05  
 -5.233000E+03   -5.233000E+02   -3.134635E+00    4.877006E-03    5.520196E-05  
 -5.223000E+03   -5.223000E+02   -3.128644E+00    4.021977E-03    4.552404E-05  
 -5.213000E+03   -5.213000E+02   -3.122654E+00    4.024954E-03    4.555773E-05  
 -5.203000E+03   -5.203000E+02   -3.116664E+00    3.268329E-03    3.699363E-05  
 -5.193000E+03   -5.193000E+02   -3.110674E+00    2.735610E-03    3.096388E-05  
 -5.183000E+03   -5.183000E+02   -3.104684E+00    2.428327E-03    2.748580E-05  
 -5.173000E+03   -5.173000E+02   -3.098694E+00    2.436385E-03    2.757701E-05  
 -5.163000E+03   -5.163000E+02   -3.092704E+00    2.338492E-03    2.646898E-05  
 -5.153000E+03   -5.153000E+02   -3.086714E+00    3.253091E-03    3.682116E-05  
 -5.143000E+03   -5.143000E+02   -3.080723E+00    3.582450E-03    4.054912E-05  
 -5.133000E+03   -5.133000E+02   -3.074733E+00    3.748307E-03    4.242642E-05  
 -5.123000E+03   -5.123000E+02   -3.068743E+00    3.563685E-03    4.033672E-05  
 -5.113000E+03   -5.113000E+02   -3.062753E+00    3.190758E-03    3.611562E-05  
 -5.103000E+03   -5.103000E+02   -3.056763E+00    2.736945E-03    3.097899E-05  
 -5.093000E+03   -5.093000E+02   -3.050773E+00    1.752142E-03    1.983218E-05  
 -5.083000E+03   -5.083000E+02   -3.044783E+00    1.999146E-03    2.262798E-05  
 -5.073000E+03   -5.073000E+02   -3.038793E+00    2.330812E-03    2.638204E-05  
 -5.063000E+03   -5.063000E+02   -3.032802E+00    2.638784E-03    2.986792E-05  
 -5.053000E+03   -5.053000E+02   -3.026812E+00    2.492586E-03    2.821314E-05  
 -5.043000E+03   -5.043000E+02   -3.020822E+00    3.027424E-03    3.426687E-05  
 -5.033000E+03   -5.033000E+02   -3.014832E+00    3.639284E-03    4.119241E-05  
 -5.023000E+03   -5.023000E+02   -3.008842E+00    3.856012E-03    4.364552E-05  
 -5.013000E+03   -5.013000E+02   -3.002852E+00    4.020554E-03    4.550793E-05  
 -5.003000E+03   -5.003000E+02   -2.996862E+00    4.139510E-03    4.685438E-05  
 -4.993000E+03   -4.993000E+02   -2.990872E+00    5.089470E-03    5.760680E-05  
 -4.983000E+03   -4.983000E+02   -2.984881E+00    5.130762E-03    5.807418E-05  
 -4.973000E+03   -4.973000E+02   -2.978891E+00    4.460025E-03    5.048223E-05  
 -4.963000E+03   -4.963000E+02   -2.972901E+00    3.775153E-03    4.273028E-05  
 -4.953000E+03   -4.953000E+02   -2.966911E+00    2.514672E-03    2.846312E-05  
 -4.943000E+03   -4.943000E+02   -2.960921E+00    2.475181E-03    2.801614E-05  
 -4.933000E+03   -4.933000E+02   -2.954931E+00    2.855378E-03    3.231951E-05  
 -4.923000E+03   -4.923000E+02   -2.948941E+00    3.786038E-03    4.285349E-05  
 -4.913000E+03   -4.913000E+02   -2.942950E+00    4.329209E-03    4.900155E-05  
 -4.903000E+03   -4.903000E+02   -2.936960E+00    4.235719E-03    4.794335E-05  
 -4.893000E+03   -4.893000E+02   -2.930970E+00    4.463108E-03    5.051712E-05  
 -4.883000E+03   -4.883000E+02   -2.924980E+00    5.302563E-03    6.001877E-05  
 -4.873000E+03   -4.873000E+02   -2.918990E+00    6.266654E-03    7.093115E-05  
 -4.863000E+03   -4.863000E+02   -2.913000E+00    7.420647E-03    8.399299E-05  
 -4.853000E+03   -4.853000E+02   -2.907010E+00    8.867383E-03    1.003683E-04  
 -4.843000E+03   -4.843000E+02   -2.901020E+00    7.699636E-03    8.715081E-05  
 -4.833000E+03   -4.833000E+02   -2.895029E+00    8.959513E-03    1.014111E-04  
 -4.823000E+03   -4.823000E+02   -2.889039E+00    1.117227E-02    1.264570E-04  
 -4.813000E+03   -4.813000E+02   -2.883049E+00    1.172160E-02    1.326747E-04  
 -4.803000E+03   -4.803000E+02   -2.877059E+00    1.150424E-02    1.302144E-04  
 -4.793000E+03   -4.793000E+02   -2.871069E+00    9.995110E-03    1.131329E-04  
 -4.783000E+03   -4.783000E+02   -2.865079E+00    1.003855E-02    1.136246E-04  
 -4.773000E+03   -4.773000E+02   -2.859089E+00    1.108335E-02    1.254504E-04  
 -4.763000E+03   -4.763000E+02   -2.853099E+00    1.211551E-02    1.371333E-04  
 -4.753000E+03   -4.753000E+02   -2.847108E+00    1.137784E-02    1.287837E-04  
 -4.743000E+03   -4.743000E+02   -2.841118E+00    1.029061E-02    1.164776E-04  
 -4.733000E+03   -4.733000E+02   -2.835128E+00    8.585660E-03    9.717956E-05  
 -4.723000E+03   -4.723000E+02   -2.829138E+00    7.381717E-03    8.355234E-05  
 -4.713000E+03   -4.713000E+02   -2.823148E+00    8.348793E-03    9.449850E-05  
 -4.703000E+03   -4.703000E+02   -2.817158E+00    9.890179E-03    1.119452E-04  
 -4.693000E+03   -4.693000E+02   -2.811168E+00    1.003011E-02    1.135290E-04  
 -4.683000E+03   -4.683000E+02   -2.805178E+00    1.050364E-02    1.188888E-04  
 -4.673000E+03   -4.673000E+02   -2.799187E+00    1.190838E-02    1.347888E-04  
 -4.663000E+03   -4.663000E+02   -2.793197E+00    1.368312E-02    1.548768E-04  
 -4.653000E+03   -4.653000E+02   -2.787207E+00    1.562720E-02    1.768815E-04  
 -4.643000E+03   -4.643000E+02   -2.781217E+00    1.693133E-02    1.916427E-04  
 -4.633000E+03   -4.633000E+02   -2.775227E+00    1.821616E-02    2.061854E-04  
 -4.623000E+03   -4.623000E+02   -2.769237E+00    2.007763E-02    2.272551E-04  
 -4.613000E+03   -4.613000E+02   -2.763247E+00    2.158639E-02    2.443325E-04  
 -4.603000E+03   -4.603000E+02   -2.757256E+00    2.202663E-02    2.493155E-04  
 -4.593000E+03   -4.593000E+02   -2.751266E+00    2.101545E-02    2.378701E-04  
 -4.583000E+03   -4.583000E+02   -2.745276E+00    2.099797E-02    2.376723E-04  
 -4.573000E+03   -4.573000E+02   -2.739286E+00    2.239997E-02    2.535413E-04  
 -4.563000E+03   -4.563000E+02   -2.733296E+00    2.370822E-02    2.683492E-04  
 -4.553000E+03   -4.553000E+02   -2.727306E+00    2.680323E-02    3.033810E-04  
 -4.543000E+03   -4.543000E+02   -2.721316E+00    2.748246E-02    3.110691E-04  
 -4.533000E+03   -4.533000E+02   -2.715326E+00    2.794423E-02    3.162957E-04  
 -4.523000E+03   -4.523000E+02   -2.709335E+00    3.014849E-02    3.412454E-04  
 -4.513000E+03   -4.513000E+02   -2.703345E+00    3.155135E-02    3.571242E-04  
 -4.503000E+03   -4.503000E+02   -2.697355E+00    3.299035E-02    3.734119E-04  
 -4.493000E+03   -4.493000E+02   -2.691365E+00    3.488889E-02    3.949012E-04  
 -4.483000E+03   -4.483000E+02   -2.685375E+00    4.214674E-02    4.770515E-04  
 -4.473000E+03   -4.473000E+02   -2.679385E+00    4.396798E-02    4.976658E-04  
 -4.463000E+03   -4.463000E+02   -2.673395E+00    4.409743E-02    4.991309E-04  
 -4.453000E+03   -4.453000E+02   -2.667405E+00    4.333765E-02    4.905311E-04  
 -4.443000E+03   -4.443000E+02   -2.661414E+00    4.319586E-02    4.889263E-04  
 -4.433000E+03   -4.433000E+02   -2.655424E+00    4.530513E-02    5.128007E-04  
 -4.423000E+03   -4.423000E+02   -2.649434E+00    4.750368E-02    5.376857E-04  
 -4.413000E+03   -4.413000E+02   -2.643444E+00    4.761062E-02    5.388962E-04  
 -4.403000E+03   -4.403000E+02   -2.637454E+00    4.552741E-02    5.153167E-04  
 -4.393000E+03   -4.393000E+02   -2.631464E+00    4.412156E-02    4.994041E-04  
 -4.383000E+03   -4.383000E+02   -2.625474E+00    4.094153E-02    4.634099E-04  
 -4.373000E+03   -4.373000E+02   -2.619484E+00    3.953727E-02    4.475153E-04  
 -4.363000E+03   -4.363000E+02   -2.613493E+00    3.822976E-02    4.327158E-04  
 -4.353000E+03   -4.353000E+02   -2.607503E+00    4.026460E-02    4.557479E-04  
 -4.343000E+03   -4.343000E+02   -2.601513E+00    4.088639E-02    4.627858E-04  
 -4.333000E+03   -4.333000E+02   -2.595523E+00    4.350550E-02    4.924310E-04  
 -4.323000E+03   -4.323000E+02   -2.589533E+00    4.755960E-02    5.383186E-04  
 -4.313000E+03   -4.313000E+02   -2.583543E+00    4.731908E-02    5.355962E-04  
 -4.303000E+03   -4.303000E+02   -2.577553E+00    4.956829E-02    5.610547E-04  
 -4.293000E+03   -4.293000E+02   -2.571562E+00    5.241755E-02    5.933050E-04  
 -4.283000E+03   -4.283000E+02   -2.565572E+00    5.522808E-02    6.251168E-04  
 -4.273000E+03   -4.273000E+02   -2.559582E+00    5.821029E-02    6.588719E-04  
 -4.263000E+03   -4.263000E+02   -2.553592E+00    5.987020E-02    6.776601E-04  
 -4.253000E+03   -4.253000E+02   -2.547602E+00    5.827663E-02    6.596228E-04  
 -4.243000E+03   -4.243000E+02   -2.541612E+00    5.668187E-02    6.415720E-04  
 -4.233000E+03   -4.233000E+02   -2.535622E+00    5.812604E-02    6.579183E-04  
 -4.223000E+03   -4.223000E+02   -2.529632E+00    5.668818E-02    6.416435E-04  
 -4.213000E+03   -4.213000E+02   -2.523641E+00    5.707503E-02    6.460221E-04  
 -4.203000E+03   -4.203000E+02   -2.517651E+00    6.086230E-02    6.888896E-04  
 -4.193000E+03   -4.193000E+02   -2.511661E+00    6.580301E-02    7.448125E-04  
 -4.183000E+03   -4.183000E+02   -2.505671E+00    6.924724E-02    7.837972E-04  
 -4.173000E+03   -4.173000E+02   -2.499681E+00    7.644474E-02    8.652644E-04  
 -4.163000E+03   -4.163000E+02   -2.493691E+00    8.252401E-02    9.340746E-04  
 -4.153000E+03   -4.153000E+02   -2.487701E+00    8.771763E-02    9.928602E-04  
 -4.143000E+03   -4.143000E+02   -2.481711E+00    8.947839E-02    1.012790E-03  
 -4.133000E+03   -4.133000E+02   -2.475720E+00    9.242492E-02    1.046141E-03  
 -4.123000E+03   -4.123000E+02   -2.469730E+00    9.774043E-02    1.106307E-03  
 -4.113000E+03   -4.113000E+02   -2.463740E+00    9.986938E-02    1.130404E-03  
 -4.103000E+03   -4.103000E+02   -2.457750E+00    1.041027E-01    1.178320E-03  
 -4.093000E+03   -4.093000E+02   -2.451760E+00    1.060253E-01    1.200082E-03  
 -4.083000E+03   -4.083000E+02   -2.445770E+00    1.125225E-01    1.273622E-03  
 -4.073000E+03   -4.073000E+02   -2.439780E+00    1.172660E-01    1.327313E-03  
 -4.063000E+03   -4.063000E+02   -2.433789E+00    1.203586E-01    1.362317E-03  
 -4.053000E+03   -4.053000E+02   -2.427799E+00    1.279096E-01    1.447786E-03  
 -4.043000E+03   -4.043000E+02   -2.421809E+00    1.332092E-01    1.507772E-03  
 -4.033000E+03   -4.033000E+02   -2.415819E+00    1.397142E-01    1.581400E-03  
 -4.023000E+03   -4.023000E+02   -2.409829E+00    1.498785E-01    1.696448E-03  
 -4.013000E+03   -4.013000E+02   -2.403839E+00    1.617855E-01    1.831221E-03  
 -4.003000E+03   -4.003000E+02   -2.397849E+00    1.673303E-01    1.893982E-03  
 -3.993000E+03   -3.993000E+02   -2.391859E+00    1.775027E-01    2.009122E-03  
 -3.983000E+03   -3.983000E+02   -2.385868E+00    1.832414E-01    2.074077E-03  
 -3.973000E+03   -3.973000E+02   -2.379878E+00    1.792092E-01    2.028437E-03  
 -3.963000E+03   -3.963000E+02   -2.373888E+00    1.804468E-01    2.042445E-03  
 -3.953000E+03   -3.953000E+02   -2.367898E+00    1.860944E-01    2.106369E-03  
 -3.943000E+03   -3.943000E+02   -2.361908E+00    1.855414E-01    2.100110E-03  
 -3.933000E+03   -3.933000E+02   -2.355918E+00    1.888091E-01    2.137096E-03  
 -3.923000E+03   -3.923000E+02   -2.349928E+00    1.943689E-01    2.200027E-03  
 -3.913000E+03   -3.913000E+02   -2.343938E+00    1.941931E-01    2.198037E-03  
 -3.903000E+03   -3.903000E+02   -2.337947E+00    2.009005E-01    2.273958E-03  
 -3.893000E+03   -3.893000E+02   -2.331957E+00    2.097584E-01    2.374218E-03  
 -3.883000E+03   -3.883000E+02   -2.325967E+00    2.126432E-01    2.406871E-03  
 -3.873000E+03   -3.873000E+02   -2.319977E+00    2.175094E-01    2.461950E-03  
 -3.863000E+03   -3.863000E+02   -2.313987E+00    2.131963E-01    2.413130E-03  
 -3.853000E+03   -3.853000E+02   -2.307997E+00    2.132465E-01    2.413700E-03  
 -3.843000E+03   -3.843000E+02   -2.302007E+00    2.228205E-01    2.522066E-03  
 -3.833000E+03   -3.833000E+02   -2.296017E+00    2.239967E-01    2.535378E-03  
 -3.823000E+03   -3.823000E+02   -2.290026E+00    2.226636E-01    2.520290E-03  
 -3.813000E+03   -3.813000E+02   -2.284036E+00    2.286682E-01    2.588254E-03  
 -3.803000E+03   -3.803000E+02   -2.278046E+00    2.323358E-01    2.629768E-03  
 -3.793000E+03   -3.793000E+02   -2.272056E+00    2.390690E-01    2.705979E-03  
 -3.783000E+03   -3.783000E+02   -2.266066E+00    2.446671E-01    2.769343E-03  
 -3.773000E+03   -3.773000E+02   -2.260076E+00    2.502620E-01    2.832671E-03  
 -3.763000E+03   -3.763000E+02   -2.254086E+00    2.621809E-01    2.967579E-03  
 -3.753000E+03   -3.753000E+02   -2.248095E+00    2.794390E-01    3.162921E-03  
 -3.743000E+03   -3.743000E+02   -2.242105E+00    2.985280E-01    3.378985E-03  
 -3.733000E+03   -3.733000E+02   -2.236115E+00    3.167340E-01    3.585056E-03  
 -3.723000E+03   -3.723000E+02   -2.230125E+00    3.274371E-01    3.706203E-03  
 -3.713000E+03   -3.713000E+02   -2.224135E+00    3.274003E-01    3.705786E-03  
 -3.703000E+03   -3.703000E+02   -2.218145E+00    3.353102E-01    3.795317E-03  
 -3.693000E+03   -3.693000E+02   -2.212155E+00    3.569665E-01    4.040440E-03  
 -3.683000E+03   -3.683000E+02   -2.206165E+00    3.765872E-01    4.262523E-03  
 -3.673000E+03   -3.673000E+02   -2.200174E+00    3.919694E-01    4.436632E-03  
 -3.663000E+03   -3.663000E+02   -2.194184E+00    3.906569E-01    4.421776E-03  
 -3.653000E+03   -3.653000E+02   -2.188194E+00    3.800034E-01    4.301191E-03  
 -3.643000E+03   -3.643000E+02   -2.182204E+00    3.940884E-01    4.460617E-03  
 -3.633000E+03   -3.633000E+02   -2.176214E+00    4.151587E-01    4.699108E-03  
 -3.623000E+03   -3.623000E+02   -2.170224E+00    4.256955E-01    4.818371E-03  
 -3.613000E+03   -3.613000E+02   -2.164234E+00    4.415256E-01    4.997550E-03  
 -3.603000E+03   -3.603000E+02   -2.158244E+00    4.655534E-01    5.269517E-03  
 -3.593000E+03   -3.593000E+02   -2.152253E+00    4.643562E-01    5.255965E-03  
 -3.583000E+03   -3.583000E+02   -2.146263E+00    4.698571E-01    5.318229E-03  
 -3.573000E+03   -3.573000E+02   -2.140273E+00    4.818725E-01    5.454229E-03  
 -3.563000E+03   -3.563000E+02   -2.134283E+00    4.904852E-01    5.551714E-03  
 -3.553000E+03   -3.553000E+02   -2.128293E+00    5.058042E-01    5.725107E-03  
 -3.543000E+03   -3.543000E+02   -2.122303E+00    5.173904E-01    5.856249E-03  
 -3.533000E+03   -3.533000E+02   -2.116313E+00    5.287265E-01    5.984562E-03  
 -3.523000E+03   -3.523000E+02   -2.110323E+00    5.515965E-01    6.243423E-03  
 -3.513000E+03   -3.513000E+02   -2.104332E+00    5.731781E-01    6.487701E-03  
 -3.503000E+03   -3.503000E+02   -2.098342E+00    5.969778E-01    6.757086E-03  
 -3.493000E+03   -3.493000E+02   -2.092352E+00    6.153066E-01    6.964546E-03  
 -3.483000E+03   -3.483000E+02   -2.086362E+00    6.389287E-01    7.231921E-03  
 -3.473000E+03   -3.473000E+02   -2.080372E+00    6.657566E-01    7.535581E-03  
 -3.463000E+03   -3.463000E+02   -2.074382E+00    6.908419E-01    7.819517E-03  
 -3.453000E+03   -3.453000E+02   -2.068392E+00    7.096921E-01    8.032879E-03  
 -3.443000E+03   -3.443000E+02   -2.062401E+00    7.213066E-01    8.164341E-03  
 -3.433000E+03   -3.433000E+02   -2.056411E+00    7.325532E-01    8.291639E-03  
 -3.423000E+03   -3.423000E+02   -2.050421E+00    7.492685E-01    8.480837E-03  
 -3.413000E+03   -3.413000E+02   -2.044431E+00    7.900230E-01    8.942130E-03  
 -3.403000E+03   -3.403000E+02   -2.038441E+00    8.194064E-01    9.274715E-03  
 -3.393000E+03   -3.393000E+02   -2.032451E+00    8.305785E-01    9.401170E-03  
 -3.383000E+03   -3.383000E+02   -2.026461E+00    8.429543E-01    9.541250E-03  
 -3.373000E+03   -3.373000E+02   -2.020471E+00    8.726516E-01    9.877388E-03  
 -3.363000E+03   -3.363000E+02   -2.014480E+00    8.957495E-01    1.013883E-02  
 -3.353000E+03   -3.353000E+02   -2.008490E+00    9.224834E-01    1.044143E-02  
 -3.343000E+03   -3.343000E+02   -2.002500E+00    9.476314E-01    1.072607E-02  
 -3.333000E+03   -3.333000E+02   -1.996510E+00    9.549134E-01    1.080850E-02  
 -3.323000E+03   -3.323000E+02   -1.990520E+00    9.628050E-01    1.089782E-02  
 -3.313000E+03   -3.313000E+02   -1.984530E+00    9.654178E-01    1.092739E-02  
 -3.303000E+03   -3.303000E+02   -1.978540E+00    9.678884E-01    1.095536E-02  
 -3.293000E+03   -3.293000E+02   -1.972550E+00    9.858343E-01    1.115848E-02  
 -3.283000E+03   -3.283000E+02   -1.966559E+00    1.013896E+00    1.147611E-02  
 -3.273000E+03   -3.273000E+02   -1.960569E+00    1.044428E+00    1.182170E-02  
 -3.263000E+03   -3.263000E+02   -1.954579E+00    1.067944E+00    1.208786E-02  
 -3.253000E+03   -3.253000E+02   -1.948589E+00    1.102403E+00    1.247791E-02  
 -3.243000E+03   -3.243000E+02   -1.942599E+00    1.143568E+00    1.294384E-02  
 -3.233000E+03   -3.233000E+02   -1.936609E+00    1.187645E+00    1.344274E-02  
 -3.223000E+03   -3.223000E+02   -1.930619E+00    1.197206E+00    1.355096E-02  
 -3.213000E+03   -3.213000E+02   -1.924629E+00    1.225680E+00    1.387326E-02  
 -3.203000E+03   -3.203000E+02   -1.918638E+00    1.276024E+00    1.444309E-02  
 -3.193000E+03   -3.193000E+02   -1.912648E+00    1.332703E+00    1.508463E-02  
 -3.183000E+03   -3.183000E+02   -1.906658E+00    1.384064E+00    1.566597E-02  
 -3.173000E+03   -3.173000E+02   -1.900668E+00    1.424789E+00    1.612693E-02  
 -3.163000E+03   -3.163000E+02   -1.894678E+00    1.450968E+00    1.642324E-02  
 -3.153000E+03   -3.153000E+02   -1.888688E+00    1.484742E+00    1.680553E-02  
 -3.143000E+03   -3.143000E+02   -1.882698E+00    1.530624E+00    1.732487E-02  
 -3.133000E+03   -3.133000E+02   -1.876707E+00    1.577601E+00    1.785658E-02  
 -3.123000E+03   -3.123000E+02   -1.870717E+00    1.620445E+00    1.834153E-02  
 -3.113000E+03   -3.113000E+02   -1.864727E+00    1.681509E+00    1.903270E-02  
 -3.103000E+03   -3.103000E+02   -1.858737E+00    1.742571E+00    1.972385E-02  
 -3.093000E+03   -3.093000E+02   -1.852747E+00    1.801688E+00    2.039299E-02  
 -3.083000E+03   -3.083000E+02   -1.846757E+00    1.839505E+00    2.082103E-02  
 -3.073000E+03   -3.073000E+02   -1.840767E+00    1.882343E+00    2.130590E-02  
 -3.063000E+03   -3.063000E+02   -1.834777E+00    1.921872E+00    2.175333E-02  
 -3.053000E+03   -3.053000E+02   -1.828786E+00    1.983261E+00    2.244818E-02  
 -3.043000E+03   -3.043000E+02   -1.822796E+00    2.071924E+00    2.345174E-02  
 -3.033000E+03   -3.033000E+02   -1.816806E+00    2.131740E+00    2.412879E-02  
 -3.023000E+03   -3.023000E+02   -1.810816E+00    2.188940E+00    2.477623E-02  
 -3.013000E+03   -3.013000E+02   -1.804826E+00    2.233212E+00    2.527733E-02  
 -3.003000E+03   -3.003000E+02   -1.798836E+00    2.261807E+00    2.560099E-02  
 -2.993000E+03   -2.993000E+02   -1.792846E+00    2.283448E+00    2.584595E-02  
 -2.983000E+03   -2.983000E+02   -1.786856E+00    2.320577E+00    2.626620E-02  
 -2.973000E+03   -2.973000E+02   -1.780865E+00    2.376196E+00    2.689574E-02  
 -2.963000E+03   -2.963000E+02   -1.774875E+00    2.438099E+00    2.759640E-02  
 -2.953000E+03   -2.953000E+02   -1.768885E+00    2.500661E+00    2.830454E-02  
 -2.943000E+03   -2.943000E+02   -1.762895E+00    2.575661E+00    2.915345E-02  
 -2.933000E+03   -2.933000E+02   -1.756905E+00    2.648012E+00    2.997237E-02  
 -2.923000E+03   -2.923000E+02   -1.750915E+00    2.708264E+00    3.065436E-02  
 -2.913000E+03   -2.913000E+02   -1.744925E+00    2.759878E+00    3.123857E-02  
 -2.903000E+03   -2.903000E+02   -1.738935E+00    2.845113E+00    3.220332E-02  
 -2.893000E+03   -2.893000E+02   -1.732944E+00    2.913262E+00    3.297469E-02  
 -2.883000E+03   -2.883000E+02   -1.726954E+00    2.959131E+00    3.349388E-02  
 -2.873000E+03   -2.873000E+02   -1.720964E+00    3.016424E+00    3.414236E-02  
 -2.863000E+03   -2.863000E+02   -1.714974E+00    3.057626E+00    3.460872E-02  
 -2.853000E+03   -2.853000E+02   -1.708984E+00    3.110043E+00    3.520203E-02  
 -2.843000E+03   -2.843000E+02   -1.702994E+00    3.162596E+00    3.579686E-02  
 -2.833000E+03   -2.833000E+02   -1.697004E+00    3.225048E+00    3.650375E-02  
 -2.823000E+03   -2.823000E+02   -1.691013E+00    3.296134E+00    3.730836E-02  
 -2.813000E+03   -2.813000E+02   -1.685023E+00    3.383555E+00    3.829785E-02  
 -2.803000E+03   -2.803000E+02   -1.679033E+00    3.477678E+00    3.936322E-02  
 -2.793000E+03   -2.793000E+02   -1.673043E+00    3.562318E+00    4.032125E-02  
 -2.783000E+03   -2.783000E+02   -1.667053E+00    3.614554E+00    4.091249E-02  
 -2.773000E+03   -2.773000E+02   -1.661063E+00    3.659868E+00    4.142539E-02  
 -2.763000E+03   -2.763000E+02   -1.655073E+00    3.743437E+00    4.237130E-02  
 -2.753000E+03   -2.753000E+02   -1.649083E+00    3.830158E+00    4.335288E-02  
 -2.743000E+03   -2.743000E+02   -1.643092E+00    3.887717E+00    4.400438E-02  
 -2.733000E+03   -2.733000E+02   -1.637102E+00    3.961490E+00    4.483940E-02  
 -2.723000E+03   -2.723000E+02   -1.631112E+00    4.023230E+00    4.553823E-02  
 -2.713000E+03   -2.713000E+02   -1.625122E+00    4.100317E+00    4.641076E-02  
 -2.703000E+03   -2.703000E+02   -1.619132E+00    4.157372E+00    4.705655E-02  
 -2.693000E+03   -2.693000E+02   -1.613142E+00    4.233338E+00    4.791640E-02  
 -2.683000E+03   -2.683000E+02   -1.607152E+00    4.343846E+00    4.916722E-02  
 -2.673000E+03   -2.673000E+02   -1.601162E+00    4.444311E+00    5.030437E-02  
 -2.663000E+03   -2.663000E+02   -1.595171E+00    4.571660E+00    5.174581E-02  
 -2.653000E+03   -2.653000E+02   -1.589181E+00    4.683783E+00    5.301490E-02  
 -2.643000E+03   -2.643000E+02   -1.583191E+00    4.775122E+00    5.404876E-02  
 -2.633000E+03   -2.633000E+02   -1.577201E+00    4.878003E+00    5.521325E-02  
 -2.623000E+03   -2.623000E+02   -1.571211E+00    4.952951E+00    5.606157E-02  
 -2.613000E+03   -2.613000E+02   -1.565221E+00    5.031960E+00    5.695586E-02  
 -2.603000E+03   -2.603000E+02   -1.559231E+00    5.121236E+00    5.796636E-02  
 -2.593000E+03   -2.593000E+02   -1.553241E+00    5.221186E+00    5.909767E-02  
 -2.583000E+03   -2.583000E+02   -1.547250E+00    5.302950E+00    6.002315E-02  
 -2.573000E+03   -2.573000E+02   -1.541260E+00    5.387748E+00    6.098296E-02  
 -2.563000E+03   -2.563000E+02   -1.535270E+00    5.508967E+00    6.235502E-02  
 -2.553000E+03   -2.553000E+02   -1.529280E+00    5.669104E+00    6.416758E-02  
 -2.543000E+03   -2.543000E+02   -1.523290E+00    5.799686E+00    6.564561E-02  
 -2.533000E+03   -2.533000E+02   -1.517300E+00    5.913304E+00    6.693163E-02  
 -2.523000E+03   -2.523000E+02   -1.511310E+00    6.082168E+00    6.884298E-02  
 -2.513000E+03   -2.513000E+02   -1.505319E+00    6.214042E+00    7.033564E-02  
 -2.503000E+03   -2.503000E+02   -1.499329E+00    6.302523E+00    7.133713E-02  
 -2.493000E+03   -2.493000E+02   -1.493339E+00    6.400668E+00    7.244802E-02  
 -2.483000E+03   -2.483000E+02   -1.487349E+00    6.475461E+00    7.329459E-02  
 -2.473000E+03   -2.473000E+02   -1.481359E+00    6.507492E+00    7.365715E-02  
 -2.463000E+03   -2.463000E+02   -1.475369E+00    6.555858E+00    7.420459E-02  
 -2.453000E+03   -2.453000E+02   -1.469379E+00    6.630057E+00    7.504444E-02  
 -2.443000E+03   -2.443000E+02   -1.463389E+00    6.715066E+00    7.600664E-02  
 -2.433000E+03   -2.433000E+02   -1.457398E+00    6.873035E+00    7.779466E-02  
 -2.423000E+03   -2.423000E+02   -1.451408E+00    7.020872E+00    7.946800E-02  
 -2.413000E+03   -2.413000E+02   -1.445418E+00    7.117072E+00    8.055688E-02  
 -2.403000E+03   -2.403000E+02   -1.439428E+00    7.258915E+00    8.216236E-02  
 -2.393000E+03   -2.393000E+02   -1.433438E+00    7.380419E+00    8.353765E-02  
 -2.383000E+03   -2.383000E+02   -1.427448E+00    7.493722E+00    8.482010E-02  
 -2.373000E+03   -2.373000E+02   -1.421458E+00    7.599135E+00    8.601326E-02  
 -2.363000E+03   -2.363000E+02   -1.415468E+00    7.791497E+00    8.819057E-02  
 -2.353000E+03   -2.353000E+02   -1.409477E+00    7.992107E+00    9.046124E-02  
 -2.343000E+03   -2.343000E+02   -1.403487E+00    8.116829E+00    9.187295E-02  
 -2.333000E+03   -2.333000E+02   -1.397497E+00    8.284548E+00    9.377132E-02  
 -2.323000E+03   -2.323000E+02   -1.391507E+00    8.453166E+00    9.567988E-02  
 -2.313000E+03   -2.313000E+02   -1.385517E+00    8.640785E+00    9.780351E-02  
 -2.303000E+03   -2.303000E+02   -1.379527E+00    8.795912E+00    9.955936E-02  
 -2.293000E+03   -2.293000E+02   -1.373537E+00    8.938420E+00    1.011724E-01  
 -2.283000E+03   -2.283000E+02   -1.367546E+00    9.121691E+00    1.032468E-01  
 -2.273000E+03   -2.273000E+02   -1.361556E+00    9.256921E+00    1.047774E-01  
 -2.263000E+03   -2.263000E+02   -1.355566E+00    9.373480E+00    1.060968E-01  
 -2.253000E+03   -2.253000E+02   -1.349576E+00    9.483225E+00    1.073389E-01  
 -2.243000E+03   -2.243000E+02   -1.343586E+00    9.645503E+00    1.091757E-01  
 -2.233000E+03   -2.233000E+02   -1.337596E+00    9.800520E+00    1.109303E-01  
 -2.223000E+03   -2.223000E+02   -1.331606E+00    9.916412E+00    1.122421E-01  
 -2.213000E+03   -2.213000E+02   -1.325616E+00    1.005555E+01    1.138170E-01  
 -2.203000E+03   -2.203000E+02   -1.319625E+00    1.023147E+01    1.158082E-01  
 -2.193000E+03   -2.193000E+02   -1.313635E+00    1.038418E+01    1.175367E-01  
 -2.183000E+03   -2.183000E+02   -1.307645E+00    1.053725E+01    1.192692E-01  
 -2.173000E+03   -2.173000E+02   -1.301655E+00    1.069012E+01    1.209996E-01  
 -2.163000E+03   -2.163000E+02   -1.295665E+00    1.088639E+01    1.232211E-01  
 -2.153000E+03   -2.153000E+02   -1.289675E+00    1.106846E+01    1.252819E-01  
 -2.143000E+03   -2.143000E+02   -1.283685E+00    1.120909E+01    1.268737E-01  
 -2.133000E+03   -2.133000E+02   -1.277695E+00    1.140356E+01    1.290749E-01  
 -2.123000E+03   -2.123000E+02   -1.271704E+00    1.162861E+01    1.316222E-01  
 -2.113000E+03   -2.113000E+02   -1.265714E+00    1.180501E+01    1.336188E-01  
 -2.103000E+03   -2.103000E+02   -1.259724E+00    1.196138E+01    1.353887E-01  
 -2.093000E+03   -2.093000E+02   -1.253734E+00    1.218291E+01    1.378962E-01  
 -2.083000E+03   -2.083000E+02   -1.247744E+00    1.243340E+01    1.407315E-01  
 -2.073000E+03   -2.073000E+02   -1.241754E+00    1.265425E+01    1.432313E-01  
 -2.063000E+03   -2.063000E+02   -1.235764E+00    1.285482E+01    1.455014E-01  
 -2.053000E+03   -2.053000E+02   -1.229774E+00    1.307438E+01    1.479865E-01  
 -2.043000E+03   -2.043000E+02   -1.223783E+00    1.331695E+01    1.507322E-01  
 -2.033000E+03   -2.033000E+02   -1.217793E+00    1.348795E+01    1.526677E-01  
 -2.023000E+03   -2.023000E+02   -1.211803E+00    1.367099E+01    1.547395E-01  
 -2.013000E+03   -2.013000E+02   -1.205813E+00    1.387562E+01    1.570557E-01  
 -2.003000E+03   -2.003000E+02   -1.199823E+00    1.409038E+01    1.594865E-01  
 -1.993000E+03   -1.993000E+02   -1.193833E+00    1.428511E+01    1.616907E-01  
 -1.983000E+03   -1.983000E+02   -1.187843E+00    1.448599E+01    1.639644E-01  
 -1.973000E+03   -1.973000E+02   -1.181852E+00    1.469089E+01    1.662836E-01  
 -1.963000E+03   -1.963000E+02   -1.175862E+00    1.489658E+01    1.686118E-01  
 -1.953000E+03   -1.953000E+02   -1.169872E+00    1.512787E+01    1.712297E-01  
 -1.943000E+03   -1.943000E+02   -1.163882E+00    1.529730E+01    1.731474E-01  
 -1.933000E+03   -1.933000E+02   -1.157892E+00    1.546348E+01    1.750284E-01  
 -1.923000E+03   -1.923000E+02   -1.151902E+00    1.566812E+01    1.773446E-01  
 -1.913000E+03   -1.913000E+02   -1.145912E+00    1.586012E+01    1.795179E-01  
 -1.903000E+03   -1.903000E+02   -1.139922E+00    1.611493E+01    1.824020E-01  
 -1.893000E+03   -1.893000E+02   -1.133931E+00    1.643393E+01    1.860128E-01  
 -1.883000E+03   -1.883000E+02   -1.127941E+00    1.668156E+01    1.888157E-01  
 -1.873000E+03   -1.873000E+02   -1.121951E+00    1.687528E+01    1.910083E-01  
 -1.863000E+03   -1.863000E+02   -1.115961E+00    1.712689E+01    1.938562E-01  
 -1.853000E+03   -1.853000E+02   -1.109971E+00    1.734455E+01    1.963199E-01  
 -1.843000E+03   -1.843000E+02   -1.103981E+00    1.759388E+01    1.991420E-01  
 -1.833000E+03   -1.833000E+02   -1.097991E+00    1.785407E+01    2.020871E-01  
 -1.823000E+03   -1.823000E+02   -1.092001E+00    1.809601E+01    2.048255E-01  
 -1.813000E+03   -1.813000E+02   -1.086010E+00    1.831446E+01    2.072981E-01  
 -1.803000E+03   -1.803000E+02   -1.080020E+00    1.853721E+01    2.098194E-01  
 -1.793000E+03   -1.793000E+02   -1.074030E+00    1.882750E+01    2.131051E-01  
 -1.783000E+03   -1.783000E+02   -1.068040E+00    1.904573E+01    2.155752E-01  
 -1.773000E+03   -1.773000E+02   -1.062050E+00    1.923491E+01    2.177165E-01  
 -1.763000E+03   -1.763000E+02   -1.056060E+00    1.947338E+01    2.204158E-01  
 -1.753000E+03   -1.753000E+02   -1.050070E+00    1.970986E+01    2.230924E-01  
 -1.743000E+03   -1.743000E+02   -1.044080E+00    1.991692E+01    2.254361E-01  
 -1.733000E+03   -1.733000E+02   -1.038089E+00    2.012186E+01    2.277557E-01  
 -1.723000E+03   -1.723000E+02   -1.032099E+00    2.037018E+01    2.305665E-01  
 -1.713000E+03   -1.713000E+02   -1.026109E+00    2.060846E+01    2.332635E-01  
 -1.703000E+03   -1.703000E+02   -1.020119E+00    2.087241E+01    2.362511E-01  
 -1.693000E+03   -1.693000E+02   -1.014129E+00    2.108543E+01    2.386622E-01  
 -1.683000E+03   -1.683000E+02   -1.008139E+00    2.138412E+01    2.420430E-01  
 -1.673000E+03   -1.673000E+02   -1.002149E+00    2.169674E+01    2.455816E-01  
 -1.663000E+03   -1.663000E+02   -9.961585E-01    2.196972E+01    2.486713E-01  
 -1.653000E+03   -1.653000E+02   -9.901684E-01    2.221194E+01    2.514130E-01  
 -1.643000E+03   -1.643000E+02   -9.841782E-01    2.241349E+01    2.536944E-01  
 -1.633000E+03   -1.633000E+02   -9.781881E-01    2.265265E+01    2.564013E-01  
 -1.623000E+03   -1.623000E+02   -9.721980E-01    2.287891E+01    2.589623E-01  
 -1.613000E+03   -1.613000E+02   -9.662078E-01    2.311597E+01    2.616456E-01  
 -1.603000E+03   -1.603000E+02   -9.602177E-01    2.336008E+01    2.644086E-01  
 -1.593000E+03   -1.593000E+02   -9.542276E-01    2.363980E+01    2.675747E-01  
 -1.583000E+03   -1.583000E+02   -9.482375E-01    2.387201E+01    2.702030E-01  
 -1.573000E+03   -1.573000E+02   -9.422473E-01    2.408682E+01    2.726345E-01  
 -1.563000E+03   -1.563000E+02   -9.362572E-01    2.428394E+01    2.748656E-01  
 -1.553000E+03   -1.553000E+02   -9.302671E-01    2.451582E+01    2.774902E-01  
 -1.543000E+03   -1.543000E+02   -9.242769E-01    2.480351E+01    2.807465E-01  
 -1.533000E+03   -1.533000E+02   -9.182868E-01    2.511753E+01    2.843008E-01  
 -1.523000E+03   -1.523000E+02   -9.122967E-01    2.542044E+01    2.877295E-01  
 -1.513000E+03   -1.513000E+02   -9.063065E-01    2.566732E+01    2.905238E-01  
 -1.503000E+03   -1.503000E+02   -9.003164E-01    2.591478E+01    2.933248E-01  
 -1.493000E+03   -1.493000E+02   -8.943263E-01    2.617557E+01    2.962766E-01  
 -1.483000E+03   -1.483000E+02   -8.883362E-01    2.641268E+01    2.989604E-01  
 -1.473000E+03   -1.473000E+02   -8.823460E-01    2.664149E+01    3.015503E-01  
 -1.463000E+03   -1.463000E+02   -8.763559E-01    2.687048E+01    3.041421E-01  
 -1.453000E+03   -1.453000E+02   -8.703658E-01    2.716672E+01    3.074952E-01  
 -1.443000E+03   -1.443000E+02   -8.643756E-01    2.740666E+01    3.102111E-01  
 -1.433000E+03   -1.433000E+02   -8.583855E-01    2.763418E+01    3.127863E-01  
 -1.423000E+03   -1.423000E+02   -8.523954E-01    2.781777E+01    3.148644E-01  
 -1.413000E+03   -1.413000E+02   -8.464053E-01    2.806858E+01    3.177032E-01  
 -1.403000E+03   -1.403000E+02   -8.404151E-01    2.832921E+01    3.206533E-01  
 -1.393000E+03   -1.393000E+02   -8.344250E-01    2.857748E+01    3.234634E-01  
 -1.383000E+03   -1.383000E+02   -8.284349E-01    2.884491E+01    3.264904E-01  
 -1.373000E+03   -1.373000E+02   -8.224447E-01    2.918611E+01    3.303523E-01  
 -1.363000E+03   -1.363000E+02   -8.164546E-01    2.943475E+01    3.331667E-01  
 -1.353000E+03   -1.353000E+02   -8.104645E-01    2.971943E+01    3.363889E-01  
 -1.343000E+03   -1.343000E+02   -8.044744E-01    2.999812E+01    3.395434E-01  
 -1.333000E+03   -1.333000E+02   -7.984842E-01    3.025719E+01    3.424757E-01  
 -1.323000E+03   -1.323000E+02   -7.924941E-01    3.041442E+01    3.442554E-01  
 -1.313000E+03   -1.313000E+02   -7.865040E-01    3.063020E+01    3.466977E-01  
 -1.303000E+03   -1.303000E+02   -7.805138E-01    3.095957E+01    3.504259E-01  
 -1.293000E+03   -1.293000E+02   -7.745237E-01    3.122166E+01    3.533924E-01  
 -1.283000E+03   -1.283000E+02   -7.685336E-01    3.151280E+01    3.566878E-01  
 -1.273000E+03   -1.273000E+02   -7.625434E-01    3.183412E+01    3.603247E-01  
 -1.263000E+03   -1.263000E+02   -7.565533E-01    3.205905E+01    3.628707E-01  
 -1.253000E+03   -1.253000E+02   -7.505632E-01    3.229448E+01    3.655355E-01  
 -1.243000E+03   -1.243000E+02   -7.445731E-01    3.254716E+01    3.683955E-01  
 -1.233000E+03   -1.233000E+02   -7.385829E-01    3.277575E+01    3.709829E-01  
 -1.223000E+03   -1.223000E+02   -7.325928E-01    3.301583E+01    3.737003E-01  
 -1.213000E+03   -1.213000E+02   -7.266027E-01    3.322892E+01    3.761123E-01  
 -1.203000E+03   -1.203000E+02   -7.206125E-01    3.348063E+01    3.789613E-01  
 -1.193000E+03   -1.193000E+02   -7.146224E-01    3.371248E+01    3.815856E-01  
 -1.183000E+03   -1.183000E+02   -7.086323E-01    3.391591E+01    3.838882E-01  
 -1.173000E+03   -1.173000E+02   -7.026422E-01    3.410759E+01    3.860578E-01  
 -1.163000E+03   -1.163000E+02   -6.966520E-01    3.427999E+01    3.880091E-01  
 -1.153000E+03   -1.153000E+02   -6.906619E-01    3.458986E+01    3.915164E-01  
 -1.143000E+03   -1.143000E+02   -6.846718E-01    3.484476E+01    3.944017E-01  
 -1.133000E+03   -1.133000E+02   -6.786816E-01    3.501235E+01    3.962986E-01  
 -1.123000E+03   -1.123000E+02   -6.726915E-01    3.522754E+01    3.987343E-01  
 -1.113000E+03   -1.113000E+02   -6.667014E-01    3.549683E+01    4.017823E-01  
 -1.103000E+03   -1.103000E+02   -6.607113E-01    3.581269E+01    4.053574E-01  
 -1.093000E+03   -1.093000E+02   -6.547211E-01    3.607312E+01    4.083053E-01  
 -1.083000E+03   -1.083000E+02   -6.487310E-01    3.631134E+01    4.110016E-01  
 -1.073000E+03   -1.073000E+02   -6.427409E-01    3.658242E+01    4.140699E-01  
 -1.063000E+03   -1.063000E+02   -6.367507E-01    3.685030E+01    4.171020E-01  
 -1.053000E+03   -1.053000E+02   -6.307606E-01    3.707218E+01    4.196134E-01  
 -1.043000E+03   -1.043000E+02   -6.247705E-01    3.722886E+01    4.213868E-01  
 -1.033000E+03   -1.033000E+02   -6.187803E-01    3.742659E+01    4.236249E-01  
 -1.023000E+03   -1.023000E+02   -6.127902E-01    3.766167E+01    4.262857E-01  
 -1.013000E+03   -1.013000E+02   -6.068001E-01    3.792135E+01    4.292250E-01  
 -1.003000E+03   -1.003000E+02   -6.008100E-01    3.818323E+01    4.321892E-01  
 -9.930000E+02   -9.930000E+01   -5.948198E-01    3.840447E+01    4.346934E-01  
 -9.830000E+02   -9.830000E+01   -5.888297E-01    3.860217E+01    4.369311E-01  
 -9.730000E+02   -9.730000E+01   -5.828396E-01    3.876802E+01    4.388084E-01  
 -9.630000E+02   -9.630000E+01   -5.768494E-01    3.896120E+01    4.409949E-01  
 -9.530000E+02   -9.530000E+01   -5.708593E-01    3.925174E+01    4.442835E-01  
 -9.430000E+02   -9.430000E+01   -5.648692E-01    3.948315E+01    4.469027E-01  
 -9.330000E+02   -9.330000E+01   -5.588791E-01    3.969463E+01    4.492964E-01  
 -9.230000E+02   -9.230000E+01   -5.528889E-01    3.991741E+01    4.518181E-01  
 -9.130000E+02   -9.130000E+01   -5.468988E-01    4.020718E+01    4.550979E-01  
 -9.030000E+02   -9.030000E+01   -5.409087E-01    4.050386E+01    4.584560E-01  
 -8.930000E+02   -8.930000E+01   -5.349185E-01    4.076391E+01    4.613995E-01  
 -8.830000E+02   -8.830000E+01   -5.289284E-01    4.090013E+01    4.629413E-01  
 -8.730000E+02   -8.730000E+01   -5.229383E-01    4.114255E+01    4.656852E-01  
 -8.630000E+02   -8.630000E+01   -5.169482E-01    4.144868E+01    4.691503E-01  
 -8.530000E+02   -8.530000E+01   -5.109580E-01    4.170378E+01    4.720377E-01  
 -8.430000E+02   -8.430000E+01   -5.049679E-01    4.189672E+01    4.742215E-01  
 -8.330000E+02   -8.330000E+01   -4.989778E-01    4.211531E+01    4.766958E-01  
 -8.230000E+02   -8.230000E+01   -4.929876E-01    4.233838E+01    4.792206E-01  
 -8.130000E+02   -8.130000E+01   -4.869975E-01    4.245153E+01    4.805013E-01  
 -8.030000E+02   -8.030000E+01   -4.810074E-01    4.259697E+01    4.821475E-01  
 -7.930000E+02   -7.930000E+01   -4.750172E-01    4.285855E+01    4.851083E-01  
 -7.830000E+02   -7.830000E+01   -4.690271E-01    4.308277E+01    4.876462E-01  
 -7.730000E+02   -7.730000E+01   -4.630370E-01    4.328192E+01    4.899004E-01  
 -7.630000E+02   -7.630000E+01   -4.570469E-01    4.346040E+01    4.919206E-01  
 -7.530000E+02   -7.530000E+01   -4.510567E-01    4.368600E+01    4.944741E-01  
 -7.430000E+02   -7.430000E+01   -4.450666E-01    4.397798E+01    4.977789E-01  
 -7.330000E+02   -7.330000E+01   -4.390765E-01    4.418917E+01    5.001693E-01  
 -7.230000E+02   -7.230000E+01   -4.330863E-01    4.440920E+01    5.026598E-01  
 -7.130000E+02   -7.130000E+01   -4.270962E-01    4.459107E+01    5.047184E-01  
 -7.030000E+02   -7.030000E+01   -4.211061E-01    4.472652E+01    5.062515E-01  
 -6.930000E+02   -6.930000E+01   -4.151160E-01    4.491607E+01    5.083970E-01  
 -6.830000E+02   -6.830000E+01   -4.091258E-01    4.518636E+01    5.114563E-01  
 -6.730000E+02   -6.730000E+01   -4.031357E-01    4.534521E+01    5.132543E-01  
 -6.630000E+02   -6.630000E+01   -3.971456E-01    4.550116E+01    5.150195E-01  
 -6.530000E+02   -6.530000E+01   -3.911554E-01    4.573638E+01    5.176819E-01  
 -6.430000E+02   -6.430000E+01   -3.851653E-01    4.592472E+01    5.198138E-01  
 -6.330000E+02   -6.330000E+01   -3.791752E-01    4.609889E+01    5.217852E-01  
 -6.230000E+02   -6.230000E+01   -3.731850E-01    4.624892E+01    5.234833E-01  
 -6.130000E+02   -6.130000E+01   -3.671949E-01    4.639799E+01    5.251706E-01  
 -6.030000E+02   -6.030000E+01   -3.612048E-01    4.659371E+01    5.273860E-01  
 -5.930000E+02   -5.930000E+01   -3.552147E-01    4.677196E+01    5.294035E-01  
 -5.830000E+02   -5.830000E+01   -3.492245E-01    4.695984E+01    5.315301E-01  
 -5.730000E+02   -5.730000E+01   -3.432344E-01    4.720737E+01    5.343318E-01  
 -5.630000E+02   -5.630000E+01   -3.372443E-01    4.737502E+01    5.362294E-01  
 -5.530000E+02   -5.530000E+01   -3.312541E-01    4.759614E+01    5.387323E-01  
 -5.430000E+02   -5.430000E+01   -3.252640E-01    4.783525E+01    5.414386E-01  
 -5.330000E+02   -5.330000E+01   -3.192739E-01    4.804442E+01    5.438062E-01  
 -5.230000E+02   -5.230000E+01   -3.132838E-01    4.819759E+01    5.455399E-01  
 -5.130000E+02   -5.130000E+01   -3.072936E-01    4.835324E+01    5.473017E-01  
 -5.030000E+02   -5.030000E+01   -3.013035E-01    4.850497E+01    5.490191E-01  
 -4.930000E+02   -4.930000E+01   -2.953134E-01    4.873722E+01    5.516480E-01  
 -4.830000E+02   -4.830000E+01   -2.893232E-01    4.900046E+01    5.546275E-01  
 -4.730000E+02   -4.730000E+01   -2.833331E-01    4.915780E+01    5.564084E-01  
 -4.630000E+02   -4.630000E+01   -2.773430E-01    4.927815E+01    5.577706E-01  
 -4.530000E+02   -4.530000E+01   -2.713529E-01    4.943973E+01    5.595995E-01  
 -4.430000E+02   -4.430000E+01   -2.653627E-01    4.964266E+01    5.618964E-01  
 -4.330000E+02   -4.330000E+01   -2.593726E-01    4.972202E+01    5.627947E-01  
 -4.230000E+02   -4.230000E+01   -2.533825E-01    4.990318E+01    5.648452E-01  
 -4.130000E+02   -4.130000E+01   -2.473923E-01    5.006059E+01    5.666269E-01  
 -4.030000E+02   -4.030000E+01   -2.414022E-01    5.017852E+01    5.679618E-01  
 -3.930000E+02   -3.930000E+01   -2.354121E-01    5.037267E+01    5.701592E-01  
 -3.830000E+02   -3.830000E+01   -2.294219E-01    5.052492E+01    5.718825E-01  
 -3.730000E+02   -3.730000E+01   -2.234318E-01    5.066727E+01    5.734938E-01  
 -3.630000E+02   -3.630000E+01   -2.174417E-01    5.091248E+01    5.762693E-01  
 -3.530000E+02   -3.530000E+01   -2.114516E-01    5.112667E+01    5.786936E-01  
 -3.430000E+02   -3.430000E+01   -2.054614E-01    5.128974E+01    5.805394E-01  
 -3.330000E+02   -3.330000E+01   -1.994713E-01    5.153442E+01    5.833090E-01  
 -3.230000E+02   -3.230000E+01   -1.934812E-01    5.169289E+01    5.851026E-01  
 -3.130000E+02   -3.130000E+01   -1.874910E-01    5.179776E+01    5.862897E-01  
 -3.030000E+02   -3.030000E+01   -1.815009E-01    5.188971E+01    5.873304E-01  
 -2.930000E+02   -2.930000E+01   -1.755108E-01    5.197421E+01    5.882868E-01  
 -2.830000E+02   -2.830000E+01   -1.695207E-01    5.214075E+01    5.901719E-01  
 -2.730000E+02   -2.730000E+01   -1.635305E-01    5.223983E+01    5.912933E-01  
 -2.630000E+02   -2.630000E+01   -1.575404E-01    5.239276E+01    5.930243E-01  
 -2.530000E+02   -2.530000E+01   -1.515503E-01    5.247984E+01    5.940100E-01  
 -2.430000E+02   -2.430000E+01   -1.455601E-01    5.258576E+01    5.952089E-01  
 -2.330000E+02   -2.330000E+01   -1.395700E-01    5.276526E+01    5.972406E-01  
 -2.230000E+02   -2.230000E+01   -1.335799E-01    5.291781E+01    5.989673E-01  
 -2.130000E+02   -2.130000E+01   -1.275898E-01    5.301106E+01    6.000227E-01  
 -2.030000E+02   -2.030000E+01   -1.215996E-01    5.310894E+01    6.011306E-01  
 -1.930000E+02   -1.930000E+01   -1.156095E-01    5.320489E+01    6.022166E-01  
 -1.830000E+02   -1.830000E+01   -1.096194E-01    5.334784E+01    6.038347E-01  
 -1.730000E+02   -1.730000E+01   -1.036292E-01    5.344819E+01    6.049706E-01  
 -1.630000E+02   -1.630000E+01   -9.763911E-02    5.357064E+01    6.063566E-01  
 -1.530000E+02   -1.530000E+01   -9.164898E-02    5.376233E+01    6.085262E-01  
 -1.430000E+02   -1.430000E+01   -8.565885E-02    5.388471E+01    6.099115E-01  
 -1.330000E+02   -1.330000E+01   -7.966872E-02    5.402443E+01    6.114929E-01  
 -1.230000E+02   -1.230000E+01   -7.367859E-02    5.417907E+01    6.132432E-01  
 -1.130000E+02   -1.130000E+01   -6.768846E-02    5.432413E+01    6.148852E-01  
 -1.030000E+02   -1.030000E+01   -6.169833E-02    5.446504E+01    6.164801E-01  
 -9.300000E+01   -9.300000E+00   -5.570820E-02    5.459536E+01    6.179552E-01  
 -8.300000E+01   -8.300000E+00   -4.971807E-02    5.466442E+01    6.187369E-01  
 -7.300000E+01   -7.300000E+00   -4.372794E-02    5.481659E+01    6.204592E-01  
 -6.300000E+01   -6.300000E+00   -3.773781E-02    5.494830E+01    6.219501E-01  
 -5.300000E+01   -5.300000E+00   -3.174768E-02    5.498873E+01    6.224076E-01  
 -4.300000E+01   -4.300000E+00   -2.575756E-02    5.509814E+01    6.236460E-01  
 -3.300000E+01   -3.300000E+00   -1.976743E-02    5.520997E+01    6.249118E-01  
 -2.300000E+01   -2.300000E+00   -1.377730E-02    5.529453E+01    6.258689E-01  
 -1.300000E+01   -1.300000E+00   -7.787168E-03    5.542297E+01    6.273228E-01  
 -3.000000E+00   -3.000000E-01   -1.797039E-03    5.548433E+01    6.280173E-01  
  7.000000E+00    7.000000E-01    4.193090E-03    5.547865E+01    6.279529E-01  
  1.700000E+01    1.700000E+00    1.018322E-02    5.538000E+01    6.268363E-01  
  2.700000E+01    2.700000E+00    1.617335E-02    5.526960E+01    6.255867E-01  
  3.700000E+01    3.700000E+00    2.216348E-02    5.518102E+01    6.245842E-01  
  4.700000E+01    4.700000E+00    2.815361E-02    5.505637E+01    6.231733E-01  
  5.700000E+01    5.700000E+00    3.414374E-02    5.498058E+01    6.223154E-01  
  6.700000E+01    6.700000E+00    4.013387E-02    5.491354E+01    6.215566E-01  
  7.700000E+01    7.700000E+00    4.612399E-02    5.477317E+01    6.199678E-01  
  8.700000E+01    8.700000E+00    5.211412E-02    5.463245E+01    6.183750E-01  
  9.700000E+01    9.700000E+00    5.810425E-02    5.456613E+01    6.176243E-01  
  1.070000E+02    1.070000E+01    6.409438E-02    5.442347E+01    6.160096E-01  
  1.170000E+02    1.170000E+01    7.008451E-02    5.428347E+01    6.144250E-01  
  1.270000E+02    1.270000E+01    7.607464E-02    5.412798E+01    6.126650E-01  
  1.370000E+02    1.370000E+01    8.206477E-02    5.398213E+01    6.110142E-01  
  1.470000E+02    1.470000E+01    8.805490E-02    5.385127E+01    6.095329E-01  
  1.570000E+02    1.570000E+01    9.404503E-02    5.370815E+01    6.079130E-01  
  1.670000E+02    1.670000E+01    1.000352E-01    5.351960E+01    6.057789E-01  
  1.770000E+02    1.770000E+01    1.060253E-01    5.342928E+01    6.047566E-01  
  1.870000E+02    1.870000E+01    1.120154E-01    5.330020E+01    6.032955E-01  
  1.970000E+02    1.970000E+01    1.180055E-01    5.317373E+01    6.018640E-01  
  2.070000E+02    2.070000E+01    1.239957E-01    5.308088E+01    6.008130E-01  
  2.170000E+02    2.170000E+01    1.299858E-01    5.298095E+01    5.996819E-01  
  2.270000E+02    2.270000E+01    1.359759E-01    5.288585E+01    5.986056E-01  
  2.370000E+02    2.370000E+01    1.419661E-01    5.270201E+01    5.965247E-01  
  2.470000E+02    2.470000E+01    1.479562E-01    5.255178E+01    5.948242E-01  
  2.570000E+02    2.570000E+01    1.539463E-01    5.245333E+01    5.937099E-01  
  2.670000E+02    2.670000E+01    1.599364E-01    5.235009E+01    5.925414E-01  
  2.770000E+02    2.770000E+01    1.659266E-01    5.221019E+01    5.909578E-01  
  2.870000E+02    2.870000E+01    1.719167E-01    5.209229E+01    5.896233E-01  
  2.970000E+02    2.970000E+01    1.779068E-01    5.193981E+01    5.878975E-01  
  3.070000E+02    3.070000E+01    1.838970E-01    5.186656E+01    5.870684E-01  
  3.170000E+02    3.170000E+01    1.898871E-01    5.176634E+01    5.859340E-01  
  3.270000E+02    3.270000E+01    1.958772E-01    5.165713E+01    5.846978E-01  
  3.370000E+02    3.370000E+01    2.018674E-01    5.146249E+01    5.824948E-01  
  3.470000E+02    3.470000E+01    2.078575E-01    5.123065E+01    5.798706E-01  
  3.570000E+02    3.570000E+01    2.138476E-01    5.107757E+01    5.781380E-01  
  3.670000E+02    3.670000E+01    2.198377E-01    5.083137E+01    5.753512E-01  
  3.770000E+02    3.770000E+01    2.258279E-01    5.061535E+01    5.729061E-01  
  3.870000E+02    3.870000E+01    2.318180E-01    5.048578E+01    5.714396E-01  
  3.970000E+02    3.970000E+01    2.378081E-01    5.031482E+01    5.695045E-01  
  4.070000E+02    4.070000E+01    2.437983E-01    5.013298E+01    5.674463E-01  
  4.170000E+02    4.170000E+01    2.497884E-01    5.002651E+01    5.662412E-01  
  4.270000E+02    4.270000E+01    2.557785E-01    4.983679E+01    5.640938E-01  
  4.370000E+02    4.370000E+01    2.617686E-01    4.970348E+01    5.625849E-01  
  4.470000E+02    4.470000E+01    2.677588E-01    4.958814E+01    5.612794E-01  
  4.570000E+02    4.570000E+01    2.737489E-01    4.938226E+01    5.589490E-01  
  4.670000E+02    4.670000E+01    2.797390E-01    4.924107E+01    5.573509E-01  
  4.770000E+02    4.770000E+01    2.857292E-01    4.912035E+01    5.559845E-01  
  4.870000E+02    4.870000E+01    2.917193E-01    4.893172E+01    5.538494E-01  
  4.970000E+02    4.970000E+01    2.977094E-01    4.865367E+01    5.507022E-01  
  5.070000E+02    5.070000E+01    3.036996E-01    4.845710E+01    5.484773E-01  
  5.170000E+02    5.170000E+01    3.096897E-01    4.830664E+01    5.467742E-01  
  5.270000E+02    5.270000E+01    3.156798E-01    4.815455E+01    5.450528E-01  
  5.370000E+02    5.370000E+01    3.216699E-01    4.798597E+01    5.431446E-01  
  5.470000E+02    5.470000E+01    3.276601E-01    4.776783E+01    5.406755E-01  
  5.570000E+02    5.570000E+01    3.336502E-01    4.752129E+01    5.378851E-01  
  5.670000E+02    5.670000E+01    3.396403E-01    4.732284E+01    5.356388E-01  
  5.770000E+02    5.770000E+01    3.456305E-01    4.714632E+01    5.336409E-01  
  5.870000E+02    5.870000E+01    3.516206E-01    4.688476E+01    5.306803E-01  
  5.970000E+02    5.970000E+01    3.576107E-01    4.673269E+01    5.289590E-01  
  6.070000E+02    6.070000E+01    3.636008E-01    4.652469E+01    5.266047E-01  
  6.170000E+02    6.170000E+01    3.695910E-01    4.635486E+01    5.246824E-01  
  6.270000E+02    6.270000E+01    3.755811E-01    4.620273E+01    5.229604E-01  
  6.370000E+02    6.370000E+01    3.815712E-01    4.605010E+01    5.212328E-01  
  6.470000E+02    6.470000E+01    3.875614E-01    4.587010E+01    5.191955E-01  
  6.570000E+02    6.570000E+01    3.935515E-01    4.567128E+01    5.169451E-01  
  6.670000E+02    6.670000E+01    3.995416E-01    4.543799E+01    5.143046E-01  
  6.770000E+02    6.770000E+01    4.055317E-01    4.531037E+01    5.128601E-01  
  6.870000E+02    6.870000E+01    4.115219E-01    4.511184E+01    5.106129E-01  
  6.970000E+02    6.970000E+01    4.175120E-01    4.484105E+01    5.075478E-01  
  7.070000E+02    7.070000E+01    4.235021E-01    4.469587E+01    5.059046E-01  
  7.170000E+02    7.170000E+01    4.294923E-01    4.453066E+01    5.040346E-01  
  7.270000E+02    7.270000E+01    4.354824E-01    4.435498E+01    5.020461E-01  
  7.370000E+02    7.370000E+01    4.414725E-01    4.411971E+01    4.993832E-01  
  7.470000E+02    7.470000E+01    4.474627E-01    4.390292E+01    4.969294E-01  
  7.570000E+02    7.570000E+01    4.534528E-01    4.360237E+01    4.935274E-01  
  7.670000E+02    7.670000E+01    4.594429E-01    4.340808E+01    4.913283E-01  
  7.770000E+02    7.770000E+01    4.654330E-01    4.322704E+01    4.892792E-01  
  7.870000E+02    7.870000E+01    4.714232E-01    4.301392E+01    4.868669E-01  
  7.970000E+02    7.970000E+01    4.774133E-01    4.278689E+01    4.842972E-01  
  8.070000E+02    8.070000E+01    4.834034E-01    4.253028E+01    4.813927E-01  
  8.170000E+02    8.170000E+01    4.893936E-01    4.243014E+01    4.802592E-01  
  8.270000E+02    8.270000E+01    4.953837E-01    4.227730E+01    4.785293E-01  
  8.370000E+02    8.370000E+01    5.013738E-01    4.204587E+01    4.759097E-01  
  8.470000E+02    8.470000E+01    5.073639E-01    4.184225E+01    4.736049E-01  
  8.570000E+02    8.570000E+01    5.133541E-01    4.163162E+01    4.712209E-01  
  8.670000E+02    8.670000E+01    5.193442E-01    4.136055E+01    4.681527E-01  
  8.770000E+02    8.770000E+01    5.253343E-01    4.105710E+01    4.647180E-01  
  8.870000E+02    8.870000E+01    5.313245E-01    4.085638E+01    4.624461E-01  
  8.970000E+02    8.970000E+01    5.373146E-01    4.070163E+01    4.606945E-01  
  9.070000E+02    9.070000E+01    5.433047E-01    4.041364E+01    4.574348E-01  
  9.170000E+02    9.170000E+01    5.492948E-01    4.011689E+01    4.540760E-01  
  9.270000E+02    9.270000E+01    5.552850E-01    3.984725E+01    4.510239E-01  
  9.370000E+02    9.370000E+01    5.612751E-01    3.962451E+01    4.485028E-01  
  9.470000E+02    9.470000E+01    5.672652E-01    3.942715E+01    4.462689E-01  
  9.570000E+02    9.570000E+01    5.732554E-01    3.916223E+01    4.432703E-01  
  9.670000E+02    9.670000E+01    5.792455E-01    3.888871E+01    4.401744E-01  
  9.770000E+02    9.770000E+01    5.852356E-01    3.872577E+01    4.383301E-01  
  9.870000E+02    9.870000E+01    5.912258E-01    3.854006E+01    4.362281E-01  
  9.970000E+02    9.970000E+01    5.972159E-01    3.834651E+01    4.340373E-01  
  1.007000E+03    1.007000E+02    6.032060E-01    3.810395E+01    4.312918E-01  
  1.017000E+03    1.017000E+02    6.091961E-01    3.784551E+01    4.283666E-01  
  1.027000E+03    1.027000E+02    6.151863E-01    3.758330E+01    4.253987E-01  
  1.037000E+03    1.037000E+02    6.211764E-01    3.736896E+01    4.229726E-01  
  1.047000E+03    1.047000E+02    6.271665E-01    3.717254E+01    4.207494E-01  
  1.057000E+03    1.057000E+02    6.331567E-01    3.702057E+01    4.190292E-01  
  1.067000E+03    1.067000E+02    6.391468E-01    3.677289E+01    4.162258E-01  
  1.077000E+03    1.077000E+02    6.451369E-01    3.649529E+01    4.130837E-01  
  1.087000E+03    1.087000E+02    6.511270E-01    3.623867E+01    4.101791E-01  
  1.097000E+03    1.097000E+02    6.571172E-01    3.600244E+01    4.075052E-01  
  1.107000E+03    1.107000E+02    6.631073E-01    3.572178E+01    4.043285E-01  
  1.117000E+03    1.117000E+02    6.690974E-01    3.540090E+01    4.006965E-01  
  1.127000E+03    1.127000E+02    6.750876E-01    3.516653E+01    3.980437E-01  
  1.137000E+03    1.137000E+02    6.810777E-01    3.495541E+01    3.956541E-01  
  1.147000E+03    1.147000E+02    6.870678E-01    3.478509E+01    3.937262E-01  
  1.157000E+03    1.157000E+02    6.930579E-01    3.448906E+01    3.903756E-01  
  1.167000E+03    1.167000E+02    6.990481E-01    3.421918E+01    3.873208E-01  
  1.177000E+03    1.177000E+02    7.050382E-01    3.405486E+01    3.854609E-01  
  1.187000E+03    1.187000E+02    7.110283E-01    3.385430E+01    3.831908E-01  
  1.197000E+03    1.197000E+02    7.170185E-01    3.364780E+01    3.808535E-01  
  1.207000E+03    1.207000E+02    7.230086E-01    3.340602E+01    3.781169E-01  
  1.217000E+03    1.217000E+02    7.289987E-01    3.315829E+01    3.753128E-01  
  1.227000E+03    1.227000E+02    7.349889E-01    3.295252E+01    3.729837E-01  
  1.237000E+03    1.237000E+02    7.409790E-01    3.269881E+01    3.701120E-01  
  1.247000E+03    1.247000E+02    7.469691E-01    3.248117E+01    3.676486E-01  
  1.257000E+03    1.257000E+02    7.529592E-01    3.221264E+01    3.646091E-01  
  1.267000E+03    1.267000E+02    7.589494E-01    3.200203E+01    3.622253E-01  
  1.277000E+03    1.277000E+02    7.649395E-01    3.174297E+01    3.592930E-01  
  1.287000E+03    1.287000E+02    7.709296E-01    3.141739E+01    3.556079E-01  
  1.297000E+03    1.297000E+02    7.769198E-01    3.114725E+01    3.525501E-01  
  1.307000E+03    1.307000E+02    7.829099E-01    3.086197E+01    3.493212E-01  
  1.317000E+03    1.317000E+02    7.889000E-01    3.055067E+01    3.457976E-01  
  1.327000E+03    1.327000E+02    7.948901E-01    3.036679E+01    3.437163E-01  
  1.337000E+03    1.337000E+02    8.008803E-01    3.019737E+01    3.417987E-01  
  1.347000E+03    1.347000E+02    8.068704E-01    2.990561E+01    3.384962E-01  
  1.357000E+03    1.357000E+02    8.128605E-01    2.963731E+01    3.354594E-01  
  1.367000E+03    1.367000E+02    8.188507E-01    2.935929E+01    3.323126E-01  
  1.377000E+03    1.377000E+02    8.248408E-01    2.909384E+01    3.293080E-01  
  1.387000E+03    1.387000E+02    8.308309E-01    2.874912E+01    3.254061E-01  
  1.397000E+03    1.397000E+02    8.368211E-01    2.850681E+01    3.226635E-01  
  1.407000E+03    1.407000E+02    8.428112E-01    2.825313E+01    3.197921E-01  
  1.417000E+03    1.417000E+02    8.488013E-01    2.798608E+01    3.167694E-01  
  1.427000E+03    1.427000E+02    8.547914E-01    2.776223E+01    3.142358E-01  
  1.437000E+03    1.437000E+02    8.607816E-01    2.756976E+01    3.120572E-01  
  1.447000E+03    1.447000E+02    8.667717E-01    2.733706E+01    3.094233E-01  
  1.457000E+03    1.457000E+02    8.727618E-01    2.707969E+01    3.065102E-01  
  1.467000E+03    1.467000E+02    8.787520E-01    2.679597E+01    3.032988E-01  
  1.477000E+03    1.477000E+02    8.847421E-01    2.657270E+01    3.007717E-01  
  1.487000E+03    1.487000E+02    8.907322E-01    2.634756E+01    2.982233E-01  
  1.497000E+03    1.497000E+02    8.967223E-01    2.609214E+01    2.953323E-01  
  1.507000E+03    1.507000E+02    9.027125E-01    2.584315E+01    2.925141E-01  
  1.517000E+03    1.517000E+02    9.087026E-01    2.559349E+01    2.896882E-01  
  1.527000E+03    1.527000E+02    9.146927E-01    2.533746E+01    2.867902E-01  
  1.537000E+03    1.537000E+02    9.206829E-01    2.501963E+01    2.831927E-01  
  1.547000E+03    1.547000E+02    9.266730E-01    2.471498E+01    2.797445E-01  
  1.557000E+03    1.557000E+02    9.326631E-01    2.443963E+01    2.766278E-01  
  1.567000E+03    1.567000E+02    9.386532E-01    2.422276E+01    2.741731E-01  
  1.577000E+03    1.577000E+02    9.446434E-01    2.402421E+01    2.719258E-01  
  1.587000E+03    1.587000E+02    9.506335E-01    2.380995E+01    2.695006E-01  
  1.597000E+03    1.597000E+02    9.566236E-01    2.355317E+01    2.665942E-01  
  1.607000E+03    1.607000E+02    9.626138E-01    2.328519E+01    2.635609E-01  
  1.617000E+03    1.617000E+02    9.686039E-01    2.304317E+01    2.608215E-01  
  1.627000E+03    1.627000E+02    9.745940E-01    2.281358E+01    2.582229E-01  
  1.637000E+03    1.637000E+02    9.805842E-01    2.257720E+01    2.555473E-01  
  1.647000E+03    1.647000E+02    9.865743E-01    2.235310E+01    2.530108E-01  
  1.657000E+03    1.657000E+02    9.925644E-01    2.214321E+01    2.506350E-01  
  1.667000E+03    1.667000E+02    9.985545E-01    2.189171E+01    2.477883E-01  
  1.677000E+03    1.677000E+02    1.004545E+00    2.160673E+01    2.445627E-01  
  1.687000E+03    1.687000E+02    1.010535E+00    2.128880E+01    2.409641E-01  
  1.697000E+03    1.697000E+02    1.016525E+00    2.101344E+01    2.378474E-01  
  1.707000E+03    1.707000E+02    1.022515E+00    2.080514E+01    2.354897E-01  
  1.717000E+03    1.717000E+02    1.028505E+00    2.052520E+01    2.323211E-01  
  1.727000E+03    1.727000E+02    1.034495E+00    2.030383E+01    2.298155E-01  
  1.737000E+03    1.737000E+02    1.040485E+00    2.004991E+01    2.269414E-01  
  1.747000E+03    1.747000E+02    1.046476E+00    1.986166E+01    2.248106E-01  
  1.757000E+03    1.757000E+02    1.052466E+00    1.963820E+01    2.222813E-01  
  1.767000E+03    1.767000E+02    1.058456E+00    1.940107E+01    2.195973E-01  
  1.777000E+03    1.777000E+02    1.064446E+00    1.917286E+01    2.170142E-01  
  1.787000E+03    1.787000E+02    1.070436E+00    1.899064E+01    2.149517E-01  
  1.797000E+03    1.797000E+02    1.076426E+00    1.874015E+01    2.121164E-01  
  1.807000E+03    1.807000E+02    1.082416E+00    1.846273E+01    2.089763E-01  
  1.817000E+03    1.817000E+02    1.088406E+00    1.825357E+01    2.066089E-01  
  1.827000E+03    1.827000E+02    1.094397E+00    1.802344E+01    2.040042E-01  
  1.837000E+03    1.837000E+02    1.100387E+00    1.777972E+01    2.012455E-01  
  1.847000E+03    1.847000E+02    1.106377E+00    1.751283E+01    1.982246E-01  
  1.857000E+03    1.857000E+02    1.112367E+00    1.728078E+01    1.955981E-01  
  1.867000E+03    1.867000E+02    1.118357E+00    1.705377E+01    1.930286E-01  
  1.877000E+03    1.877000E+02    1.124347E+00    1.680863E+01    1.902538E-01  
  1.887000E+03    1.887000E+02    1.130337E+00    1.662058E+01    1.881254E-01  
  1.897000E+03    1.897000E+02    1.136328E+00    1.634041E+01    1.849542E-01  
  1.907000E+03    1.907000E+02    1.142318E+00    1.602610E+01    1.813965E-01  
  1.917000E+03    1.917000E+02    1.148308E+00    1.580362E+01    1.788784E-01  
  1.927000E+03    1.927000E+02    1.154298E+00    1.560421E+01    1.766212E-01  
  1.937000E+03    1.937000E+02    1.160288E+00    1.540875E+01    1.744089E-01  
  1.947000E+03    1.947000E+02    1.166278E+00    1.525350E+01    1.726516E-01  
  1.957000E+03    1.957000E+02    1.172268E+00    1.506000E+01    1.704614E-01  
  1.967000E+03    1.967000E+02    1.178258E+00    1.483252E+01    1.678866E-01  
  1.977000E+03    1.977000E+02    1.184249E+00    1.463153E+01    1.656116E-01  
  1.987000E+03    1.987000E+02    1.190239E+00    1.442017E+01    1.632194E-01  
  1.997000E+03    1.997000E+02    1.196229E+00    1.423291E+01    1.610998E-01  
  2.007000E+03    2.007000E+02    1.202219E+00    1.402327E+01    1.587268E-01  
  2.017000E+03    2.017000E+02    1.208209E+00    1.381513E+01    1.563710E-01  
  2.027000E+03    2.027000E+02    1.214199E+00    1.360924E+01    1.540406E-01  
  2.037000E+03    2.037000E+02    1.220189E+00    1.344437E+01    1.521744E-01  
  2.047000E+03    2.047000E+02    1.226179E+00    1.324680E+01    1.499382E-01  
  2.057000E+03    2.057000E+02    1.232170E+00    1.300348E+01    1.471841E-01  
  2.067000E+03    2.067000E+02    1.238160E+00    1.279705E+01    1.448475E-01  
  2.077000E+03    2.077000E+02    1.244150E+00    1.258855E+01    1.424876E-01  
  2.087000E+03    2.087000E+02    1.250140E+00    1.236260E+01    1.399301E-01  
  2.097000E+03    2.097000E+02    1.256130E+00    1.210686E+01    1.370353E-01  
  2.107000E+03    2.107000E+02    1.262120E+00    1.191273E+01    1.348381E-01  
  2.117000E+03    2.117000E+02    1.268110E+00    1.175546E+01    1.330580E-01  
  2.127000E+03    2.127000E+02    1.274100E+00    1.156810E+01    1.309373E-01  
  2.137000E+03    2.137000E+02    1.280091E+00    1.133326E+01    1.282792E-01  
  2.147000E+03    2.147000E+02    1.286081E+00    1.116738E+01    1.264016E-01  
  2.157000E+03    2.157000E+02    1.292071E+00    1.102082E+01    1.247427E-01  
  2.167000E+03    2.167000E+02    1.298061E+00    1.082247E+01    1.224976E-01  
  2.177000E+03    2.177000E+02    1.304051E+00    1.064329E+01    1.204695E-01  
  2.187000E+03    2.187000E+02    1.310041E+00    1.049043E+01    1.187393E-01  
  2.197000E+03    2.197000E+02    1.316031E+00    1.034034E+01    1.170405E-01  
  2.207000E+03    2.207000E+02    1.322022E+00    1.017952E+01    1.152202E-01  
  2.217000E+03    2.217000E+02    1.328012E+00    1.000660E+01    1.132629E-01  
  2.227000E+03    2.227000E+02    1.334002E+00    9.884901E+00    1.118854E-01  
  2.237000E+03    2.237000E+02    1.339992E+00    9.757487E+00    1.104433E-01  
  2.247000E+03    2.247000E+02    1.345982E+00    9.594041E+00    1.085932E-01  
  2.257000E+03    2.257000E+02    1.351972E+00    9.446535E+00    1.069237E-01  
  2.267000E+03    2.267000E+02    1.357962E+00    9.338861E+00    1.057049E-01  
  2.277000E+03    2.277000E+02    1.363952E+00    9.222600E+00    1.043890E-01  
  2.287000E+03    2.287000E+02    1.369943E+00    9.067000E+00    1.026278E-01  
  2.297000E+03    2.297000E+02    1.375933E+00    8.890295E+00    1.006277E-01  
  2.307000E+03    2.307000E+02    1.381923E+00    8.756633E+00    9.911477E-02  
  2.317000E+03    2.317000E+02    1.387913E+00    8.582540E+00    9.714424E-02  
  2.327000E+03    2.327000E+02    1.393903E+00    8.404098E+00    9.512449E-02  
  2.337000E+03    2.337000E+02    1.399893E+00    8.228011E+00    9.313139E-02  
  2.347000E+03    2.347000E+02    1.405883E+00    8.080964E+00    9.146700E-02  
  2.357000E+03    2.357000E+02    1.411873E+00    7.941600E+00    8.988956E-02  
  2.367000E+03    2.367000E+02    1.417864E+00    7.725252E+00    8.744076E-02  
  2.377000E+03    2.377000E+02    1.423854E+00    7.561258E+00    8.558453E-02  
  2.387000E+03    2.387000E+02    1.429844E+00    7.461742E+00    8.445813E-02  
  2.397000E+03    2.397000E+02    1.435834E+00    7.347472E+00    8.316473E-02  
  2.407000E+03    2.407000E+02    1.441824E+00    7.213049E+00    8.164321E-02  
  2.417000E+03    2.417000E+02    1.447814E+00    7.087032E+00    8.021685E-02  
  2.427000E+03    2.427000E+02    1.453804E+00    6.984441E+00    7.905565E-02  
  2.437000E+03    2.437000E+02    1.459794E+00    6.819918E+00    7.719344E-02  
  2.447000E+03    2.447000E+02    1.465785E+00    6.683891E+00    7.565378E-02  
  2.457000E+03    2.457000E+02    1.471775E+00    6.608111E+00    7.479603E-02  
  2.467000E+03    2.467000E+02    1.477765E+00    6.537260E+00    7.399408E-02  
  2.477000E+03    2.477000E+02    1.483755E+00    6.498290E+00    7.355299E-02  
  2.487000E+03    2.487000E+02    1.489745E+00    6.458659E+00    7.310441E-02  
  2.497000E+03    2.497000E+02    1.495735E+00    6.372226E+00    7.212609E-02  
  2.507000E+03    2.507000E+02    1.501725E+00    6.274282E+00    7.101748E-02  
  2.517000E+03    2.517000E+02    1.507716E+00    6.183902E+00    6.999449E-02  
  2.527000E+03    2.527000E+02    1.513706E+00    6.028894E+00    6.823998E-02  
  2.537000E+03    2.537000E+02    1.519696E+00    5.872995E+00    6.647538E-02  
  2.547000E+03    2.547000E+02    1.525686E+00    5.768902E+00    6.529718E-02  
  2.557000E+03    2.557000E+02    1.531676E+00    5.617774E+00    6.358659E-02  
  2.567000E+03    2.567000E+02    1.537666E+00    5.469501E+00    6.190831E-02  
  2.577000E+03    2.577000E+02    1.543656E+00    5.358011E+00    6.064637E-02  
  2.587000E+03    2.587000E+02    1.549646E+00    5.281694E+00    5.978255E-02  
  2.597000E+03    2.597000E+02    1.555637E+00    5.190575E+00    5.875119E-02  
  2.607000E+03    2.607000E+02    1.561627E+00    5.093776E+00    5.765554E-02  
  2.617000E+03    2.617000E+02    1.567617E+00    5.006201E+00    5.666429E-02  
  2.627000E+03    2.627000E+02    1.573607E+00    4.932798E+00    5.583347E-02  
  2.637000E+03    2.637000E+02    1.579597E+00    4.848667E+00    5.488120E-02  
  2.647000E+03    2.647000E+02    1.585587E+00    4.745792E+00    5.371677E-02  
  2.657000E+03    2.657000E+02    1.591577E+00    4.655363E+00    5.269322E-02  
  2.667000E+03    2.667000E+02    1.597567E+00    4.530430E+00    5.127914E-02  
  2.677000E+03    2.677000E+02    1.603558E+00    4.414730E+00    4.996955E-02  
  2.687000E+03    2.687000E+02    1.609548E+00    4.309357E+00    4.877684E-02  
  2.697000E+03    2.697000E+02    1.615538E+00    4.205722E+00    4.760382E-02  
  2.707000E+03    2.707000E+02    1.621528E+00    4.142306E+00    4.688602E-02  
  2.717000E+03    2.717000E+02    1.627518E+00    4.076804E+00    4.614462E-02  
  2.727000E+03    2.727000E+02    1.633508E+00    4.004358E+00    4.532462E-02  
  2.737000E+03    2.737000E+02    1.639498E+00    3.939382E+00    4.458917E-02  
  2.747000E+03    2.747000E+02    1.645488E+00    3.869952E+00    4.380330E-02  
  2.757000E+03    2.757000E+02    1.651479E+00    3.808093E+00    4.310312E-02  
  2.767000E+03    2.767000E+02    1.657469E+00    3.714996E+00    4.204938E-02  
  2.777000E+03    2.777000E+02    1.663459E+00    3.642306E+00    4.122661E-02  
  2.787000E+03    2.787000E+02    1.669449E+00    3.604363E+00    4.079715E-02  
  2.797000E+03    2.797000E+02    1.675439E+00    3.537454E+00    4.003981E-02  
  2.807000E+03    2.807000E+02    1.681429E+00    3.449783E+00    3.904748E-02  
  2.817000E+03    2.817000E+02    1.687419E+00    3.357191E+00    3.799945E-02  
  2.827000E+03    2.827000E+02    1.693410E+00    3.271683E+00    3.703160E-02  
  2.837000E+03    2.837000E+02    1.699400E+00    3.206692E+00    3.629598E-02  
  2.847000E+03    2.847000E+02    1.705390E+00    3.145736E+00    3.560602E-02  
  2.857000E+03    2.857000E+02    1.711380E+00    3.093966E+00    3.502005E-02  
  2.867000E+03    2.867000E+02    1.717370E+00    3.044433E+00    3.445940E-02  
  2.877000E+03    2.877000E+02    1.723360E+00    3.001608E+00    3.397467E-02  
  2.887000E+03    2.887000E+02    1.729350E+00    2.942887E+00    3.331001E-02  
  2.897000E+03    2.897000E+02    1.735340E+00    2.897814E+00    3.279984E-02  
  2.907000E+03    2.907000E+02    1.741331E+00    2.818566E+00    3.190285E-02  
  2.917000E+03    2.917000E+02    1.747321E+00    2.740571E+00    3.102003E-02  
  2.927000E+03    2.927000E+02    1.753311E+00    2.693548E+00    3.048779E-02  
  2.937000E+03    2.937000E+02    1.759301E+00    2.626126E+00    2.972465E-02  
  2.947000E+03    2.947000E+02    1.765291E+00    2.553254E+00    2.889983E-02  
  2.957000E+03    2.957000E+02    1.771281E+00    2.480894E+00    2.808080E-02  
  2.967000E+03    2.967000E+02    1.777271E+00    2.418500E+00    2.737458E-02  
  2.977000E+03    2.977000E+02    1.783261E+00    2.360075E+00    2.671327E-02  
  2.987000E+03    2.987000E+02    1.789252E+00    2.305796E+00    2.609889E-02  
  2.997000E+03    2.997000E+02    1.795242E+00    2.276720E+00    2.576979E-02  
  3.007000E+03    3.007000E+02    1.801232E+00    2.254428E+00    2.551747E-02  
  3.017000E+03    3.017000E+02    1.807222E+00    2.222363E+00    2.515453E-02  
  3.027000E+03    3.027000E+02    1.813212E+00    2.171264E+00    2.457615E-02  
  3.037000E+03    3.037000E+02    1.819202E+00    2.116540E+00    2.395674E-02  
  3.047000E+03    3.047000E+02    1.825192E+00    2.045491E+00    2.315255E-02  
  3.057000E+03    3.057000E+02    1.831183E+00    1.962530E+00    2.221353E-02  
  3.067000E+03    3.067000E+02    1.837173E+00    1.907134E+00    2.158651E-02  
  3.077000E+03    3.077000E+02    1.843163E+00    1.871588E+00    2.118417E-02  
  3.087000E+03    3.087000E+02    1.849153E+00    1.826533E+00    2.067420E-02  
  3.097000E+03    3.097000E+02    1.855143E+00    1.787935E+00    2.023732E-02  
  3.107000E+03    3.107000E+02    1.861133E+00    1.722783E+00    1.949988E-02  
  3.117000E+03    3.117000E+02    1.867123E+00    1.662748E+00    1.882034E-02  
  3.127000E+03    3.127000E+02    1.873113E+00    1.606586E+00    1.818466E-02  
  3.137000E+03    3.137000E+02    1.879104E+00    1.563651E+00    1.769868E-02  
  3.147000E+03    3.147000E+02    1.885094E+00    1.516627E+00    1.716643E-02  
  3.157000E+03    3.157000E+02    1.891084E+00    1.472676E+00    1.666895E-02  
  3.167000E+03    3.167000E+02    1.897074E+00    1.444034E+00    1.634477E-02  
  3.177000E+03    3.177000E+02    1.903064E+00    1.413414E+00    1.599818E-02  
  3.187000E+03    3.187000E+02    1.909054E+00    1.370308E+00    1.551027E-02  
  3.197000E+03    3.197000E+02    1.915044E+00    1.315260E+00    1.488719E-02  
  3.207000E+03    3.207000E+02    1.921034E+00    1.260580E+00    1.426828E-02  
  3.217000E+03    3.217000E+02    1.927025E+00    1.212733E+00    1.372671E-02  
  3.227000E+03    3.227000E+02    1.933015E+00    1.195683E+00    1.353373E-02  
  3.237000E+03    3.237000E+02    1.939005E+00    1.177979E+00    1.333334E-02  
  3.247000E+03    3.247000E+02    1.944995E+00    1.129066E+00    1.277970E-02  
  3.257000E+03    3.257000E+02    1.950985E+00    1.091708E+00    1.235685E-02  
  3.267000E+03    3.267000E+02    1.956975E+00    1.059818E+00    1.199589E-02  
  3.277000E+03    3.277000E+02    1.962965E+00    1.036985E+00    1.173744E-02  
  3.287000E+03    3.287000E+02    1.968955E+00    1.003583E+00    1.135938E-02  
  3.297000E+03    3.297000E+02    1.974946E+00    9.805077E-01    1.109819E-02  
  3.307000E+03    3.307000E+02    1.980936E+00    9.637489E-01    1.090850E-02  
  3.317000E+03    3.317000E+02    1.986926E+00    9.678472E-01    1.095489E-02  
  3.327000E+03    3.327000E+02    1.992916E+00    9.583114E-01    1.084696E-02  
  3.337000E+03    3.337000E+02    1.998906E+00    9.546883E-01    1.080595E-02  
  3.347000E+03    3.347000E+02    2.004896E+00    9.417126E-01    1.065908E-02  
  3.357000E+03    3.357000E+02    2.010886E+00    9.135115E-01    1.033987E-02  
  3.367000E+03    3.367000E+02    2.016877E+00    8.891266E-01    1.006387E-02  
  3.377000E+03    3.377000E+02    2.022867E+00    8.640357E-01    9.779866E-03  
  3.387000E+03    3.387000E+02    2.028857E+00    8.366877E-01    9.470320E-03  
  3.397000E+03    3.397000E+02    2.034847E+00    8.286625E-01    9.379483E-03  
  3.407000E+03    3.407000E+02    2.040837E+00    8.132599E-01    9.205144E-03  
  3.417000E+03    3.417000E+02    2.046827E+00    7.763375E-01    8.787226E-03  
  3.427000E+03    3.427000E+02    2.052817E+00    7.425094E-01    8.404331E-03  
  3.437000E+03    3.437000E+02    2.058807E+00    7.287291E-01    8.248355E-03  
  3.447000E+03    3.447000E+02    2.064798E+00    7.187193E-01    8.135056E-03  
  3.457000E+03    3.457000E+02    2.070788E+00    7.043954E-01    7.972926E-03  
  3.467000E+03    3.467000E+02    2.076778E+00    6.840281E-01    7.742392E-03  
  3.477000E+03    3.477000E+02    2.082768E+00    6.577194E-01    7.444609E-03  
  3.487000E+03    3.487000E+02    2.088758E+00    6.309635E-01    7.141764E-03  
  3.497000E+03    3.497000E+02    2.094748E+00    6.100722E-01    6.905299E-03  
  3.507000E+03    3.507000E+02    2.100738E+00    5.900374E-01    6.678528E-03  
  3.517000E+03    3.517000E+02    2.106728E+00    5.668270E-01    6.415814E-03  
  3.527000E+03    3.527000E+02    2.112719E+00    5.436177E-01    6.153112E-03  
  3.537000E+03    3.537000E+02    2.118709E+00    5.255877E-01    5.949034E-03  
  3.547000E+03    3.547000E+02    2.124699E+00    5.131538E-01    5.808296E-03  
  3.557000E+03    3.557000E+02    2.130689E+00    5.019346E-01    5.681309E-03  
  3.567000E+03    3.567000E+02    2.136679E+00    4.867542E-01    5.509484E-03  
  3.577000E+03    3.577000E+02    2.142669E+00    4.793888E-01    5.426116E-03  
  3.587000E+03    3.587000E+02    2.148659E+00    4.660927E-01    5.275620E-03  
  3.597000E+03    3.597000E+02    2.154649E+00    4.663899E-01    5.278984E-03  
  3.607000E+03    3.607000E+02    2.160640E+00    4.597191E-01    5.203478E-03  
  3.617000E+03    3.617000E+02    2.166630E+00    4.353786E-01    4.927973E-03  
  3.627000E+03    3.627000E+02    2.172620E+00    4.225654E-01    4.782942E-03  
  3.637000E+03    3.637000E+02    2.178610E+00    4.102016E-01    4.642999E-03  
  3.647000E+03    3.647000E+02    2.184600E+00    3.877621E-01    4.389011E-03  
  3.657000E+03    3.657000E+02    2.190590E+00    3.809694E-01    4.312124E-03  
  3.667000E+03    3.667000E+02    2.196580E+00    3.938753E-01    4.458205E-03  
  3.677000E+03    3.677000E+02    2.202571E+00    3.881448E-01    4.393342E-03  
  3.687000E+03    3.687000E+02    2.208561E+00    3.714219E-01    4.204059E-03  
  3.697000E+03    3.697000E+02    2.214551E+00    3.494704E-01    3.955593E-03  
  3.707000E+03    3.707000E+02    2.220541E+00    3.316123E-01    3.753461E-03  
  3.717000E+03    3.717000E+02    2.226531E+00    3.273584E-01    3.705311E-03  
  3.727000E+03    3.727000E+02    2.232521E+00    3.256375E-01    3.685833E-03  
  3.737000E+03    3.737000E+02    2.238511E+00    3.118044E-01    3.529259E-03  
  3.747000E+03    3.747000E+02    2.244501E+00    2.925019E-01    3.310777E-03  
  3.757000E+03    3.757000E+02    2.250492E+00    2.741942E-01    3.103555E-03  
  3.767000E+03    3.767000E+02    2.256482E+00    2.576625E-01    2.916436E-03  
  3.777000E+03    3.777000E+02    2.262472E+00    2.482137E-01    2.809487E-03  
  3.787000E+03    3.787000E+02    2.268462E+00    2.432861E-01    2.753712E-03  
  3.797000E+03    3.797000E+02    2.274452E+00    2.366922E-01    2.679076E-03  
  3.807000E+03    3.807000E+02    2.280442E+00    2.315732E-01    2.621136E-03  
  3.817000E+03    3.817000E+02    2.286432E+00    2.262767E-01    2.561185E-03  
  3.827000E+03    3.827000E+02    2.292422E+00    2.227853E-01    2.521667E-03  
  3.837000E+03    3.837000E+02    2.298413E+00    2.243606E-01    2.539498E-03  
  3.847000E+03    3.847000E+02    2.304403E+00    2.200805E-01    2.491052E-03  
  3.857000E+03    3.857000E+02    2.310393E+00    2.122279E-01    2.402170E-03  
  3.867000E+03    3.867000E+02    2.316383E+00    2.145038E-01    2.427931E-03  
  3.877000E+03    3.877000E+02    2.322373E+00    2.169680E-01    2.455822E-03  
  3.887000E+03    3.887000E+02    2.328363E+00    2.116045E-01    2.395114E-03  
  3.897000E+03    3.897000E+02    2.334353E+00    2.076180E-01    2.349991E-03  
  3.907000E+03    3.907000E+02    2.340343E+00    1.983611E-01    2.245214E-03  
  3.917000E+03    3.917000E+02    2.346334E+00    1.936270E-01    2.191629E-03  
  3.927000E+03    3.927000E+02    2.352324E+00    1.936978E-01    2.192431E-03  
  3.937000E+03    3.937000E+02    2.358314E+00    1.869575E-01    2.116139E-03  
  3.947000E+03    3.947000E+02    2.364304E+00    1.857882E-01    2.102903E-03  
  3.957000E+03    3.957000E+02    2.370294E+00    1.851522E-01    2.095704E-03  
  3.967000E+03    3.967000E+02    2.376284E+00    1.789153E-01    2.025110E-03  
  3.977000E+03    3.977000E+02    2.382274E+00    1.805781E-01    2.043932E-03  
  3.987000E+03    3.987000E+02    2.388265E+00    1.827482E-01    2.068494E-03  
  3.997000E+03    3.997000E+02    2.394255E+00    1.744127E-01    1.974146E-03  
  4.007000E+03    4.007000E+02    2.400245E+00    1.651107E-01    1.868859E-03  
  4.017000E+03    4.017000E+02    2.406235E+00    1.593994E-01    1.804213E-03  
  4.027000E+03    4.027000E+02    2.412225E+00    1.459181E-01    1.651621E-03  
  4.037000E+03    4.037000E+02    2.418215E+00    1.376478E-01    1.558011E-03  
  4.047000E+03    4.047000E+02    2.424205E+00    1.317625E-01    1.491397E-03  
  4.057000E+03    4.057000E+02    2.430195E+00    1.254693E-01    1.420164E-03  
  4.067000E+03    4.067000E+02    2.436186E+00    1.191749E-01    1.348920E-03  
  4.077000E+03    4.077000E+02    2.442176E+00    1.162425E-01    1.315728E-03  
  4.087000E+03    4.087000E+02    2.448166E+00    1.103037E-01    1.248508E-03  
  4.097000E+03    4.097000E+02    2.454156E+00    1.050994E-01    1.189602E-03  
  4.107000E+03    4.107000E+02    2.460146E+00    1.034167E-01    1.170555E-03  
  4.117000E+03    4.117000E+02    2.466136E+00    9.860198E-02    1.116058E-03  
  4.127000E+03    4.127000E+02    2.472126E+00    9.676952E-02    1.095317E-03  
  4.137000E+03    4.137000E+02    2.478116E+00    9.097457E-02    1.029725E-03  
  4.147000E+03    4.147000E+02    2.484107E+00    8.922088E-02    1.009875E-03  
  4.157000E+03    4.157000E+02    2.490097E+00    8.632178E-02    9.770609E-04  
  4.167000E+03    4.167000E+02    2.496087E+00    8.095240E-02    9.162858E-04  
  4.177000E+03    4.177000E+02    2.502077E+00    7.418891E-02    8.397311E-04  
  4.187000E+03    4.187000E+02    2.508067E+00    6.773806E-02    7.667150E-04  
  4.197000E+03    4.197000E+02    2.514057E+00    6.471503E-02    7.324980E-04  
  4.207000E+03    4.207000E+02    2.520047E+00    5.934222E-02    6.716840E-04  
  4.217000E+03    4.217000E+02    2.526037E+00    5.655988E-02    6.401912E-04  
  4.227000E+03    4.227000E+02    2.532028E+00    5.728903E-02    6.484443E-04  
  4.237000E+03    4.237000E+02    2.538018E+00    5.783405E-02    6.546134E-04  
  4.247000E+03    4.247000E+02    2.544008E+00    5.669458E-02    6.417158E-04  
  4.257000E+03    4.257000E+02    2.549998E+00    5.906765E-02    6.685762E-04  
  4.267000E+03    4.267000E+02    2.555988E+00    5.959193E-02    6.745105E-04  
  4.277000E+03    4.277000E+02    2.561978E+00    5.753771E-02    6.512591E-04  
  4.287000E+03    4.287000E+02    2.567968E+00    5.423006E-02    6.138204E-04  
  4.297000E+03    4.297000E+02    2.573959E+00    5.153516E-02    5.833173E-04  
  4.307000E+03    4.307000E+02    2.579949E+00    4.870528E-02    5.512864E-04  
  4.317000E+03    4.317000E+02    2.585939E+00    4.756862E-02    5.384208E-04  
  4.327000E+03    4.327000E+02    2.591929E+00    4.644403E-02    5.256917E-04  
  4.337000E+03    4.337000E+02    2.597919E+00    4.261543E-02    4.823564E-04  
  4.347000E+03    4.347000E+02    2.603909E+00    4.055695E-02    4.590569E-04  
  4.357000E+03    4.357000E+02    2.609899E+00    3.971130E-02    4.494852E-04  
  4.367000E+03    4.367000E+02    2.615889E+00    3.820073E-02    4.323872E-04  
  4.377000E+03    4.377000E+02    2.621880E+00    4.015112E-02    4.544634E-04  
  4.387000E+03    4.387000E+02    2.627870E+00    4.146999E-02    4.693915E-04  
  4.397000E+03    4.397000E+02    2.633860E+00    4.507902E-02    5.102414E-04  
  4.407000E+03    4.407000E+02    2.639850E+00    4.577754E-02    5.181479E-04  
  4.417000E+03    4.417000E+02    2.645840E+00    4.825338E-02    5.461714E-04  
  4.427000E+03    4.427000E+02    2.651830E+00    4.661023E-02    5.275729E-04  
  4.437000E+03    4.437000E+02    2.657820E+00    4.489107E-02    5.081141E-04  
  4.447000E+03    4.447000E+02    2.663810E+00    4.265803E-02    4.828387E-04  
  4.457000E+03    4.457000E+02    2.669801E+00    4.394193E-02    4.973709E-04  
  4.467000E+03    4.467000E+02    2.675791E+00    4.386029E-02    4.964469E-04  
  4.477000E+03    4.477000E+02    2.681781E+00    4.410594E-02    4.992273E-04  
  4.487000E+03    4.487000E+02    2.687771E+00    3.998587E-02    4.525929E-04  
  4.497000E+03    4.497000E+02    2.693761E+00    3.371307E-02    3.815923E-04  
  4.507000E+03    4.507000E+02    2.699751E+00    3.273317E-02    3.705010E-04  
  4.517000E+03    4.517000E+02    2.705741E+00    3.116874E-02    3.527935E-04  
  4.527000E+03    4.527000E+02    2.711731E+00    2.939635E-02    3.327320E-04  
  4.537000E+03    4.537000E+02    2.717722E+00    2.769691E-02    3.134964E-04  
  4.547000E+03    4.547000E+02    2.723712E+00    2.746908E-02    3.109176E-04  
  4.557000E+03    4.557000E+02    2.729702E+00    2.598797E-02    2.941532E-04  
  4.567000E+03    4.567000E+02    2.735692E+00    2.303859E-02    2.607697E-04  
  4.577000E+03    4.577000E+02    2.741682E+00    2.211582E-02    2.503250E-04  
  4.587000E+03    4.587000E+02    2.747672E+00    2.069341E-02    2.342251E-04  
  4.597000E+03    4.597000E+02    2.753662E+00    2.137015E-02    2.418849E-04  
  4.607000E+03    4.607000E+02    2.759653E+00    2.211335E-02    2.502971E-04  
  4.617000E+03    4.617000E+02    2.765643E+00    2.119720E-02    2.399273E-04  
  4.627000E+03    4.627000E+02    2.771633E+00    1.948348E-02    2.205301E-04  
  4.637000E+03    4.637000E+02    2.777623E+00    1.776312E-02    2.010576E-04  
  4.647000E+03    4.647000E+02    2.783613E+00    1.660645E-02    1.879655E-04  
  4.657000E+03    4.657000E+02    2.789603E+00    1.510030E-02    1.709176E-04  
  4.667000E+03    4.667000E+02    2.795593E+00    1.307530E-02    1.479970E-04  
  4.677000E+03    4.677000E+02    2.801583E+00    1.147939E-02    1.299331E-04  
  4.687000E+03    4.687000E+02    2.807574E+00    1.018694E-02    1.153041E-04  
  4.697000E+03    4.697000E+02    2.813564E+00    1.009195E-02    1.142290E-04  
  4.707000E+03    4.707000E+02    2.819554E+00    9.578848E-03    1.084213E-04  
  4.717000E+03    4.717000E+02    2.825544E+00    7.835457E-03    8.868815E-05  
  4.727000E+03    4.727000E+02    2.831534E+00    7.533813E-03    8.527389E-05  
  4.737000E+03    4.737000E+02    2.837524E+00    9.146376E-03    1.035262E-04  
  4.747000E+03    4.747000E+02    2.843514E+00    1.067410E-02    1.208182E-04  
  4.757000E+03    4.757000E+02    2.849504E+00    1.169130E-02    1.323318E-04  
  4.767000E+03    4.767000E+02    2.855495E+00    1.198041E-02    1.356042E-04  
  4.777000E+03    4.777000E+02    2.861485E+00    1.065793E-02    1.206352E-04  
  4.787000E+03    4.787000E+02    2.867475E+00    9.924864E-03    1.123378E-04  
  4.797000E+03    4.797000E+02    2.873465E+00    1.031698E-02    1.167760E-04  
  4.807000E+03    4.807000E+02    2.879455E+00    1.179218E-02    1.334736E-04  
  4.817000E+03    4.817000E+02    2.885445E+00    1.163421E-02    1.316855E-04  
  4.827000E+03    4.827000E+02    2.891435E+00    1.069074E-02    1.210066E-04  
  4.837000E+03    4.837000E+02    2.897425E+00    8.225732E-03    9.310560E-05  
  4.847000E+03    4.847000E+02    2.903416E+00    8.036084E-03    9.095901E-05  
  4.857000E+03    4.857000E+02    2.909406E+00    8.736763E-03    9.888987E-05  
  4.867000E+03    4.867000E+02    2.915396E+00    6.893767E-03    7.802932E-05  
  4.877000E+03    4.877000E+02    2.921386E+00    6.059157E-03    6.858252E-05  
  4.887000E+03    4.887000E+02    2.927376E+00    4.961572E-03    5.615915E-05  
  4.897000E+03    4.897000E+02    2.933366E+00    4.338835E-03    4.911050E-05  
  4.907000E+03    4.907000E+02    2.939356E+00    4.277906E-03    4.842086E-05  
  4.917000E+03    4.917000E+02    2.945347E+00    4.246716E-03    4.806783E-05  
  4.927000E+03    4.927000E+02    2.951337E+00    3.508428E-03    3.971128E-05  
  4.937000E+03    4.937000E+02    2.957327E+00    2.675865E-03    3.028764E-05  
  4.947000E+03    4.947000E+02    2.963317E+00    2.408034E-03    2.725611E-05  
  4.957000E+03    4.957000E+02    2.969307E+00    2.796719E-03    3.165557E-05  
  4.967000E+03    4.967000E+02    2.975297E+00    4.098191E-03    4.638670E-05  
  4.977000E+03    4.977000E+02    2.981287E+00    4.592560E-03    5.198237E-05  
  4.987000E+03    4.987000E+02    2.987277E+00    5.332487E-03    6.035748E-05  
  4.997000E+03    4.997000E+02    2.993268E+00    4.757336E-03    5.384744E-05  
  5.007000E+03    5.007000E+02    2.999258E+00    4.028512E-03    4.559801E-05  
  5.017000E+03    5.017000E+02    3.005248E+00    4.040845E-03    4.573761E-05  
  5.027000E+03    5.027000E+02    3.011238E+00    3.721015E-03    4.211751E-05  
  5.037000E+03    5.037000E+02    3.017228E+00    3.575694E-03    4.047265E-05  
  5.047000E+03    5.047000E+02    3.023218E+00    2.766746E-03    3.131630E-05  
  5.057000E+03    5.057000E+02    3.029208E+00    2.528634E-03    2.862116E-05  
  5.067000E+03    5.067000E+02    3.035198E+00    2.575916E-03    2.915634E-05  
  5.077000E+03    5.077000E+02    3.041189E+00    2.263590E-03    2.562117E-05  
  5.087000E+03    5.087000E+02    3.047179E+00    1.828139E-03    2.069238E-05  
  5.097000E+03    5.097000E+02    3.053169E+00    1.951846E-03    2.209260E-05  
  5.107000E+03    5.107000E+02    3.059159E+00    3.013864E-03    3.411339E-05  
  5.117000E+03    5.117000E+02    3.065149E+00    3.207349E-03    3.630341E-05  
  5.127000E+03    5.127000E+02    3.071139E+00    3.737476E-03    4.230383E-05  
  5.137000E+03    5.137000E+02    3.077129E+00    3.662199E-03    4.145178E-05  
  5.147000E+03    5.147000E+02    3.083120E+00    3.578030E-03    4.049908E-05  
  5.157000E+03    5.157000E+02    3.089110E+00    2.941755E-03    3.329720E-05  
  5.167000E+03    5.167000E+02    3.095100E+00    2.278285E-03    2.578751E-05  
  5.177000E+03    5.177000E+02    3.101090E+00    2.496966E-03    2.826271E-05  
  5.187000E+03    5.187000E+02    3.107080E+00    2.431115E-03    2.751736E-05  
  5.197000E+03    5.197000E+02    3.113070E+00    2.877835E-03    3.257370E-05  
  5.207000E+03    5.207000E+02    3.119060E+00    3.548985E-03    4.017033E-05  
  5.217000E+03    5.217000E+02    3.125050E+00    4.019342E-03    4.549422E-05  
  5.227000E+03    5.227000E+02    3.131041E+00    4.232022E-03    4.790151E-05  
  5.237000E+03    5.237000E+02    3.137031E+00    4.867122E-03    5.509009E-05  
  5.247000E+03    5.247000E+02    3.143021E+00    3.763292E-03    4.259603E-05  
  5.257000E+03    5.257000E+02    3.149011E+00    3.329435E-03    3.768528E-05  
  5.267000E+03    5.267000E+02    3.155001E+00    2.546729E-03    2.882597E-05  
  5.277000E+03    5.277000E+02    3.160991E+00    2.093547E-03    2.369648E-05  
  5.287000E+03    5.287000E+02    3.166981E+00    1.860999E-03    2.106431E-05  
  5.297000E+03    5.297000E+02    3.172971E+00    1.821866E-03    2.062137E-05  
  5.307000E+03    5.307000E+02    3.178962E+00    1.906899E-03    2.158385E-05  
  5.317000E+03    5.317000E+02    3.184952E+00    1.701952E-03    1.926409E-05  
  5.327000E+03    5.327000E+02    3.190942E+00    1.917031E-03    2.169853E-05  
  5.337000E+03    5.337000E+02    3.196932E+00    2.354456E-03    2.664967E-05  
  5.347000E+03    5.347000E+02    3.202922E+00    2.364892E-03    2.676779E-05  
  5.357000E+03    5.357000E+02    3.208912E+00    1.947273E-03    2.204083E-05  
  5.367000E+03    5.367000E+02    3.214902E+00    1.919137E-03    2.172237E-05  
  5.377000E+03    5.377000E+02    3.220892E+00    1.243631E-03    1.407644E-05  
  5.387000E+03    5.387000E+02    3.226883E+00    8.984917E-04    1.016987E-05  
  5.397000E+03    5.397000E+02    3.232873E+00    5.400532E-04    6.112766E-06  
  5.407000E+03    5.407000E+02    3.238863E+00    4.451013E-04    5.038022E-06  
  5.417000E+03    5.417000E+02    3.244853E+00    6.237769E-04    7.060420E-06  
  5.427000E+03    5.427000E+02    3.250843E+00    6.464173E-04    7.316683E-06  
  5.437000E+03    5.437000E+02    3.256833E+00    7.132599E-04    8.073262E-06  
  5.447000E+03    5.447000E+02    3.262823E+00    6.413445E-04    7.259264E-06  
  5.457000E+03    5.457000E+02    3.268814E+00    5.073191E-04    5.742254E-06  
  5.467000E+03    5.467000E+02    3.274804E+00    6.128685E-04    6.936950E-06  
  5.477000E+03    5.477000E+02    3.280794E+00    7.657029E-04    8.666855E-06  
  5.487000E+03    5.487000E+02    3.286784E+00    7.114108E-04    8.052332E-06  
  5.497000E+03    5.497000E+02    3.292774E+00    1.246642E-03    1.411051E-05  
  5.507000E+03    5.507000E+02    3.298764E+00    1.634768E-03    1.850365E-05  
  5.517000E+03    5.517000E+02    3.304754E+00    1.045183E-03    1.183024E-05  
  5.527000E+03    5.527000E+02    3.310744E+00    6.087340E-04    6.890151E-06  
  5.537000E+03    5.537000E+02    3.316735E+00    1.004178E-03    1.136611E-05  
  5.547000E+03    5.547000E+02    3.322725E+00    8.380165E-04    9.485359E-06  
  5.557000E+03    5.557000E+02    3.328715E+00    1.190960E-03    1.348026E-05  
  5.567000E+03    5.567000E+02    3.334705E+00    1.338232E-03    1.514721E-05  
  5.577000E+03    5.577000E+02    3.340695E+00    7.117468E-04    8.056135E-06  
  5.587000E+03    5.587000E+02    3.346685E+00    4.333387E-04    4.904884E-06  
  5.597000E+03    5.597000E+02    3.352675E+00    4.380325E-04    4.958012E-06  
  5.607000E+03    5.607000E+02    3.358665E+00    9.413554E-04    1.065503E-05  
  5.617000E+03    5.617000E+02    3.364656E+00    7.402490E-04    8.378747E-06  
  5.627000E+03    5.627000E+02    3.370646E+00    6.474330E-04    7.328178E-06  
  5.637000E+03    5.637000E+02    3.376636E+00    6.832816E-04    7.733943E-06  
  5.647000E+03    5.647000E+02    3.382626E+00    6.465925E-04    7.318665E-06  
  5.657000E+03    5.657000E+02    3.388616E+00    6.372462E-04    7.212876E-06  
  5.667000E+03    5.667000E+02    3.394606E+00    6.194473E-04    7.011413E-06  
  5.677000E+03    5.677000E+02    3.400596E+00    4.555019E-04    5.155745E-06  
  5.687000E+03    5.687000E+02    3.406586E+00    3.436213E-04    3.889388E-06  
  5.697000E+03    5.697000E+02    3.412577E+00    4.094374E-04    4.634349E-06  
  5.707000E+03    5.707000E+02    3.418567E+00    4.863281E-04    5.504662E-06  
  5.717000E+03    5.717000E+02    3.424557E+00    1.769729E-04    2.003125E-06  
  5.727000E+03    5.727000E+02    3.430547E+00    4.605174E-05    5.212515E-07  
