

     time  configs     <nwalker>    std.dev.nw           <r>         <r^2>     std.dev.r   std.dev.r^2
        1    99840  0.100000E+01  0.000000E+00  0.460489E-02  0.993820E+00  0.315498E-02  0.446491E-02
        2    99840  0.100000E+01  0.000000E+00  0.163598E-02  0.130967E+01  0.362183E-02  0.587174E-02
        3    99840  0.100000E+01  0.000000E+00  0.288278E-02  0.154047E+01  0.392802E-02  0.687512E-02
        4    99840  0.100000E+01  0.000000E+00  0.242114E-02  0.172896E+01  0.416140E-02  0.774791E-02
        5    99840  0.100000E+01  0.000000E+00 -0.330978E-03  0.188971E+01  0.435056E-02  0.846036E-02
        6    99840  0.100000E+01  0.000000E+00  0.398125E-03  0.202698E+01  0.450580E-02  0.910874E-02
        7    99840  0.100000E+01  0.000000E+00 -0.365575E-02  0.215105E+01  0.464165E-02  0.966312E-02
        8    99840  0.100000E+01  0.000000E+00 -0.387672E-02  0.225961E+01  0.475733E-02  0.101155E-01
        9    99840  0.100000E+01  0.000000E+00  0.377894E-02  0.238515E+01  0.488770E-02  0.107344E-01
       10    99840  0.100000E+01  0.000000E+00  0.254805E-02  0.249277E+01  0.499676E-02  0.111994E-01
       11    99840  0.100000E+01  0.000000E+00  0.733189E-02  0.258651E+01  0.508979E-02  0.116229E-01
       12    99840  0.100000E+01  0.000000E+00  0.435094E-02  0.267830E+01  0.517936E-02  0.119763E-01
       13    99840  0.100000E+01  0.000000E+00  0.934411E-04  0.276700E+01  0.526444E-02  0.124099E-01
       14    99840  0.100000E+01  0.000000E+00  0.768693E-03  0.285079E+01  0.534356E-02  0.127893E-01
       15    99840  0.100000E+01  0.000000E+00  0.379112E-02  0.294246E+01  0.542877E-02  0.131629E-01
       16    99840  0.100000E+01  0.000000E+00  0.633497E-02  0.301562E+01  0.549582E-02  0.135322E-01
       17    99840  0.100000E+01  0.000000E+00  0.620972E-02  0.308391E+01  0.555771E-02  0.137775E-01
       18    99840  0.100000E+01  0.000000E+00  0.673322E-02  0.316469E+01  0.563002E-02  0.141714E-01
       19    99840  0.100000E+01  0.000000E+00  0.420319E-03  0.322336E+01  0.568201E-02  0.143713E-01
       20    99840  0.100000E+01  0.000000E+00  0.709098E-03  0.330322E+01  0.575197E-02  0.147488E-01
       21    99840  0.100000E+01  0.000000E+00  0.210519E-02  0.335813E+01  0.579958E-02  0.150332E-01
       22    99840  0.100000E+01  0.000000E+00  0.859400E-03  0.342598E+01  0.585788E-02  0.153399E-01
       23    99840  0.100000E+01  0.000000E+00  0.115931E-02  0.347585E+01  0.590035E-02  0.156103E-01
       24    99840  0.100000E+01  0.000000E+00 -0.202473E-02  0.353856E+01  0.595334E-02  0.157714E-01
       25    99840  0.100000E+01  0.000000E+00 -0.494710E-02  0.360710E+01  0.601071E-02  0.161715E-01
       26    99840  0.100000E+01  0.000000E+00  0.124254E-02  0.367034E+01  0.606318E-02  0.163979E-01
       27    99840  0.100000E+01  0.000000E+00  0.236454E-02  0.371054E+01  0.609630E-02  0.165916E-01
       28    99840  0.100000E+01  0.000000E+00  0.738383E-03  0.376797E+01  0.614329E-02  0.167836E-01
       29    99840  0.100000E+01  0.000000E+00 -0.143414E-02  0.382651E+01  0.619083E-02  0.171086E-01
       30    99840  0.100000E+01  0.000000E+00  0.314434E-02  0.387745E+01  0.623189E-02  0.173377E-01
       31    99840  0.100000E+01  0.000000E+00 -0.452340E-02  0.391152E+01  0.625921E-02  0.175077E-01
       32    99840  0.100000E+01  0.000000E+00 -0.777696E-02  0.396402E+01  0.630104E-02  0.177638E-01
       33    99840  0.100000E+01  0.000000E+00 -0.339773E-02  0.401288E+01  0.633980E-02  0.180093E-01
       34    99840  0.100000E+01  0.000000E+00 -0.509367E-02  0.406613E+01  0.638171E-02  0.182220E-01
       35    99840  0.100000E+01  0.000000E+00 -0.298429E-02  0.410362E+01  0.641108E-02  0.184418E-01
       36    99840  0.100000E+01  0.000000E+00 -0.141165E-02  0.416822E+01  0.646135E-02  0.187642E-01
       37    99840  0.100000E+01  0.000000E+00 -0.209714E-02  0.423515E+01  0.651301E-02  0.191380E-01
       38    99840  0.100000E+01  0.000000E+00  0.129563E-02  0.425856E+01  0.653099E-02  0.190752E-01
       39    99840  0.100000E+01  0.000000E+00  0.187362E-02  0.431687E+01  0.657555E-02  0.193257E-01
       40    99840  0.100000E+01  0.000000E+00  0.100506E-02  0.435539E+01  0.660482E-02  0.195881E-01
       42    99840  0.100000E+01  0.000000E+00  0.285381E-02  0.444873E+01  0.667522E-02  0.198986E-01
       44    99840  0.100000E+01  0.000000E+00 -0.365150E-02  0.452935E+01  0.673543E-02  0.202498E-01
       46    99840  0.100000E+01  0.000000E+00  0.253843E-03  0.459744E+01  0.678587E-02  0.206406E-01
       48    99840  0.100000E+01  0.000000E+00 -0.328193E-02  0.468855E+01  0.685277E-02  0.209966E-01
       50    99840  0.100000E+01  0.000000E+00  0.664640E-03  0.475537E+01  0.690144E-02  0.211674E-01
       52    99840  0.100000E+01  0.000000E+00  0.453294E-02  0.482220E+01  0.694975E-02  0.215420E-01
       54    99840  0.100000E+01  0.000000E+00  0.213364E-02  0.489532E+01  0.700226E-02  0.218454E-01
       56    99840  0.100000E+01  0.000000E+00  0.133800E-02  0.495226E+01  0.704286E-02  0.221542E-01
       58    99840  0.100000E+01  0.000000E+00  0.694930E-02  0.500372E+01  0.707933E-02  0.224416E-01
       60    99840  0.100000E+01  0.000000E+00  0.536395E-02  0.509288E+01  0.714214E-02  0.226242E-01
       63    99840  0.100000E+01  0.000000E+00  0.186624E-02  0.519433E+01  0.721294E-02  0.232353E-01
       66    99840  0.100000E+01  0.000000E+00  0.575259E-02  0.527040E+01  0.726554E-02  0.235461E-01
       69    99840  0.100000E+01  0.000000E+00  0.885730E-02  0.538866E+01  0.734658E-02  0.240531E-01
       72    99840  0.100000E+01  0.000000E+00  0.276412E-02  0.548149E+01  0.740964E-02  0.245733E-01
       75    99840  0.100000E+01  0.000000E+00  0.196385E-02  0.556160E+01  0.746358E-02  0.249445E-01
       78    99840  0.100000E+01  0.000000E+00  0.622355E-02  0.564186E+01  0.751723E-02  0.253158E-01
       81    99840  0.100000E+01  0.000000E+00 -0.125411E-02  0.574135E+01  0.758324E-02  0.256999E-01
       85    99840  0.100000E+01  0.000000E+00  0.442346E-02  0.585105E+01  0.765533E-02  0.261153E-01
       89    99840  0.100000E+01  0.000000E+00  0.113412E-01  0.596630E+01  0.773029E-02  0.266045E-01
       93    99840  0.100000E+01  0.000000E+00  0.965613E-02  0.605433E+01  0.778713E-02  0.270938E-01
       97    99840  0.100000E+01  0.000000E+00  0.414122E-02  0.619610E+01  0.787782E-02  0.277751E-01
      101    99840  0.100000E+01  0.000000E+00  0.132805E-01  0.629127E+01  0.793799E-02  0.281841E-01
      106    99840  0.100000E+01  0.000000E+00  0.678059E-02  0.640856E+01  0.801173E-02  0.285910E-01
      111    99840  0.100000E+01  0.000000E+00  0.861324E-02  0.653008E+01  0.808732E-02  0.291228E-01
      116    99840  0.100000E+01  0.000000E+00  0.792569E-03  0.662959E+01  0.814875E-02  0.295902E-01
      121    99840  0.100000E+01  0.000000E+00  0.850088E-02  0.673303E+01  0.821203E-02  0.299737E-01
      127    99840  0.100000E+01  0.000000E+00  0.677851E-02  0.688869E+01  0.830643E-02  0.307289E-01
      133    99840  0.100000E+01  0.000000E+00  0.549500E-02  0.703176E+01  0.839226E-02  0.314523E-01
      139    99840  0.100000E+01  0.000000E+00  0.403576E-02  0.716473E+01  0.847124E-02  0.319713E-01
      145    99840  0.100000E+01  0.000000E+00  0.111139E-01  0.726238E+01  0.852871E-02  0.324317E-01
      152    99840  0.100000E+01  0.000000E+00  0.765748E-03  0.741220E+01  0.861631E-02  0.330101E-01
      159    99840  0.100000E+01  0.000000E+00 -0.378527E-02  0.750863E+01  0.867217E-02  0.333584E-01
      166    99840  0.100000E+01  0.000000E+00 -0.211710E-02  0.764458E+01  0.875033E-02  0.340487E-01
      174    99840  0.100000E+01  0.000000E+00  0.265935E-02  0.778309E+01  0.882925E-02  0.346267E-01
      182    99840  0.100000E+01  0.000000E+00  0.808831E-02  0.792385E+01  0.890869E-02  0.354278E-01
      191    99840  0.100000E+01  0.000000E+00  0.152219E-02  0.807441E+01  0.899297E-02  0.358838E-01
      200    99840  0.100000E+01  0.000000E+00 -0.358877E-02  0.827391E+01  0.910338E-02  0.369715E-01
      210    99840  0.100000E+01  0.000000E+00  0.268416E-02  0.843523E+01  0.919170E-02  0.376317E-01
      220    99840  0.100000E+01  0.000000E+00  0.193443E-02  0.855071E+01  0.925441E-02  0.381938E-01
      231    99840  0.100000E+01  0.000000E+00  0.584921E-02  0.876660E+01  0.937049E-02  0.394793E-01
      242    99840  0.100000E+01  0.000000E+00  0.864943E-02  0.889832E+01  0.944060E-02  0.398045E-01
      254    99840  0.100000E+01  0.000000E+00  0.983350E-02  0.911467E+01  0.955468E-02  0.407555E-01
      266    99840  0.100000E+01  0.000000E+00  0.107144E-01  0.927130E+01  0.963641E-02  0.414878E-01
      279    99840  0.100000E+01  0.000000E+00  0.124906E-01  0.947408E+01  0.974120E-02  0.424936E-01
      292    99840  0.100000E+01  0.000000E+00  0.122562E-01  0.961741E+01  0.981462E-02  0.430787E-01
      306    99840  0.100000E+01  0.000000E+00  0.145860E-01  0.975972E+01  0.988694E-02  0.438745E-01
      321    99840  0.100000E+01  0.000000E+00  0.193570E-01  0.100253E+02  0.100205E-01  0.451498E-01
      337    99840  0.100000E+01  0.000000E+00  0.161995E-01  0.101872E+02  0.101011E-01  0.457256E-01
      353    99840  0.100000E+01  0.000000E+00  0.816967E-02  0.103694E+02  0.101911E-01  0.462695E-01
      370    99840  0.100000E+01  0.000000E+00  0.183150E-01  0.106060E+02  0.103066E-01  0.478744E-01
      388    99840  0.100000E+01  0.000000E+00  0.165787E-01  0.108142E+02  0.104073E-01  0.485827E-01
      407    99840  0.100000E+01  0.000000E+00  0.159770E-01  0.110599E+02  0.105249E-01  0.494182E-01
      427    99840  0.100000E+01  0.000000E+00  0.166261E-01  0.112767E+02  0.106275E-01  0.504222E-01
      448    99840  0.100000E+01  0.000000E+00  0.109647E-01  0.114932E+02  0.107292E-01  0.517759E-01
      470    99840  0.100000E+01  0.000000E+00  0.244004E-01  0.116507E+02  0.108022E-01  0.522940E-01
      493    99840  0.100000E+01  0.000000E+00  0.234393E-01  0.119580E+02  0.109438E-01  0.535292E-01
      517    99840  0.100000E+01  0.000000E+00  0.208428E-01  0.121279E+02  0.110213E-01  0.544935E-01
      542    99840  0.100000E+01  0.000000E+00  0.232205E-01  0.123729E+02  0.111320E-01  0.555954E-01
      569    99840  0.100000E+01  0.000000E+00  0.222401E-01  0.126078E+02  0.112372E-01  0.565529E-01
      597    99840  0.100000E+01  0.000000E+00  0.117061E-01  0.128389E+02  0.113399E-01  0.573192E-01
      626    99840  0.100000E+01  0.000000E+00  0.251190E-01  0.131025E+02  0.114555E-01  0.588070E-01
      657    99840  0.100000E+01  0.000000E+00  0.589546E-02  0.133126E+02  0.115473E-01  0.595119E-01
      689    99840  0.100000E+01  0.000000E+00  0.826699E-02  0.134896E+02  0.116238E-01  0.600243E-01
      723    99840  0.100000E+01  0.000000E+00  0.196540E-02  0.138746E+02  0.117885E-01  0.616838E-01
      759    99840  0.100000E+01  0.000000E+00  0.920486E-02  0.141829E+02  0.119187E-01  0.630788E-01
      796    99840  0.100000E+01  0.000000E+00  0.959298E-02  0.144969E+02  0.120499E-01  0.647881E-01
      835    99840  0.100000E+01  0.000000E+00  0.451038E-02  0.147395E+02  0.121504E-01  0.657740E-01
      876    99840  0.100000E+01  0.000000E+00  0.544996E-02  0.150241E+02  0.122671E-01  0.664739E-01
      919    99840  0.100000E+01  0.000000E+00  0.103964E-01  0.153380E+02  0.123945E-01  0.684786E-01
      964    99840  0.100000E+01  0.000000E+00  0.339507E-02  0.155985E+02  0.124994E-01  0.695647E-01
     1012    99840  0.100000E+01  0.000000E+00 -0.261386E-02  0.159130E+02  0.126248E-01  0.707935E-01
     1062    99840  0.100000E+01  0.000000E+00  0.112043E-01  0.162145E+02  0.127438E-01  0.719545E-01
     1115    99840  0.100000E+01  0.000000E+00  0.302721E-02  0.165583E+02  0.128782E-01  0.738321E-01
     1170    99840  0.100000E+01  0.000000E+00 -0.423699E-02  0.168732E+02  0.130001E-01  0.752821E-01
     1228    99840  0.100000E+01  0.000000E+00 -0.387214E-02  0.172522E+02  0.131453E-01  0.772828E-01
     1289    99840  0.100000E+01  0.000000E+00  0.419214E-02  0.174930E+02  0.132367E-01  0.775486E-01
     1353    99840  0.100000E+01  0.000000E+00  0.131257E-01  0.179372E+02  0.134037E-01  0.797150E-01
     1420    99840  0.100000E+01  0.000000E+00  0.194497E-01  0.182638E+02  0.135250E-01  0.812693E-01
     1491    99840  0.100000E+01  0.000000E+00  0.185215E-01  0.186481E+02  0.136666E-01  0.830676E-01
     1565    99840  0.100000E+01  0.000000E+00  0.207049E-01  0.189758E+02  0.137862E-01  0.837984E-01
     1643    99840  0.100000E+01  0.000000E+00  0.183106E-01  0.193317E+02  0.139149E-01  0.854710E-01
     1725    99840  0.100000E+01  0.000000E+00  0.180934E-01  0.196899E+02  0.140432E-01  0.868694E-01
     1811    99840  0.100000E+01  0.000000E+00  0.246493E-01  0.200251E+02  0.141621E-01  0.883140E-01
     1901    99840  0.100000E+01  0.000000E+00  0.308623E-01  0.204633E+02  0.143161E-01  0.899874E-01
     1996    99840  0.100000E+01  0.000000E+00  0.202872E-01  0.207563E+02  0.144184E-01  0.907099E-01
     2095    99840  0.100000E+01  0.000000E+00  0.357978E-01  0.210944E+02  0.145351E-01  0.925698E-01
     2199    99840  0.100000E+01  0.000000E+00  0.278468E-01  0.215991E+02  0.147081E-01  0.946838E-01
     2308    99840  0.100000E+01  0.000000E+00  0.288873E-01  0.220367E+02  0.148564E-01  0.967666E-01
     2423    99840  0.100000E+01  0.000000E+00  0.396868E-01  0.223499E+02  0.149613E-01  0.973172E-01
     2544    99840  0.100000E+01  0.000000E+00  0.308155E-01  0.228376E+02  0.151239E-01  0.990403E-01
     2671    99840  0.100000E+01  0.000000E+00  0.374744E-01  0.230896E+02  0.152070E-01  0.100245E+00
     2804    99840  0.100000E+01  0.000000E+00  0.352035E-01  0.236842E+02  0.154016E-01  0.102480E+00
     2944    99840  0.100000E+01  0.000000E+00  0.368005E-01  0.240061E+02  0.155059E-01  0.103980E+00
     3091    99840  0.100000E+01  0.000000E+00  0.387175E-01  0.243533E+02  0.156176E-01  0.105076E+00
     3245    99840  0.100000E+01  0.000000E+00  0.553463E-01  0.248176E+02  0.157653E-01  0.106188E+00
     3407    99840  0.100000E+01  0.000000E+00  0.333050E-01  0.252420E+02  0.159001E-01  0.107989E+00
     3577    99840  0.100000E+01  0.000000E+00  0.419408E-01  0.256309E+02  0.160219E-01  0.108794E+00
     3755    99840  0.100000E+01  0.000000E+00  0.272550E-01  0.260388E+02  0.161492E-01  0.110313E+00
     3942    99840  0.100000E+01  0.000000E+00  0.164272E-01  0.264880E+02  0.162881E-01  0.112259E+00
     4139    99840  0.100000E+01  0.000000E+00  0.327057E-01  0.269317E+02  0.164237E-01  0.113665E+00
     4345    99840  0.100000E+01  0.000000E+00  0.334378E-01  0.272874E+02  0.165318E-01  0.114786E+00
     4562    99840  0.100000E+01  0.000000E+00  0.338468E-01  0.276432E+02  0.166392E-01  0.115501E+00
     4790    99840  0.100000E+01  0.000000E+00  0.187905E-01  0.281167E+02  0.167814E-01  0.116985E+00
     5029    99840  0.100000E+01  0.000000E+00  0.296488E-01  0.285664E+02  0.169149E-01  0.118597E+00
     5280    99840  0.100000E+01  0.000000E+00  0.320083E-01  0.288696E+02  0.170044E-01  0.119361E+00
     5544    99840  0.100000E+01  0.000000E+00  0.352877E-01  0.292456E+02  0.171147E-01  0.120670E+00
     5821    99840  0.100000E+01  0.000000E+00  0.231729E-01  0.296564E+02  0.172347E-01  0.121570E+00
     6112    99840  0.100000E+01  0.000000E+00  0.192778E-01  0.300991E+02  0.173629E-01  0.123415E+00
     6417    99840  0.100000E+01  0.000000E+00  0.153369E-01  0.304892E+02  0.174751E-01  0.124064E+00
     6737    99840  0.100000E+01  0.000000E+00  0.269442E-01  0.307333E+02  0.175448E-01  0.124577E+00
     7073    99840  0.100000E+01  0.000000E+00  0.714587E-02  0.310751E+02  0.176422E-01  0.125404E+00
     7426    99840  0.100000E+01  0.000000E+00  0.149652E-01  0.314905E+02  0.177597E-01  0.127141E+00
     7797    99840  0.100000E+01  0.000000E+00  0.101952E-01  0.317204E+02  0.178245E-01  0.127777E+00
     8186    99840  0.100000E+01  0.000000E+00  0.137958E-01  0.321068E+02  0.179327E-01  0.129080E+00
     8595    99840  0.100000E+01  0.000000E+00 -0.674178E-02  0.323985E+02  0.180140E-01  0.129377E+00
     9024    99840  0.100000E+01  0.000000E+00  0.838370E-02  0.328811E+02  0.181477E-01  0.130680E+00
     9475    99840  0.100000E+01  0.000000E+00  0.138748E-01  0.330415E+02  0.181918E-01  0.130545E+00
     9948    99840  0.100000E+01  0.000000E+00  0.171890E-01  0.333943E+02  0.182887E-01  0.131905E+00
    10445    99840  0.100000E+01  0.000000E+00  0.276229E-01  0.336176E+02  0.183496E-01  0.131834E+00
    10967    99840  0.100000E+01  0.000000E+00  0.168746E-01  0.338277E+02  0.184070E-01  0.132877E+00
    11515    99840  0.100000E+01  0.000000E+00  0.161864E-01  0.340573E+02  0.184693E-01  0.133453E+00
    12090    99840  0.100000E+01  0.000000E+00  0.313022E-01  0.341946E+02  0.185063E-01  0.133694E+00
    12694    99840  0.100000E+01  0.000000E+00  0.368271E-01  0.346266E+02  0.186228E-01  0.135139E+00
    13328    99840  0.100000E+01  0.000000E+00  0.250920E-01  0.345591E+02  0.186048E-01  0.134453E+00
    13994    99840  0.100000E+01  0.000000E+00  0.451437E-01  0.347942E+02  0.186676E-01  0.135010E+00
    14693    99840  0.100000E+01  0.000000E+00  0.311477E-01  0.349771E+02  0.187169E-01  0.135920E+00
    15427    99840  0.100000E+01  0.000000E+00  0.397351E-01  0.353102E+02  0.188056E-01  0.136478E+00
    16198    99840  0.100000E+01  0.000000E+00  0.315154E-01  0.352002E+02  0.187765E-01  0.135678E+00
    16384    99840  0.100000E+01  0.000000E+00  0.278195E-01  0.352211E+02  0.187821E-01  0.135971E+00
