 Program bfbm2
 Density distribution between NTSTART and NTEND
 GAMMMA=   1.6000000000000001     
 BRANCHPROB=   0.0000000000000000     
 DEATHPROB=   0.0000000000000000     
 MEMORY=NONE
 NT=        16384
 NTSTART=        13107
 NTEND=        16384
 L=   35.000000000000000     
 IRINIT=          43
 NCONF=       99840
 ==================================
    ibin    x=(L/2*ibin)/NBIN  x/L   P(x)  P(x)*L  P(|x|)   L/2-x 
    -500  -0.175000E+02  -0.500000E+00   0.316029E-04   0.110610E-02   0.332180E-04   0.350000E+02
    -499  -0.174650E+02  -0.499000E+00   0.713248E-04   0.249637E-02   0.733327E-04   0.349650E+02
    -498  -0.174300E+02  -0.498000E+00   0.804914E-04   0.281720E-02   0.813207E-04   0.349300E+02
    -497  -0.173950E+02  -0.497000E+00   0.860786E-04   0.301275E-02   0.857294E-04   0.348950E+02
    -496  -0.173600E+02  -0.496000E+00   0.880865E-04   0.308303E-02   0.884358E-04   0.348600E+02
    -495  -0.173250E+02  -0.495000E+00   0.976023E-04   0.341608E-02   0.939794E-04   0.348250E+02
    -494  -0.172900E+02  -0.494000E+00   0.987373E-04   0.345580E-02   0.988246E-04   0.347900E+02
    -493  -0.172550E+02  -0.493000E+00   0.996103E-04   0.348636E-02   0.103102E-03   0.347550E+02
    -492  -0.172200E+02  -0.492000E+00   0.108602E-03   0.380108E-02   0.112225E-03   0.347200E+02
    -491  -0.171850E+02  -0.491000E+00   0.114102E-03   0.399358E-02   0.118467E-03   0.346850E+02
    -490  -0.171500E+02  -0.490000E+00   0.121959E-03   0.426857E-02   0.122003E-03   0.346500E+02
    -489  -0.171150E+02  -0.489000E+00   0.126761E-03   0.443663E-02   0.126368E-03   0.346150E+02
    -488  -0.170800E+02  -0.488000E+00   0.144308E-03   0.505079E-02   0.144308E-03   0.345800E+02
    -487  -0.170450E+02  -0.487000E+00   0.142911E-03   0.500190E-02   0.146316E-03   0.345450E+02
    -486  -0.170100E+02  -0.486000E+00   0.152515E-03   0.533801E-02   0.156181E-03   0.345100E+02
    -485  -0.169750E+02  -0.485000E+00   0.153388E-03   0.536857E-02   0.158582E-03   0.344750E+02
    -484  -0.169400E+02  -0.484000E+00   0.168054E-03   0.588189E-02   0.172594E-03   0.344400E+02
    -483  -0.169050E+02  -0.483000E+00   0.181411E-03   0.634939E-02   0.185602E-03   0.344050E+02
    -482  -0.168700E+02  -0.482000E+00   0.189879E-03   0.664578E-02   0.192498E-03   0.343700E+02
    -481  -0.168350E+02  -0.481000E+00   0.200006E-03   0.700022E-02   0.202887E-03   0.343350E+02
    -480  -0.168000E+02  -0.480000E+00   0.217117E-03   0.759910E-02   0.212927E-03   0.343000E+02
    -479  -0.167650E+02  -0.479000E+00   0.216855E-03   0.758994E-02   0.224887E-03   0.342650E+02
    -478  -0.167300E+02  -0.478000E+00   0.227942E-03   0.797799E-02   0.233573E-03   0.342300E+02
    -477  -0.166950E+02  -0.477000E+00   0.250641E-03   0.877243E-02   0.254395E-03   0.341950E+02
    -476  -0.166600E+02  -0.476000E+00   0.266617E-03   0.933159E-02   0.266966E-03   0.341600E+02
    -475  -0.166250E+02  -0.475000E+00   0.283204E-03   0.991214E-02   0.280672E-03   0.341250E+02
    -474  -0.165900E+02  -0.474000E+00   0.286347E-03   0.100221E-01   0.292065E-03   0.340900E+02
    -473  -0.165550E+02  -0.473000E+00   0.286958E-03   0.100435E-01   0.292720E-03   0.340550E+02
    -472  -0.165200E+02  -0.472000E+00   0.312624E-03   0.109419E-01   0.323057E-03   0.340200E+02
    -471  -0.164850E+02  -0.471000E+00   0.331219E-03   0.115927E-01   0.335934E-03   0.339850E+02
    -470  -0.164500E+02  -0.470000E+00   0.345100E-03   0.120785E-01   0.355314E-03   0.339500E+02
    -469  -0.164150E+02  -0.469000E+00   0.363433E-03   0.127202E-01   0.376572E-03   0.339150E+02
    -468  -0.163800E+02  -0.468000E+00   0.387878E-03   0.135757E-01   0.393421E-03   0.338800E+02
    -467  -0.163450E+02  -0.467000E+00   0.404378E-03   0.141532E-01   0.407433E-03   0.338450E+02
    -466  -0.163100E+02  -0.466000E+00   0.426115E-03   0.149140E-01   0.426770E-03   0.338100E+02
    -465  -0.162750E+02  -0.465000E+00   0.432401E-03   0.151340E-01   0.440302E-03   0.337750E+02
    -464  -0.162400E+02  -0.464000E+00   0.461560E-03   0.161546E-01   0.464179E-03   0.337400E+02
    -463  -0.162050E+02  -0.463000E+00   0.472647E-03   0.165426E-01   0.491853E-03   0.337050E+02
    -462  -0.161700E+02  -0.462000E+00   0.488623E-03   0.171018E-01   0.496785E-03   0.336700E+02
    -461  -0.161350E+02  -0.461000E+00   0.524154E-03   0.183454E-01   0.534761E-03   0.336350E+02
    -460  -0.161000E+02  -0.460000E+00   0.546416E-03   0.191246E-01   0.557765E-03   0.336000E+02
    -459  -0.160650E+02  -0.459000E+00   0.558638E-03   0.195523E-01   0.572694E-03   0.335650E+02
    -458  -0.160300E+02  -0.458000E+00   0.587273E-03   0.205545E-01   0.592424E-03   0.335300E+02
    -457  -0.159950E+02  -0.457000E+00   0.608487E-03   0.212970E-01   0.622280E-03   0.334950E+02
    -456  -0.159600E+02  -0.456000E+00   0.635725E-03   0.222504E-01   0.648514E-03   0.334600E+02
    -455  -0.159250E+02  -0.455000E+00   0.663224E-03   0.232129E-01   0.671693E-03   0.334250E+02
    -454  -0.158900E+02  -0.454000E+00   0.683566E-03   0.239248E-01   0.698407E-03   0.333900E+02
    -453  -0.158550E+02  -0.453000E+00   0.717962E-03   0.251287E-01   0.722327E-03   0.333550E+02
    -452  -0.158200E+02  -0.452000E+00   0.724859E-03   0.253701E-01   0.749696E-03   0.333200E+02
    -451  -0.157850E+02  -0.451000E+00   0.766589E-03   0.268306E-01   0.780906E-03   0.332850E+02
    -450  -0.157500E+02  -0.450000E+00   0.808231E-03   0.282881E-01   0.821021E-03   0.332500E+02
    -449  -0.157150E+02  -0.449000E+00   0.824993E-03   0.288748E-01   0.846513E-03   0.332150E+02
    -448  -0.156800E+02  -0.448000E+00   0.857905E-03   0.300267E-01   0.875366E-03   0.331800E+02
    -447  -0.156450E+02  -0.447000E+00   0.908627E-03   0.318020E-01   0.923425E-03   0.331450E+02
    -446  -0.156100E+02  -0.446000E+00   0.935254E-03   0.327339E-01   0.951536E-03   0.331100E+02
    -445  -0.155750E+02  -0.445000E+00   0.963452E-03   0.337208E-01   0.981742E-03   0.330750E+02
    -444  -0.155400E+02  -0.444000E+00   0.979690E-03   0.342892E-01   0.100614E-02   0.330400E+02
    -443  -0.155050E+02  -0.443000E+00   0.102701E-02   0.359452E-01   0.104796E-02   0.330050E+02
    -442  -0.154700E+02  -0.442000E+00   0.107633E-02   0.376716E-01   0.108367E-02   0.329700E+02
    -441  -0.154350E+02  -0.441000E+00   0.108960E-02   0.381361E-01   0.111413E-02   0.329350E+02
    -440  -0.154000E+02  -0.440000E+00   0.114722E-02   0.401527E-01   0.115870E-02   0.329000E+02
    -439  -0.153650E+02  -0.439000E+00   0.116058E-02   0.406202E-01   0.118760E-02   0.328650E+02
    -438  -0.153300E+02  -0.438000E+00   0.123260E-02   0.431410E-01   0.125508E-02   0.328300E+02
    -437  -0.152950E+02  -0.437000E+00   0.126001E-02   0.441005E-01   0.128372E-02   0.327950E+02
    -436  -0.152600E+02  -0.436000E+00   0.129738E-02   0.454082E-01   0.131724E-02   0.327600E+02
    -435  -0.152250E+02  -0.435000E+00   0.134749E-02   0.471621E-01   0.137503E-02   0.327250E+02
    -434  -0.151900E+02  -0.434000E+00   0.139446E-02   0.488060E-01   0.141929E-02   0.326900E+02
    -433  -0.151550E+02  -0.433000E+00   0.141506E-02   0.495271E-01   0.145823E-02   0.326550E+02
    -432  -0.151200E+02  -0.432000E+00   0.146211E-02   0.511740E-01   0.150005E-02   0.326200E+02
    -431  -0.150850E+02  -0.431000E+00   0.150533E-02   0.526865E-01   0.153676E-02   0.325850E+02
    -430  -0.150500E+02  -0.430000E+00   0.155998E-02   0.545993E-01   0.159036E-02   0.325500E+02
    -429  -0.150150E+02  -0.429000E+00   0.159996E-02   0.559987E-01   0.163100E-02   0.325150E+02
    -428  -0.149800E+02  -0.428000E+00   0.168360E-02   0.589259E-01   0.169787E-02   0.324800E+02
    -427  -0.149450E+02  -0.427000E+00   0.171136E-02   0.598975E-01   0.174252E-02   0.324450E+02
    -426  -0.149100E+02  -0.426000E+00   0.174331E-02   0.610159E-01   0.177308E-02   0.324100E+02
    -425  -0.148750E+02  -0.425000E+00   0.180285E-02   0.630997E-01   0.183327E-02   0.323750E+02
    -424  -0.148400E+02  -0.424000E+00   0.188378E-02   0.659322E-01   0.190569E-02   0.323400E+02
    -423  -0.148050E+02  -0.423000E+00   0.192673E-02   0.674355E-01   0.195104E-02   0.323050E+02
    -422  -0.147700E+02  -0.422000E+00   0.199788E-02   0.699258E-01   0.201180E-02   0.322700E+02
    -421  -0.147350E+02  -0.421000E+00   0.203228E-02   0.711297E-01   0.206877E-02   0.322350E+02
    -420  -0.147000E+02  -0.420000E+00   0.206702E-02   0.723458E-01   0.212512E-02   0.322000E+02
    -419  -0.146650E+02  -0.419000E+00   0.214219E-02   0.749766E-01   0.217789E-02   0.321650E+02
    -418  -0.146300E+02  -0.418000E+00   0.220330E-02   0.771155E-01   0.224114E-02   0.321300E+02
    -417  -0.145950E+02  -0.417000E+00   0.224520E-02   0.785821E-01   0.230064E-02   0.320950E+02
    -416  -0.145600E+02  -0.416000E+00   0.231723E-02   0.811029E-01   0.235241E-02   0.320600E+02
    -415  -0.145250E+02  -0.415000E+00   0.237231E-02   0.830310E-01   0.242539E-02   0.320250E+02
    -414  -0.144900E+02  -0.414000E+00   0.242661E-02   0.849315E-01   0.247568E-02   0.319900E+02
    -413  -0.144550E+02  -0.413000E+00   0.249130E-02   0.871956E-01   0.253744E-02   0.319550E+02
    -412  -0.144200E+02  -0.412000E+00   0.258131E-02   0.903459E-01   0.262387E-02   0.319200E+02
    -411  -0.143850E+02  -0.411000E+00   0.262095E-02   0.917331E-01   0.266180E-02   0.318850E+02
    -410  -0.143500E+02  -0.410000E+00   0.265499E-02   0.929248E-01   0.271318E-02   0.318500E+02
    -409  -0.143150E+02  -0.409000E+00   0.275347E-02   0.963714E-01   0.279590E-02   0.318150E+02
    -408  -0.142800E+02  -0.408000E+00   0.281781E-02   0.986233E-01   0.286190E-02   0.317800E+02
    -407  -0.142450E+02  -0.407000E+00   0.291253E-02   0.101939E+00   0.294928E-02   0.317450E+02
    -406  -0.142100E+02  -0.406000E+00   0.296631E-02   0.103821E+00   0.300660E-02   0.317100E+02
    -405  -0.141750E+02  -0.405000E+00   0.301686E-02   0.105590E+00   0.306732E-02   0.316750E+02
    -404  -0.141400E+02  -0.404000E+00   0.310520E-02   0.108682E+00   0.316374E-02   0.316400E+02
    -403  -0.141050E+02  -0.403000E+00   0.318369E-02   0.111429E+00   0.323131E-02   0.316050E+02
    -402  -0.140700E+02  -0.402000E+00   0.328129E-02   0.114845E+00   0.332992E-02   0.315700E+02
    -401  -0.140350E+02  -0.401000E+00   0.336335E-02   0.117717E+00   0.341364E-02   0.315350E+02
    -400  -0.140000E+02  -0.400000E+00   0.339173E-02   0.118710E+00   0.345912E-02   0.315000E+02
    -399  -0.139650E+02  -0.399000E+00   0.349972E-02   0.122490E+00   0.355943E-02   0.314650E+02
    -398  -0.139300E+02  -0.398000E+00   0.358475E-02   0.125466E+00   0.363726E-02   0.314300E+02
    -397  -0.138950E+02  -0.397000E+00   0.367615E-02   0.128665E+00   0.372404E-02   0.313950E+02
    -396  -0.138600E+02  -0.396000E+00   0.375193E-02   0.131317E+00   0.379287E-02   0.313600E+02
    -395  -0.138250E+02  -0.395000E+00   0.382622E-02   0.133918E+00   0.388554E-02   0.313250E+02
    -394  -0.137900E+02  -0.394000E+00   0.389632E-02   0.136371E+00   0.395578E-02   0.312900E+02
    -393  -0.137550E+02  -0.393000E+00   0.396983E-02   0.138944E+00   0.402802E-02   0.312550E+02
    -392  -0.137200E+02  -0.392000E+00   0.407966E-02   0.142788E+00   0.412737E-02   0.312200E+02
    -391  -0.136850E+02  -0.391000E+00   0.414679E-02   0.145138E+00   0.422357E-02   0.311850E+02
    -390  -0.136500E+02  -0.390000E+00   0.424954E-02   0.148734E+00   0.431541E-02   0.311500E+02
    -389  -0.136150E+02  -0.389000E+00   0.432698E-02   0.151444E+00   0.437866E-02   0.311150E+02
    -388  -0.135800E+02  -0.388000E+00   0.443986E-02   0.155395E+00   0.448416E-02   0.310800E+02
    -387  -0.135450E+02  -0.387000E+00   0.452882E-02   0.158509E+00   0.459718E-02   0.310450E+02
    -386  -0.135100E+02  -0.386000E+00   0.463262E-02   0.162142E+00   0.466985E-02   0.310100E+02
    -385  -0.134750E+02  -0.385000E+00   0.470813E-02   0.164785E+00   0.478295E-02   0.309750E+02
    -384  -0.134400E+02  -0.384000E+00   0.478644E-02   0.167526E+00   0.485729E-02   0.309400E+02
    -383  -0.134050E+02  -0.383000E+00   0.489016E-02   0.171155E+00   0.495572E-02   0.309050E+02
    -382  -0.133700E+02  -0.382000E+00   0.500181E-02   0.175064E+00   0.506162E-02   0.308700E+02
    -381  -0.133350E+02  -0.381000E+00   0.506310E-02   0.177208E+00   0.512775E-02   0.308350E+02
    -380  -0.133000E+02  -0.380000E+00   0.517755E-02   0.181214E+00   0.525342E-02   0.308000E+02
    -379  -0.132650E+02  -0.379000E+00   0.530929E-02   0.185825E+00   0.535495E-02   0.307650E+02
    -378  -0.132300E+02  -0.378000E+00   0.540689E-02   0.189241E+00   0.547717E-02   0.307300E+02
    -377  -0.131950E+02  -0.377000E+00   0.550441E-02   0.192654E+00   0.556722E-02   0.306950E+02
    -376  -0.131600E+02  -0.376000E+00   0.555373E-02   0.194381E+00   0.561742E-02   0.306600E+02
    -375  -0.131250E+02  -0.375000E+00   0.568407E-02   0.198942E+00   0.576858E-02   0.306250E+02
    -374  -0.130900E+02  -0.374000E+00   0.580175E-02   0.203061E+00   0.589743E-02   0.305900E+02
    -373  -0.130550E+02  -0.373000E+00   0.593977E-02   0.207892E+00   0.599512E-02   0.305550E+02
    -372  -0.130200E+02  -0.372000E+00   0.600097E-02   0.210034E+00   0.608194E-02   0.305200E+02
    -371  -0.129850E+02  -0.371000E+00   0.611569E-02   0.214049E+00   0.619971E-02   0.304850E+02
    -370  -0.129500E+02  -0.370000E+00   0.625126E-02   0.218794E+00   0.631399E-02   0.304500E+02
    -369  -0.129150E+02  -0.369000E+00   0.636406E-02   0.222742E+00   0.644258E-02   0.304150E+02
    -368  -0.128800E+02  -0.368000E+00   0.641714E-02   0.224600E+00   0.649737E-02   0.303800E+02
    -367  -0.128450E+02  -0.367000E+00   0.656371E-02   0.229730E+00   0.664010E-02   0.303450E+02
    -366  -0.128100E+02  -0.366000E+00   0.668777E-02   0.234072E+00   0.675272E-02   0.303100E+02
    -365  -0.127750E+02  -0.365000E+00   0.679716E-02   0.237900E+00   0.685264E-02   0.302750E+02
    -364  -0.127400E+02  -0.364000E+00   0.690279E-02   0.241598E+00   0.699956E-02   0.302400E+02
    -363  -0.127050E+02  -0.363000E+00   0.699140E-02   0.244699E+00   0.711912E-02   0.302050E+02
    -362  -0.126700E+02  -0.362000E+00   0.715657E-02   0.250480E+00   0.725265E-02   0.301700E+02
    -361  -0.126350E+02  -0.361000E+00   0.723191E-02   0.253117E+00   0.733393E-02   0.301350E+02
    -360  -0.126000E+02  -0.360000E+00   0.732122E-02   0.256243E+00   0.739237E-02   0.301000E+02
    -359  -0.125650E+02  -0.359000E+00   0.751634E-02   0.263072E+00   0.758064E-02   0.300650E+02
    -358  -0.125300E+02  -0.358000E+00   0.761394E-02   0.266488E+00   0.770399E-02   0.300300E+02
    -357  -0.124950E+02  -0.357000E+00   0.772639E-02   0.270424E+00   0.781705E-02   0.299950E+02
    -356  -0.124600E+02  -0.356000E+00   0.786319E-02   0.275212E+00   0.798536E-02   0.299600E+02
    -355  -0.124250E+02  -0.355000E+00   0.797947E-02   0.279282E+00   0.811588E-02   0.299250E+02
    -354  -0.123900E+02  -0.354000E+00   0.813469E-02   0.284714E+00   0.824439E-02   0.298900E+02
    -353  -0.123550E+02  -0.353000E+00   0.821562E-02   0.287547E+00   0.833531E-02   0.298550E+02
    -352  -0.123200E+02  -0.352000E+00   0.836674E-02   0.292836E+00   0.847351E-02   0.298200E+02
    -351  -0.122850E+02  -0.351000E+00   0.851759E-02   0.298116E+00   0.861310E-02   0.297850E+02
    -350  -0.122500E+02  -0.350000E+00   0.867666E-02   0.303683E+00   0.875531E-02   0.297500E+02
    -349  -0.122150E+02  -0.349000E+00   0.880045E-02   0.308016E+00   0.890504E-02   0.297150E+02
    -348  -0.121800E+02  -0.348000E+00   0.886915E-02   0.310420E+00   0.900574E-02   0.296800E+02
    -347  -0.121450E+02  -0.347000E+00   0.905030E-02   0.316761E+00   0.912481E-02   0.296450E+02
    -346  -0.121100E+02  -0.346000E+00   0.918649E-02   0.321527E+00   0.928348E-02   0.296100E+02
    -345  -0.120750E+02  -0.345000E+00   0.930749E-02   0.325762E+00   0.941644E-02   0.295750E+02
    -344  -0.120400E+02  -0.344000E+00   0.941627E-02   0.329569E+00   0.949296E-02   0.295400E+02
    -343  -0.120050E+02  -0.343000E+00   0.954888E-02   0.334211E+00   0.967437E-02   0.295050E+02
    -342  -0.119700E+02  -0.342000E+00   0.976556E-02   0.341795E+00   0.986574E-02   0.294700E+02
    -341  -0.119350E+02  -0.341000E+00   0.986124E-02   0.345143E+00   0.999001E-02   0.294350E+02
    -340  -0.119000E+02  -0.340000E+00   0.996434E-02   0.348752E+00   0.100866E-01   0.294000E+02
    -339  -0.118650E+02  -0.339000E+00   0.101507E-01   0.355276E+00   0.102622E-01   0.293650E+02
    -338  -0.118300E+02  -0.338000E+00   0.103306E-01   0.361570E+00   0.104281E-01   0.293300E+02
    -337  -0.117950E+02  -0.337000E+00   0.104418E-01   0.365463E+00   0.105775E-01   0.292950E+02
    -336  -0.117600E+02  -0.336000E+00   0.105476E-01   0.369166E+00   0.107062E-01   0.292600E+02
    -335  -0.117250E+02  -0.335000E+00   0.106886E-01   0.374101E+00   0.108280E-01   0.292250E+02
    -334  -0.116900E+02  -0.334000E+00   0.108630E-01   0.380206E+00   0.109777E-01   0.291900E+02
    -333  -0.116550E+02  -0.333000E+00   0.110154E-01   0.385541E+00   0.111391E-01   0.291550E+02
    -332  -0.116200E+02  -0.332000E+00   0.112118E-01   0.392412E+00   0.113415E-01   0.291200E+02
    -331  -0.115850E+02  -0.331000E+00   0.113358E-01   0.396754E+00   0.114193E-01   0.290850E+02
    -330  -0.115500E+02  -0.330000E+00   0.114708E-01   0.401478E+00   0.116081E-01   0.290500E+02
    -329  -0.115150E+02  -0.329000E+00   0.116212E-01   0.406743E+00   0.117551E-01   0.290150E+02
    -328  -0.114800E+02  -0.328000E+00   0.117673E-01   0.411855E+00   0.119039E-01   0.289800E+02
    -327  -0.114450E+02  -0.327000E+00   0.118690E-01   0.415415E+00   0.120260E-01   0.289450E+02
    -326  -0.114100E+02  -0.326000E+00   0.120484E-01   0.421694E+00   0.121753E-01   0.289100E+02
    -325  -0.113750E+02  -0.325000E+00   0.122136E-01   0.427475E+00   0.123693E-01   0.288750E+02
    -324  -0.113400E+02  -0.324000E+00   0.123897E-01   0.433641E+00   0.125379E-01   0.288400E+02
    -323  -0.113050E+02  -0.323000E+00   0.125494E-01   0.439229E+00   0.126434E-01   0.288050E+02
    -322  -0.112700E+02  -0.322000E+00   0.127072E-01   0.444751E+00   0.128588E-01   0.287700E+02
    -321  -0.112350E+02  -0.321000E+00   0.128919E-01   0.451216E+00   0.130243E-01   0.287350E+02
    -320  -0.112000E+02  -0.320000E+00   0.129973E-01   0.454907E+00   0.131658E-01   0.287000E+02
    -319  -0.111650E+02  -0.319000E+00   0.131643E-01   0.460749E+00   0.133323E-01   0.286650E+02
    -318  -0.111300E+02  -0.318000E+00   0.133275E-01   0.466463E+00   0.134819E-01   0.286300E+02
    -317  -0.110950E+02  -0.317000E+00   0.134870E-01   0.472046E+00   0.136266E-01   0.285950E+02
    -316  -0.110600E+02  -0.316000E+00   0.137313E-01   0.480595E+00   0.138448E-01   0.285600E+02
    -315  -0.110250E+02  -0.315000E+00   0.139009E-01   0.486532E+00   0.140066E-01   0.285250E+02
    -314  -0.109900E+02  -0.314000E+00   0.140915E-01   0.493202E+00   0.141804E-01   0.284900E+02
    -313  -0.109550E+02  -0.313000E+00   0.141231E-01   0.494308E+00   0.142783E-01   0.284550E+02
    -312  -0.109200E+02  -0.312000E+00   0.143790E-01   0.503264E+00   0.145091E-01   0.284200E+02
    -311  -0.108850E+02  -0.311000E+00   0.144394E-01   0.505378E+00   0.146001E-01   0.283850E+02
    -310  -0.108500E+02  -0.310000E+00   0.146117E-01   0.511410E+00   0.147736E-01   0.283500E+02
    -309  -0.108150E+02  -0.309000E+00   0.147807E-01   0.517326E+00   0.149906E-01   0.283150E+02
    -308  -0.107800E+02  -0.308000E+00   0.149961E-01   0.524864E+00   0.151910E-01   0.282800E+02
    -307  -0.107450E+02  -0.307000E+00   0.151331E-01   0.529658E+00   0.153474E-01   0.282450E+02
    -306  -0.107100E+02  -0.306000E+00   0.153148E-01   0.536016E+00   0.154856E-01   0.282100E+02
    -305  -0.106750E+02  -0.305000E+00   0.155027E-01   0.542595E+00   0.156396E-01   0.281750E+02
    -304  -0.106400E+02  -0.304000E+00   0.156689E-01   0.548413E+00   0.158711E-01   0.281400E+02
    -303  -0.106050E+02  -0.303000E+00   0.158556E-01   0.554945E+00   0.160430E-01   0.281050E+02
    -302  -0.105700E+02  -0.302000E+00   0.160366E-01   0.561279E+00   0.161574E-01   0.280700E+02
    -301  -0.105350E+02  -0.301000E+00   0.161809E-01   0.566333E+00   0.163348E-01   0.280350E+02
    -300  -0.105000E+02  -0.300000E+00   0.163851E-01   0.573480E+00   0.165872E-01   0.280000E+02
    -299  -0.104650E+02  -0.299000E+00   0.165817E-01   0.580361E+00   0.167588E-01   0.279650E+02
    -298  -0.104300E+02  -0.298000E+00   0.166995E-01   0.584483E+00   0.168995E-01   0.279300E+02
    -297  -0.103950E+02  -0.297000E+00   0.169179E-01   0.592125E+00   0.171171E-01   0.278950E+02
    -296  -0.103600E+02  -0.296000E+00   0.170736E-01   0.597576E+00   0.172877E-01   0.278600E+02
    -295  -0.103250E+02  -0.295000E+00   0.172607E-01   0.604124E+00   0.174610E-01   0.278250E+02
    -294  -0.102900E+02  -0.294000E+00   0.174940E-01   0.612288E+00   0.176443E-01   0.277900E+02
    -293  -0.102550E+02  -0.293000E+00   0.176821E-01   0.618873E+00   0.178400E-01   0.277550E+02
    -292  -0.102200E+02  -0.292000E+00   0.178006E-01   0.623019E+00   0.179983E-01   0.277200E+02
    -291  -0.101850E+02  -0.291000E+00   0.179804E-01   0.629314E+00   0.181873E-01   0.276850E+02
    -290  -0.101500E+02  -0.290000E+00   0.182965E-01   0.640378E+00   0.184369E-01   0.276500E+02
    -289  -0.101150E+02  -0.289000E+00   0.184061E-01   0.644213E+00   0.185549E-01   0.276150E+02
    -288  -0.100800E+02  -0.288000E+00   0.186134E-01   0.651469E+00   0.187662E-01   0.275800E+02
    -287  -0.100450E+02  -0.287000E+00   0.188195E-01   0.658684E+00   0.189509E-01   0.275450E+02
    -286  -0.100100E+02  -0.286000E+00   0.189256E-01   0.662396E+00   0.191323E-01   0.275100E+02
    -285  -0.997500E+01  -0.285000E+00   0.190732E-01   0.667563E+00   0.193052E-01   0.274750E+02
    -284  -0.994000E+01  -0.284000E+00   0.192823E-01   0.674881E+00   0.194961E-01   0.274400E+02
    -283  -0.990500E+01  -0.283000E+00   0.194842E-01   0.681945E+00   0.196729E-01   0.274050E+02
    -282  -0.987000E+01  -0.282000E+00   0.197007E-01   0.689523E+00   0.199061E-01   0.273700E+02
    -281  -0.983500E+01  -0.281000E+00   0.198332E-01   0.694161E+00   0.200826E-01   0.273350E+02
    -280  -0.980000E+01  -0.280000E+00   0.201353E-01   0.704736E+00   0.202915E-01   0.273000E+02
    -279  -0.976500E+01  -0.279000E+00   0.202259E-01   0.707908E+00   0.204428E-01   0.272650E+02
    -278  -0.973000E+01  -0.278000E+00   0.204321E-01   0.715122E+00   0.206173E-01   0.272300E+02
    -277  -0.969500E+01  -0.277000E+00   0.206023E-01   0.721081E+00   0.208272E-01   0.271950E+02
    -276  -0.966000E+01  -0.276000E+00   0.208279E-01   0.728976E+00   0.210318E-01   0.271600E+02
    -275  -0.962500E+01  -0.275000E+00   0.210279E-01   0.735976E+00   0.212640E-01   0.271250E+02
    -274  -0.959000E+01  -0.274000E+00   0.212493E-01   0.743725E+00   0.214429E-01   0.270900E+02
    -273  -0.955500E+01  -0.273000E+00   0.214687E-01   0.751404E+00   0.216325E-01   0.270550E+02
    -272  -0.952000E+01  -0.272000E+00   0.215644E-01   0.754756E+00   0.218371E-01   0.270200E+02
    -271  -0.948500E+01  -0.271000E+00   0.217555E-01   0.761444E+00   0.219700E-01   0.269850E+02
    -270  -0.945000E+01  -0.270000E+00   0.220379E-01   0.771326E+00   0.222515E-01   0.269500E+02
    -269  -0.941500E+01  -0.269000E+00   0.222258E-01   0.777904E+00   0.224252E-01   0.269150E+02
    -268  -0.938000E+01  -0.268000E+00   0.224742E-01   0.786597E+00   0.226709E-01   0.268800E+02
    -267  -0.934500E+01  -0.267000E+00   0.226203E-01   0.791709E+00   0.228170E-01   0.268450E+02
    -266  -0.931000E+01  -0.266000E+00   0.228317E-01   0.799110E+00   0.230298E-01   0.268100E+02
    -265  -0.927500E+01  -0.265000E+00   0.230360E-01   0.806260E+00   0.232058E-01   0.267750E+02
    -264  -0.924000E+01  -0.264000E+00   0.231995E-01   0.811983E+00   0.233714E-01   0.267400E+02
    -263  -0.920500E+01  -0.263000E+00   0.234179E-01   0.819627E+00   0.236075E-01   0.267050E+02
    -262  -0.917000E+01  -0.262000E+00   0.235092E-01   0.822824E+00   0.237443E-01   0.266700E+02
    -261  -0.913500E+01  -0.261000E+00   0.238286E-01   0.834001E+00   0.239612E-01   0.266350E+02
    -260  -0.910000E+01  -0.260000E+00   0.240219E-01   0.840766E+00   0.242479E-01   0.266000E+02
    -259  -0.906500E+01  -0.259000E+00   0.242360E-01   0.848261E+00   0.244355E-01   0.265650E+02
    -258  -0.903000E+01  -0.258000E+00   0.244370E-01   0.855295E+00   0.246428E-01   0.265300E+02
    -257  -0.899500E+01  -0.257000E+00   0.245254E-01   0.858390E+00   0.247766E-01   0.264950E+02
    -256  -0.896000E+01  -0.256000E+00   0.248946E-01   0.871312E+00   0.250947E-01   0.264600E+02
    -255  -0.892500E+01  -0.255000E+00   0.250577E-01   0.877019E+00   0.252923E-01   0.264250E+02
    -254  -0.889000E+01  -0.254000E+00   0.251938E-01   0.881783E+00   0.253986E-01   0.263900E+02
    -253  -0.885500E+01  -0.253000E+00   0.254174E-01   0.889608E+00   0.256364E-01   0.263550E+02
    -252  -0.882000E+01  -0.252000E+00   0.255994E-01   0.895979E+00   0.258582E-01   0.263200E+02
    -251  -0.878500E+01  -0.251000E+00   0.258297E-01   0.904040E+00   0.260627E-01   0.262850E+02
    -250  -0.875000E+01  -0.250000E+00   0.260556E-01   0.911947E+00   0.262515E-01   0.262500E+02
    -249  -0.871500E+01  -0.249000E+00   0.262322E-01   0.918129E+00   0.264679E-01   0.262150E+02
    -248  -0.868000E+01  -0.248000E+00   0.263958E-01   0.923855E+00   0.266566E-01   0.261800E+02
    -247  -0.864500E+01  -0.247000E+00   0.266455E-01   0.932593E+00   0.268606E-01   0.261450E+02
    -246  -0.861000E+01  -0.246000E+00   0.268935E-01   0.941274E+00   0.271021E-01   0.261100E+02
    -245  -0.857500E+01  -0.245000E+00   0.270183E-01   0.945641E+00   0.272546E-01   0.260750E+02
    -244  -0.854000E+01  -0.244000E+00   0.272003E-01   0.952011E+00   0.274602E-01   0.260400E+02
    -243  -0.850500E+01  -0.243000E+00   0.274950E-01   0.962324E+00   0.277505E-01   0.260050E+02
    -242  -0.847000E+01  -0.242000E+00   0.277757E-01   0.972150E+00   0.280031E-01   0.259700E+02
    -241  -0.843500E+01  -0.241000E+00   0.279284E-01   0.977494E+00   0.281526E-01   0.259350E+02
    -240  -0.840000E+01  -0.240000E+00   0.281275E-01   0.984461E+00   0.283703E-01   0.259000E+02
    -239  -0.836500E+01  -0.239000E+00   0.284435E-01   0.995522E+00   0.286225E-01   0.258650E+02
    -238  -0.833000E+01  -0.238000E+00   0.285392E-01   0.998871E+00   0.287807E-01   0.258300E+02
    -237  -0.829500E+01  -0.237000E+00   0.286795E-01   0.100378E+01   0.289502E-01   0.257950E+02
    -236  -0.826000E+01  -0.236000E+00   0.289374E-01   0.101281E+01   0.291929E-01   0.257600E+02
    -235  -0.822500E+01  -0.235000E+00   0.291174E-01   0.101911E+01   0.293446E-01   0.257250E+02
    -234  -0.819000E+01  -0.234000E+00   0.293672E-01   0.102785E+01   0.295942E-01   0.256900E+02
    -233  -0.815500E+01  -0.233000E+00   0.295499E-01   0.103424E+01   0.298385E-01   0.256550E+02
    -232  -0.812000E+01  -0.232000E+00   0.297371E-01   0.104080E+01   0.300230E-01   0.256200E+02
    -231  -0.808500E+01  -0.231000E+00   0.299871E-01   0.104955E+01   0.302151E-01   0.255850E+02
    -230  -0.805000E+01  -0.230000E+00   0.302928E-01   0.106025E+01   0.304703E-01   0.255500E+02
    -229  -0.801500E+01  -0.229000E+00   0.303789E-01   0.106326E+01   0.306782E-01   0.255150E+02
    -228  -0.798000E+01  -0.228000E+00   0.306404E-01   0.107241E+01   0.309572E-01   0.254800E+02
    -227  -0.794500E+01  -0.227000E+00   0.308034E-01   0.107812E+01   0.310640E-01   0.254450E+02
    -226  -0.791000E+01  -0.226000E+00   0.310143E-01   0.108550E+01   0.312518E-01   0.254100E+02
    -225  -0.787500E+01  -0.225000E+00   0.311980E-01   0.109193E+01   0.314630E-01   0.253750E+02
    -224  -0.784000E+01  -0.224000E+00   0.313278E-01   0.109647E+01   0.316650E-01   0.253400E+02
    -223  -0.780500E+01  -0.223000E+00   0.316658E-01   0.110830E+01   0.319386E-01   0.253050E+02
    -222  -0.777000E+01  -0.222000E+00   0.317866E-01   0.111253E+01   0.320731E-01   0.252700E+02
    -221  -0.773500E+01  -0.221000E+00   0.320984E-01   0.112344E+01   0.323148E-01   0.252350E+02
    -220  -0.770000E+01  -0.220000E+00   0.322432E-01   0.112851E+01   0.325647E-01   0.252000E+02
    -219  -0.766500E+01  -0.219000E+00   0.325162E-01   0.113807E+01   0.327847E-01   0.251650E+02
    -218  -0.763000E+01  -0.218000E+00   0.325899E-01   0.114065E+01   0.329222E-01   0.251300E+02
    -217  -0.759500E+01  -0.217000E+00   0.328378E-01   0.114932E+01   0.331588E-01   0.250950E+02
    -216  -0.756000E+01  -0.216000E+00   0.331734E-01   0.116107E+01   0.334567E-01   0.250600E+02
    -215  -0.752500E+01  -0.215000E+00   0.332831E-01   0.116491E+01   0.335577E-01   0.250250E+02
    -214  -0.749000E+01  -0.214000E+00   0.335041E-01   0.117264E+01   0.338015E-01   0.249900E+02
    -213  -0.745500E+01  -0.213000E+00   0.337809E-01   0.118233E+01   0.340276E-01   0.249550E+02
    -212  -0.742000E+01  -0.212000E+00   0.338968E-01   0.118639E+01   0.342531E-01   0.249200E+02
    -211  -0.738500E+01  -0.211000E+00   0.340951E-01   0.119333E+01   0.343684E-01   0.248850E+02
    -210  -0.735000E+01  -0.210000E+00   0.344067E-01   0.120424E+01   0.346362E-01   0.248500E+02
    -209  -0.731500E+01  -0.209000E+00   0.346131E-01   0.121146E+01   0.348870E-01   0.248150E+02
    -208  -0.728000E+01  -0.208000E+00   0.347261E-01   0.121541E+01   0.350315E-01   0.247800E+02
    -207  -0.724500E+01  -0.207000E+00   0.350618E-01   0.122716E+01   0.352534E-01   0.247450E+02
    -206  -0.721000E+01  -0.206000E+00   0.352708E-01   0.123448E+01   0.355128E-01   0.247100E+02
    -205  -0.717500E+01  -0.205000E+00   0.355187E-01   0.124315E+01   0.357197E-01   0.246750E+02
    -204  -0.714000E+01  -0.204000E+00   0.356391E-01   0.124737E+01   0.358670E-01   0.246400E+02
    -203  -0.710500E+01  -0.203000E+00   0.358111E-01   0.125339E+01   0.361035E-01   0.246050E+02
    -202  -0.707000E+01  -0.202000E+00   0.360835E-01   0.126292E+01   0.363540E-01   0.245700E+02
    -201  -0.703500E+01  -0.201000E+00   0.361622E-01   0.126568E+01   0.364589E-01   0.245350E+02
    -200  -0.700000E+01  -0.200000E+00   0.364043E-01   0.127415E+01   0.367013E-01   0.245000E+02
    -199  -0.696500E+01  -0.199000E+00   0.366432E-01   0.128251E+01   0.369240E-01   0.244650E+02
    -198  -0.693000E+01  -0.198000E+00   0.369043E-01   0.129165E+01   0.371259E-01   0.244300E+02
    -197  -0.689500E+01  -0.197000E+00   0.370722E-01   0.129753E+01   0.373462E-01   0.243950E+02
    -196  -0.686000E+01  -0.196000E+00   0.374612E-01   0.131114E+01   0.376408E-01   0.243600E+02
    -195  -0.682500E+01  -0.195000E+00   0.374924E-01   0.131223E+01   0.377183E-01   0.243250E+02
    -194  -0.679000E+01  -0.194000E+00   0.376776E-01   0.131872E+01   0.379655E-01   0.242900E+02
    -193  -0.675500E+01  -0.193000E+00   0.378718E-01   0.132551E+01   0.381388E-01   0.242550E+02
    -192  -0.672000E+01  -0.192000E+00   0.381125E-01   0.133394E+01   0.383602E-01   0.242200E+02
    -191  -0.668500E+01  -0.191000E+00   0.383859E-01   0.134351E+01   0.386345E-01   0.241850E+02
    -190  -0.665000E+01  -0.190000E+00   0.385962E-01   0.135087E+01   0.388435E-01   0.241500E+02
    -189  -0.661500E+01  -0.189000E+00   0.386988E-01   0.135446E+01   0.389757E-01   0.241150E+02
    -188  -0.658000E+01  -0.188000E+00   0.388753E-01   0.136064E+01   0.392151E-01   0.240800E+02
    -187  -0.654500E+01  -0.187000E+00   0.391338E-01   0.136968E+01   0.393904E-01   0.240450E+02
    -186  -0.651000E+01  -0.186000E+00   0.392497E-01   0.137374E+01   0.395516E-01   0.240100E+02
    -185  -0.647500E+01  -0.185000E+00   0.395826E-01   0.138539E+01   0.398565E-01   0.239750E+02
    -184  -0.644000E+01  -0.184000E+00   0.397812E-01   0.139234E+01   0.400995E-01   0.239400E+02
    -183  -0.640500E+01  -0.183000E+00   0.399083E-01   0.139679E+01   0.401869E-01   0.239050E+02
    -182  -0.637000E+01  -0.182000E+00   0.400506E-01   0.140177E+01   0.403353E-01   0.238700E+02
    -181  -0.633500E+01  -0.181000E+00   0.403893E-01   0.141363E+01   0.406384E-01   0.238350E+02
    -180  -0.630000E+01  -0.180000E+00   0.406127E-01   0.142144E+01   0.408312E-01   0.238000E+02
    -179  -0.626500E+01  -0.179000E+00   0.408598E-01   0.143009E+01   0.411161E-01   0.237650E+02
    -178  -0.623000E+01  -0.178000E+00   0.410178E-01   0.143562E+01   0.412689E-01   0.237300E+02
    -177  -0.619500E+01  -0.177000E+00   0.412143E-01   0.144250E+01   0.414489E-01   0.236950E+02
    -176  -0.616000E+01  -0.176000E+00   0.414347E-01   0.145022E+01   0.416760E-01   0.236600E+02
    -175  -0.612500E+01  -0.175000E+00   0.415708E-01   0.145498E+01   0.418718E-01   0.236250E+02
    -174  -0.609000E+01  -0.174000E+00   0.418506E-01   0.146477E+01   0.420835E-01   0.235900E+02
    -173  -0.605500E+01  -0.173000E+00   0.420019E-01   0.147007E+01   0.422590E-01   0.235550E+02
    -172  -0.602000E+01  -0.172000E+00   0.421986E-01   0.147695E+01   0.424554E-01   0.235200E+02
    -171  -0.598500E+01  -0.171000E+00   0.424698E-01   0.148644E+01   0.427344E-01   0.234850E+02
    -170  -0.595000E+01  -0.170000E+00   0.425420E-01   0.148897E+01   0.428371E-01   0.234500E+02
    -169  -0.591500E+01  -0.169000E+00   0.428790E-01   0.150077E+01   0.430906E-01   0.234150E+02
    -168  -0.588000E+01  -0.168000E+00   0.431046E-01   0.150866E+01   0.433535E-01   0.233800E+02
    -167  -0.584500E+01  -0.167000E+00   0.431355E-01   0.150974E+01   0.434068E-01   0.233450E+02
    -166  -0.581000E+01  -0.166000E+00   0.434466E-01   0.152063E+01   0.436457E-01   0.233100E+02
    -165  -0.577500E+01  -0.165000E+00   0.435705E-01   0.152497E+01   0.438151E-01   0.232750E+02
    -164  -0.574000E+01  -0.164000E+00   0.435867E-01   0.152553E+01   0.439450E-01   0.232400E+02
    -163  -0.570500E+01  -0.163000E+00   0.439568E-01   0.153849E+01   0.442174E-01   0.232050E+02
    -162  -0.567000E+01  -0.162000E+00   0.441665E-01   0.154583E+01   0.443936E-01   0.231700E+02
    -161  -0.563500E+01  -0.161000E+00   0.444578E-01   0.155602E+01   0.446495E-01   0.231350E+02
    -160  -0.560000E+01  -0.160000E+00   0.445517E-01   0.155931E+01   0.447845E-01   0.231000E+02
    -159  -0.556500E+01  -0.159000E+00   0.446505E-01   0.156277E+01   0.449081E-01   0.230650E+02
    -158  -0.553000E+01  -0.158000E+00   0.450608E-01   0.157713E+01   0.452652E-01   0.230300E+02
    -157  -0.549500E+01  -0.157000E+00   0.451437E-01   0.158003E+01   0.453811E-01   0.229950E+02
    -156  -0.546000E+01  -0.156000E+00   0.453310E-01   0.158659E+01   0.456004E-01   0.229600E+02
    -155  -0.542500E+01  -0.155000E+00   0.455856E-01   0.159550E+01   0.457647E-01   0.229250E+02
    -154  -0.539000E+01  -0.154000E+00   0.457367E-01   0.160079E+01   0.459398E-01   0.228900E+02
    -153  -0.535500E+01  -0.153000E+00   0.459728E-01   0.160905E+01   0.462051E-01   0.228550E+02
    -152  -0.532000E+01  -0.152000E+00   0.459652E-01   0.160878E+01   0.462304E-01   0.228200E+02
    -151  -0.528500E+01  -0.151000E+00   0.462223E-01   0.161778E+01   0.464573E-01   0.227850E+02
    -150  -0.525000E+01  -0.150000E+00   0.465288E-01   0.162851E+01   0.467355E-01   0.227500E+02
    -149  -0.521500E+01  -0.149000E+00   0.465084E-01   0.162779E+01   0.468182E-01   0.227150E+02
    -148  -0.518000E+01  -0.148000E+00   0.469340E-01   0.164269E+01   0.470824E-01   0.226800E+02
    -147  -0.514500E+01  -0.147000E+00   0.469835E-01   0.164442E+01   0.472388E-01   0.226450E+02
    -146  -0.511000E+01  -0.146000E+00   0.472147E-01   0.165251E+01   0.474326E-01   0.226100E+02
    -145  -0.507500E+01  -0.145000E+00   0.472469E-01   0.165364E+01   0.475551E-01   0.225750E+02
    -144  -0.504000E+01  -0.144000E+00   0.475419E-01   0.166397E+01   0.477243E-01   0.225400E+02
    -143  -0.500500E+01  -0.143000E+00   0.477158E-01   0.167005E+01   0.479097E-01   0.225050E+02
    -142  -0.497000E+01  -0.142000E+00   0.480134E-01   0.168047E+01   0.482019E-01   0.224700E+02
    -141  -0.493500E+01  -0.141000E+00   0.480040E-01   0.168014E+01   0.482159E-01   0.224350E+02
    -140  -0.490000E+01  -0.140000E+00   0.482949E-01   0.169032E+01   0.484696E-01   0.224000E+02
    -139  -0.486500E+01  -0.139000E+00   0.483431E-01   0.169201E+01   0.485876E-01   0.223650E+02
    -138  -0.483000E+01  -0.138000E+00   0.486941E-01   0.170429E+01   0.488764E-01   0.223300E+02
    -137  -0.479500E+01  -0.137000E+00   0.488376E-01   0.170932E+01   0.489882E-01   0.222950E+02
    -136  -0.476000E+01  -0.136000E+00   0.490489E-01   0.171671E+01   0.492417E-01   0.222600E+02
    -135  -0.472500E+01  -0.135000E+00   0.491989E-01   0.172196E+01   0.494113E-01   0.222250E+02
    -134  -0.469000E+01  -0.134000E+00   0.492510E-01   0.172379E+01   0.494328E-01   0.221900E+02
    -133  -0.465500E+01  -0.133000E+00   0.493600E-01   0.172760E+01   0.496601E-01   0.221550E+02
    -132  -0.462000E+01  -0.132000E+00   0.496493E-01   0.173773E+01   0.498708E-01   0.221200E+02
    -131  -0.458500E+01  -0.131000E+00   0.498456E-01   0.174459E+01   0.500602E-01   0.220850E+02
    -130  -0.455000E+01  -0.130000E+00   0.500419E-01   0.175147E+01   0.502386E-01   0.220500E+02
    -129  -0.451500E+01  -0.129000E+00   0.502601E-01   0.175910E+01   0.505084E-01   0.220150E+02
    -128  -0.448000E+01  -0.128000E+00   0.503764E-01   0.176317E+01   0.505743E-01   0.219800E+02
    -127  -0.444500E+01  -0.127000E+00   0.504879E-01   0.176708E+01   0.507151E-01   0.219450E+02
    -126  -0.441000E+01  -0.126000E+00   0.507867E-01   0.177754E+01   0.508998E-01   0.219100E+02
    -125  -0.437500E+01  -0.125000E+00   0.507508E-01   0.177628E+01   0.510235E-01   0.218750E+02
    -124  -0.434000E+01  -0.124000E+00   0.510006E-01   0.178502E+01   0.512188E-01   0.218400E+02
    -123  -0.430500E+01  -0.123000E+00   0.511758E-01   0.179115E+01   0.513473E-01   0.218050E+02
    -122  -0.427000E+01  -0.122000E+00   0.513684E-01   0.179789E+01   0.516136E-01   0.217700E+02
    -121  -0.423500E+01  -0.121000E+00   0.515865E-01   0.180553E+01   0.517127E-01   0.217350E+02
    -120  -0.420000E+01  -0.120000E+00   0.517369E-01   0.181079E+01   0.518626E-01   0.217000E+02
    -119  -0.416500E+01  -0.119000E+00   0.518591E-01   0.181507E+01   0.519834E-01   0.216650E+02
    -118  -0.413000E+01  -0.118000E+00   0.520175E-01   0.182061E+01   0.521984E-01   0.216300E+02
    -117  -0.409500E+01  -0.117000E+00   0.522914E-01   0.183020E+01   0.523998E-01   0.215950E+02
    -116  -0.406000E+01  -0.116000E+00   0.523736E-01   0.183308E+01   0.525387E-01   0.215600E+02
    -115  -0.402500E+01  -0.115000E+00   0.524851E-01   0.183698E+01   0.526900E-01   0.215250E+02
    -114  -0.399000E+01  -0.114000E+00   0.526547E-01   0.184292E+01   0.527742E-01   0.214900E+02
    -113  -0.395500E+01  -0.113000E+00   0.529042E-01   0.185165E+01   0.530001E-01   0.214550E+02
    -112  -0.392000E+01  -0.112000E+00   0.528862E-01   0.185102E+01   0.530817E-01   0.214200E+02
    -111  -0.388500E+01  -0.111000E+00   0.531718E-01   0.186101E+01   0.533034E-01   0.213850E+02
    -110  -0.385000E+01  -0.110000E+00   0.531577E-01   0.186052E+01   0.533725E-01   0.213500E+02
    -109  -0.381500E+01  -0.109000E+00   0.534947E-01   0.187232E+01   0.536388E-01   0.213150E+02
    -108  -0.378000E+01  -0.108000E+00   0.537469E-01   0.188114E+01   0.538192E-01   0.212800E+02
    -107  -0.374500E+01  -0.107000E+00   0.537366E-01   0.188078E+01   0.538534E-01   0.212450E+02
    -106  -0.371000E+01  -0.106000E+00   0.539332E-01   0.188766E+01   0.540382E-01   0.212100E+02
    -105  -0.367500E+01  -0.105000E+00   0.540173E-01   0.189061E+01   0.540927E-01   0.211750E+02
    -104  -0.364000E+01  -0.104000E+00   0.542136E-01   0.189748E+01   0.542901E-01   0.211400E+02
    -103  -0.360500E+01  -0.103000E+00   0.544343E-01   0.190520E+01   0.544901E-01   0.211050E+02
    -102  -0.357000E+01  -0.102000E+00   0.544136E-01   0.190447E+01   0.545445E-01   0.210700E+02
    -101  -0.353500E+01  -0.101000E+00   0.545294E-01   0.190853E+01   0.546716E-01   0.210350E+02
    -100  -0.350000E+01  -0.100000E+00   0.547593E-01   0.191657E+01   0.548755E-01   0.210000E+02
     -99  -0.346500E+01  -0.990000E-01   0.549285E-01   0.192250E+01   0.550083E-01   0.209650E+02
     -98  -0.343000E+01  -0.980000E-01   0.550771E-01   0.192770E+01   0.551944E-01   0.209300E+02
     -97  -0.339500E+01  -0.970000E-01   0.552133E-01   0.193247E+01   0.552502E-01   0.208950E+02
     -96  -0.336000E+01  -0.960000E-01   0.552947E-01   0.193531E+01   0.554435E-01   0.208600E+02
     -95  -0.332500E+01  -0.950000E-01   0.554556E-01   0.194095E+01   0.556649E-01   0.208250E+02
     -94  -0.329000E+01  -0.940000E-01   0.555227E-01   0.194330E+01   0.556346E-01   0.207900E+02
     -93  -0.325500E+01  -0.930000E-01   0.556498E-01   0.194774E+01   0.557838E-01   0.207550E+02
     -92  -0.322000E+01  -0.920000E-01   0.559966E-01   0.195988E+01   0.560162E-01   0.207200E+02
     -91  -0.318500E+01  -0.910000E-01   0.560548E-01   0.196192E+01   0.561805E-01   0.206850E+02
     -90  -0.315000E+01  -0.900000E-01   0.559830E-01   0.195940E+01   0.560949E-01   0.206500E+02
     -89  -0.311500E+01  -0.890000E-01   0.563506E-01   0.197227E+01   0.563898E-01   0.206150E+02
     -88  -0.308000E+01  -0.880000E-01   0.563587E-01   0.197256E+01   0.564900E-01   0.205800E+02
     -87  -0.304500E+01  -0.870000E-01   0.564996E-01   0.197749E+01   0.566378E-01   0.205450E+02
     -86  -0.301000E+01  -0.860000E-01   0.566788E-01   0.198376E+01   0.567184E-01   0.205100E+02
     -85  -0.297500E+01  -0.850000E-01   0.567552E-01   0.198643E+01   0.568163E-01   0.204750E+02
     -84  -0.294000E+01  -0.840000E-01   0.569846E-01   0.199446E+01   0.570285E-01   0.204400E+02
     -83  -0.290500E+01  -0.830000E-01   0.571177E-01   0.199912E+01   0.571432E-01   0.204050E+02
     -82  -0.287000E+01  -0.820000E-01   0.571314E-01   0.199960E+01   0.572364E-01   0.203700E+02
     -81  -0.283500E+01  -0.810000E-01   0.573254E-01   0.200639E+01   0.574367E-01   0.203350E+02
     -80  -0.280000E+01  -0.800000E-01   0.572929E-01   0.200525E+01   0.574637E-01   0.203000E+02
     -79  -0.276500E+01  -0.790000E-01   0.574282E-01   0.200999E+01   0.575078E-01   0.202650E+02
     -78  -0.273000E+01  -0.780000E-01   0.575792E-01   0.201527E+01   0.576560E-01   0.202300E+02
     -77  -0.269500E+01  -0.770000E-01   0.578303E-01   0.202406E+01   0.578897E-01   0.201950E+02
     -76  -0.266000E+01  -0.760000E-01   0.579170E-01   0.202709E+01   0.579442E-01   0.201600E+02
     -75  -0.262500E+01  -0.750000E-01   0.579115E-01   0.202690E+01   0.580400E-01   0.201250E+02
     -74  -0.259000E+01  -0.740000E-01   0.580753E-01   0.203264E+01   0.581311E-01   0.200900E+02
     -73  -0.255500E+01  -0.730000E-01   0.582019E-01   0.203707E+01   0.582859E-01   0.200550E+02
     -72  -0.252000E+01  -0.720000E-01   0.581575E-01   0.203551E+01   0.582569E-01   0.200200E+02
     -71  -0.248500E+01  -0.710000E-01   0.583203E-01   0.204121E+01   0.584136E-01   0.199850E+02
     -70  -0.245000E+01  -0.700000E-01   0.585153E-01   0.204804E+01   0.586319E-01   0.199500E+02
     -69  -0.241500E+01  -0.690000E-01   0.585618E-01   0.204966E+01   0.586313E-01   0.199150E+02
     -68  -0.238000E+01  -0.680000E-01   0.586902E-01   0.205416E+01   0.587859E-01   0.198800E+02
     -67  -0.234500E+01  -0.670000E-01   0.589700E-01   0.206395E+01   0.589148E-01   0.198450E+02
     -66  -0.231000E+01  -0.660000E-01   0.589854E-01   0.206449E+01   0.590147E-01   0.198100E+02
     -65  -0.227500E+01  -0.650000E-01   0.588642E-01   0.206025E+01   0.589808E-01   0.197750E+02
     -64  -0.224000E+01  -0.640000E-01   0.590595E-01   0.206708E+01   0.591740E-01   0.197400E+02
     -63  -0.220500E+01  -0.630000E-01   0.592485E-01   0.207370E+01   0.592741E-01   0.197050E+02
     -62  -0.217000E+01  -0.620000E-01   0.592301E-01   0.207305E+01   0.592997E-01   0.196700E+02
     -61  -0.213500E+01  -0.610000E-01   0.592970E-01   0.207540E+01   0.594258E-01   0.196350E+02
     -60  -0.210000E+01  -0.600000E-01   0.595534E-01   0.208437E+01   0.594987E-01   0.196000E+02
     -59  -0.206500E+01  -0.590000E-01   0.596147E-01   0.208651E+01   0.596436E-01   0.195650E+02
     -58  -0.203000E+01  -0.580000E-01   0.596141E-01   0.208649E+01   0.597140E-01   0.195300E+02
     -57  -0.199500E+01  -0.570000E-01   0.598079E-01   0.209328E+01   0.598711E-01   0.194950E+02
     -56  -0.196000E+01  -0.560000E-01   0.596512E-01   0.208779E+01   0.597441E-01   0.194600E+02
     -55  -0.192500E+01  -0.550000E-01   0.598993E-01   0.209648E+01   0.599219E-01   0.194250E+02
     -54  -0.189000E+01  -0.540000E-01   0.599433E-01   0.209802E+01   0.599666E-01   0.193900E+02
     -53  -0.185500E+01  -0.530000E-01   0.601078E-01   0.210377E+01   0.602008E-01   0.193550E+02
     -52  -0.182000E+01  -0.520000E-01   0.602305E-01   0.210807E+01   0.602627E-01   0.193200E+02
     -51  -0.178500E+01  -0.510000E-01   0.602142E-01   0.210750E+01   0.603400E-01   0.192850E+02
     -50  -0.175000E+01  -0.500000E-01   0.602962E-01   0.211037E+01   0.603813E-01   0.192500E+02
     -49  -0.171500E+01  -0.490000E-01   0.604885E-01   0.211710E+01   0.604248E-01   0.192150E+02
     -48  -0.168000E+01  -0.480000E-01   0.604114E-01   0.211440E+01   0.604877E-01   0.191800E+02
     -47  -0.164500E+01  -0.470000E-01   0.606373E-01   0.212231E+01   0.605728E-01   0.191450E+02
     -46  -0.161000E+01  -0.460000E-01   0.605802E-01   0.212031E+01   0.606891E-01   0.191100E+02
     -45  -0.157500E+01  -0.450000E-01   0.608300E-01   0.212905E+01   0.608165E-01   0.190750E+02
     -44  -0.154000E+01  -0.440000E-01   0.607589E-01   0.212656E+01   0.608046E-01   0.190400E+02
     -43  -0.150500E+01  -0.430000E-01   0.606644E-01   0.212325E+01   0.607418E-01   0.190050E+02
     -42  -0.147000E+01  -0.420000E-01   0.609768E-01   0.213419E+01   0.609709E-01   0.189700E+02
     -41  -0.143500E+01  -0.410000E-01   0.609331E-01   0.213266E+01   0.609584E-01   0.189350E+02
     -40  -0.140000E+01  -0.400000E-01   0.612052E-01   0.214218E+01   0.611217E-01   0.189000E+02
     -39  -0.136500E+01  -0.390000E-01   0.611677E-01   0.214087E+01   0.611212E-01   0.188650E+02
     -38  -0.133000E+01  -0.380000E-01   0.611047E-01   0.213866E+01   0.611187E-01   0.188300E+02
     -37  -0.129500E+01  -0.370000E-01   0.611875E-01   0.214156E+01   0.612033E-01   0.187950E+02
     -36  -0.126000E+01  -0.360000E-01   0.613331E-01   0.214666E+01   0.612588E-01   0.187600E+02
     -35  -0.122500E+01  -0.350000E-01   0.613813E-01   0.214835E+01   0.613652E-01   0.187250E+02
     -34  -0.119000E+01  -0.340000E-01   0.614239E-01   0.214984E+01   0.613859E-01   0.186900E+02
     -33  -0.115500E+01  -0.330000E-01   0.613824E-01   0.214838E+01   0.614366E-01   0.186550E+02
     -32  -0.112000E+01  -0.320000E-01   0.612982E-01   0.214544E+01   0.613491E-01   0.186200E+02
     -31  -0.108500E+01  -0.310000E-01   0.615515E-01   0.215430E+01   0.615882E-01   0.185850E+02
     -30  -0.105000E+01  -0.300000E-01   0.618121E-01   0.216342E+01   0.617171E-01   0.185500E+02
     -29  -0.101500E+01  -0.290000E-01   0.614549E-01   0.215092E+01   0.615585E-01   0.185150E+02
     -28  -0.980000E+00  -0.280000E-01   0.616511E-01   0.215779E+01   0.616996E-01   0.184800E+02
     -27  -0.945000E+00  -0.270000E-01   0.617010E-01   0.215954E+01   0.616784E-01   0.184450E+02
     -26  -0.910000E+00  -0.260000E-01   0.617513E-01   0.216130E+01   0.617639E-01   0.184100E+02
     -25  -0.875000E+00  -0.250000E-01   0.618314E-01   0.216410E+01   0.618296E-01   0.183750E+02
     -24  -0.840000E+00  -0.240000E-01   0.618791E-01   0.216577E+01   0.618643E-01   0.183400E+02
     -23  -0.805000E+00  -0.230000E-01   0.619470E-01   0.216815E+01   0.619781E-01   0.183050E+02
     -22  -0.770000E+00  -0.220000E-01   0.617610E-01   0.216163E+01   0.617839E-01   0.182700E+02
     -21  -0.735000E+00  -0.210000E-01   0.619071E-01   0.216675E+01   0.619721E-01   0.182350E+02
     -20  -0.700000E+00  -0.200000E-01   0.619636E-01   0.216873E+01   0.619293E-01   0.182000E+02
     -19  -0.665000E+00  -0.190000E-01   0.621063E-01   0.217372E+01   0.620634E-01   0.181650E+02
     -18  -0.630000E+00  -0.180000E-01   0.620683E-01   0.217239E+01   0.621150E-01   0.181300E+02
     -17  -0.595000E+00  -0.170000E-01   0.620916E-01   0.217321E+01   0.620669E-01   0.180950E+02
     -16  -0.560000E+00  -0.160000E-01   0.620049E-01   0.217017E+01   0.620439E-01   0.180600E+02
     -15  -0.525000E+00  -0.150000E-01   0.621080E-01   0.217378E+01   0.621207E-01   0.180250E+02
     -14  -0.490000E+00  -0.140000E-01   0.621944E-01   0.217681E+01   0.620984E-01   0.179900E+02
     -13  -0.455000E+00  -0.130000E-01   0.622188E-01   0.217766E+01   0.621539E-01   0.179550E+02
     -12  -0.420000E+00  -0.120000E-01   0.621743E-01   0.217610E+01   0.621812E-01   0.179200E+02
     -11  -0.385000E+00  -0.110000E-01   0.622624E-01   0.217919E+01   0.622971E-01   0.178850E+02
     -10  -0.350000E+00  -0.100000E-01   0.621383E-01   0.217484E+01   0.621605E-01   0.178500E+02
      -9  -0.315000E+00  -0.900000E-02   0.622021E-01   0.217707E+01   0.622143E-01   0.178150E+02
      -8  -0.280000E+00  -0.800000E-02   0.622293E-01   0.217803E+01   0.622112E-01   0.177800E+02
      -7  -0.245000E+00  -0.700000E-02   0.623643E-01   0.218275E+01   0.623253E-01   0.177450E+02
      -6  -0.210000E+00  -0.600000E-02   0.623184E-01   0.218114E+01   0.622862E-01   0.177100E+02
      -5  -0.175000E+00  -0.500000E-02   0.621310E-01   0.217458E+01   0.622940E-01   0.176750E+02
      -4  -0.140000E+00  -0.400000E-02   0.623566E-01   0.218248E+01   0.623686E-01   0.176400E+02
      -3  -0.105000E+00  -0.300000E-02   0.623473E-01   0.218216E+01   0.623776E-01   0.176050E+02
      -2  -0.700000E-01  -0.200000E-02   0.622692E-01   0.217942E+01   0.623033E-01   0.175700E+02
      -1  -0.350000E-01  -0.100000E-02   0.622364E-01   0.217827E+01   0.622324E-01   0.175350E+02
       0   0.000000E+00   0.000000E+00   0.623639E-01   0.218274E+01   0.623639E-01   0.175000E+02
       1   0.350000E-01   0.100000E-02   0.622285E-01   0.217800E+01   0.622324E-01   0.174650E+02
       2   0.700000E-01   0.200000E-02   0.623375E-01   0.218181E+01   0.623033E-01   0.174300E+02
       3   0.105000E+00   0.300000E-02   0.624080E-01   0.218428E+01   0.623776E-01   0.173950E+02
       4   0.140000E+00   0.400000E-02   0.623806E-01   0.218332E+01   0.623686E-01   0.173600E+02
       5   0.175000E+00   0.500000E-02   0.624570E-01   0.218600E+01   0.622940E-01   0.173250E+02
       6   0.210000E+00   0.600000E-02   0.622541E-01   0.217889E+01   0.622862E-01   0.172900E+02
       7   0.245000E+00   0.700000E-02   0.622863E-01   0.218002E+01   0.623253E-01   0.172550E+02
       8   0.280000E+00   0.800000E-02   0.621930E-01   0.217676E+01   0.622112E-01   0.172200E+02
       9   0.315000E+00   0.900000E-02   0.622266E-01   0.217793E+01   0.622143E-01   0.171850E+02
      10   0.350000E+00   0.100000E-01   0.621826E-01   0.217639E+01   0.621605E-01   0.171500E+02
      11   0.385000E+00   0.110000E-01   0.623318E-01   0.218161E+01   0.622971E-01   0.171150E+02
      12   0.420000E+00   0.120000E-01   0.621881E-01   0.217659E+01   0.621812E-01   0.170800E+02
      13   0.455000E+00   0.130000E-01   0.620891E-01   0.217312E+01   0.621539E-01   0.170450E+02
      14   0.490000E+00   0.140000E-01   0.620023E-01   0.217008E+01   0.620984E-01   0.170100E+02
      15   0.525000E+00   0.150000E-01   0.621334E-01   0.217467E+01   0.621207E-01   0.169750E+02
      16   0.560000E+00   0.160000E-01   0.620829E-01   0.217290E+01   0.620439E-01   0.169400E+02
      17   0.595000E+00   0.170000E-01   0.620422E-01   0.217148E+01   0.620669E-01   0.169050E+02
      18   0.630000E+00   0.180000E-01   0.621617E-01   0.217566E+01   0.621150E-01   0.168700E+02
      19   0.665000E+00   0.190000E-01   0.620206E-01   0.217072E+01   0.620634E-01   0.168350E+02
      20   0.700000E+00   0.200000E-01   0.618949E-01   0.216632E+01   0.619293E-01   0.168000E+02
      21   0.735000E+00   0.210000E-01   0.620370E-01   0.217130E+01   0.619721E-01   0.167650E+02
      22   0.770000E+00   0.220000E-01   0.618068E-01   0.216324E+01   0.617839E-01   0.167300E+02
      23   0.805000E+00   0.230000E-01   0.620091E-01   0.217032E+01   0.619781E-01   0.166950E+02
      24   0.840000E+00   0.240000E-01   0.618495E-01   0.216473E+01   0.618643E-01   0.166600E+02
      25   0.875000E+00   0.250000E-01   0.618277E-01   0.216397E+01   0.618296E-01   0.166250E+02
      26   0.910000E+00   0.260000E-01   0.617764E-01   0.216218E+01   0.617639E-01   0.165900E+02
      27   0.945000E+00   0.270000E-01   0.616557E-01   0.215795E+01   0.616784E-01   0.165550E+02
      28   0.980000E+00   0.280000E-01   0.617481E-01   0.216118E+01   0.616996E-01   0.165200E+02
      29   0.101500E+01   0.290000E-01   0.616621E-01   0.215817E+01   0.615585E-01   0.164850E+02
      30   0.105000E+01   0.300000E-01   0.616220E-01   0.215677E+01   0.617171E-01   0.164500E+02
      31   0.108500E+01   0.310000E-01   0.616248E-01   0.215687E+01   0.615882E-01   0.164150E+02
      32   0.112000E+01   0.320000E-01   0.614001E-01   0.214900E+01   0.613491E-01   0.163800E+02
      33   0.115500E+01   0.330000E-01   0.614909E-01   0.215218E+01   0.614366E-01   0.163450E+02
      34   0.119000E+01   0.340000E-01   0.613479E-01   0.214718E+01   0.613859E-01   0.163100E+02
      35   0.122500E+01   0.350000E-01   0.613492E-01   0.214722E+01   0.613652E-01   0.162750E+02
      36   0.126000E+01   0.360000E-01   0.611845E-01   0.214146E+01   0.612588E-01   0.162400E+02
      37   0.129500E+01   0.370000E-01   0.612191E-01   0.214267E+01   0.612033E-01   0.162050E+02
      38   0.133000E+01   0.380000E-01   0.611328E-01   0.213965E+01   0.611187E-01   0.161700E+02
      39   0.136500E+01   0.390000E-01   0.610748E-01   0.213762E+01   0.611212E-01   0.161350E+02
      40   0.140000E+01   0.400000E-01   0.610382E-01   0.213634E+01   0.611217E-01   0.161000E+02
      41   0.143500E+01   0.410000E-01   0.609837E-01   0.213443E+01   0.609584E-01   0.160650E+02
      42   0.147000E+01   0.420000E-01   0.609650E-01   0.213377E+01   0.609709E-01   0.160300E+02
      43   0.150500E+01   0.430000E-01   0.608192E-01   0.212867E+01   0.607418E-01   0.159950E+02
      44   0.154000E+01   0.440000E-01   0.608503E-01   0.212976E+01   0.608046E-01   0.159600E+02
      45   0.157500E+01   0.450000E-01   0.608030E-01   0.212811E+01   0.608165E-01   0.159250E+02
      46   0.161000E+01   0.460000E-01   0.607979E-01   0.212793E+01   0.606891E-01   0.158900E+02
      47   0.164500E+01   0.470000E-01   0.605082E-01   0.211779E+01   0.605728E-01   0.158550E+02
      48   0.168000E+01   0.480000E-01   0.605641E-01   0.211974E+01   0.604877E-01   0.158200E+02
      49   0.171500E+01   0.490000E-01   0.603610E-01   0.211264E+01   0.604248E-01   0.157850E+02
      50   0.175000E+01   0.500000E-01   0.604664E-01   0.211632E+01   0.603813E-01   0.157500E+02
      51   0.178500E+01   0.510000E-01   0.604659E-01   0.211631E+01   0.603400E-01   0.157150E+02
      52   0.182000E+01   0.520000E-01   0.602949E-01   0.211032E+01   0.602627E-01   0.156800E+02
      53   0.185500E+01   0.530000E-01   0.602939E-01   0.211029E+01   0.602008E-01   0.156450E+02
      54   0.189000E+01   0.540000E-01   0.599899E-01   0.209965E+01   0.599666E-01   0.156100E+02
      55   0.192500E+01   0.550000E-01   0.599445E-01   0.209806E+01   0.599219E-01   0.155750E+02
      56   0.196000E+01   0.560000E-01   0.598370E-01   0.209430E+01   0.597441E-01   0.155400E+02
      57   0.199500E+01   0.570000E-01   0.599344E-01   0.209770E+01   0.598711E-01   0.155050E+02
      58   0.203000E+01   0.580000E-01   0.598140E-01   0.209349E+01   0.597140E-01   0.154700E+02
      59   0.206500E+01   0.590000E-01   0.596725E-01   0.208854E+01   0.596436E-01   0.154350E+02
      60   0.210000E+01   0.600000E-01   0.594440E-01   0.208054E+01   0.594987E-01   0.154000E+02
      61   0.213500E+01   0.610000E-01   0.595546E-01   0.208441E+01   0.594258E-01   0.153650E+02
      62   0.217000E+01   0.620000E-01   0.593692E-01   0.207792E+01   0.592997E-01   0.153300E+02
      63   0.220500E+01   0.630000E-01   0.592997E-01   0.207549E+01   0.592741E-01   0.152950E+02
      64   0.224000E+01   0.640000E-01   0.592884E-01   0.207510E+01   0.591740E-01   0.152600E+02
      65   0.227500E+01   0.650000E-01   0.590973E-01   0.206841E+01   0.589808E-01   0.152250E+02
      66   0.231000E+01   0.660000E-01   0.590439E-01   0.206654E+01   0.590147E-01   0.151900E+02
      67   0.234500E+01   0.670000E-01   0.588597E-01   0.206009E+01   0.589148E-01   0.151550E+02
      68   0.238000E+01   0.680000E-01   0.588817E-01   0.206086E+01   0.587859E-01   0.151200E+02
      69   0.241500E+01   0.690000E-01   0.587009E-01   0.205453E+01   0.586313E-01   0.150850E+02
      70   0.245000E+01   0.700000E-01   0.587484E-01   0.205619E+01   0.586319E-01   0.150500E+02
      71   0.248500E+01   0.710000E-01   0.585069E-01   0.204774E+01   0.584136E-01   0.150150E+02
      72   0.252000E+01   0.720000E-01   0.583564E-01   0.204247E+01   0.582569E-01   0.149800E+02
      73   0.255500E+01   0.730000E-01   0.583700E-01   0.204295E+01   0.582859E-01   0.149450E+02
      74   0.259000E+01   0.740000E-01   0.581870E-01   0.203654E+01   0.581311E-01   0.149100E+02
      75   0.262500E+01   0.750000E-01   0.581685E-01   0.203590E+01   0.580400E-01   0.148750E+02
      76   0.266000E+01   0.760000E-01   0.579714E-01   0.202900E+01   0.579442E-01   0.148400E+02
      77   0.269500E+01   0.770000E-01   0.579491E-01   0.202822E+01   0.578897E-01   0.148050E+02
      78   0.273000E+01   0.780000E-01   0.577328E-01   0.202065E+01   0.576560E-01   0.147700E+02
      79   0.276500E+01   0.790000E-01   0.575873E-01   0.201556E+01   0.575078E-01   0.147350E+02
      80   0.280000E+01   0.800000E-01   0.576345E-01   0.201721E+01   0.574637E-01   0.147000E+02
      81   0.283500E+01   0.810000E-01   0.575479E-01   0.201418E+01   0.574367E-01   0.146650E+02
      82   0.287000E+01   0.820000E-01   0.573413E-01   0.200695E+01   0.572364E-01   0.146300E+02
      83   0.290500E+01   0.830000E-01   0.571687E-01   0.200090E+01   0.571432E-01   0.145950E+02
      84   0.294000E+01   0.840000E-01   0.570724E-01   0.199753E+01   0.570285E-01   0.145600E+02
      85   0.297500E+01   0.850000E-01   0.568775E-01   0.199071E+01   0.568163E-01   0.145250E+02
      86   0.301000E+01   0.860000E-01   0.567579E-01   0.198653E+01   0.567184E-01   0.144900E+02
      87   0.304500E+01   0.870000E-01   0.567759E-01   0.198716E+01   0.566378E-01   0.144550E+02
      88   0.308000E+01   0.880000E-01   0.566212E-01   0.198174E+01   0.564900E-01   0.144200E+02
      89   0.311500E+01   0.890000E-01   0.564291E-01   0.197502E+01   0.563898E-01   0.143850E+02
      90   0.315000E+01   0.900000E-01   0.562067E-01   0.196724E+01   0.560949E-01   0.143500E+02
      91   0.318500E+01   0.910000E-01   0.563062E-01   0.197072E+01   0.561805E-01   0.143150E+02
      92   0.322000E+01   0.920000E-01   0.560358E-01   0.196125E+01   0.560162E-01   0.142800E+02
      93   0.325500E+01   0.930000E-01   0.559177E-01   0.195712E+01   0.557838E-01   0.142450E+02
      94   0.329000E+01   0.940000E-01   0.557465E-01   0.195113E+01   0.556346E-01   0.142100E+02
      95   0.332500E+01   0.950000E-01   0.558742E-01   0.195560E+01   0.556649E-01   0.141750E+02
      96   0.336000E+01   0.960000E-01   0.555923E-01   0.194573E+01   0.554435E-01   0.141400E+02
      97   0.339500E+01   0.970000E-01   0.552870E-01   0.193505E+01   0.552502E-01   0.141050E+02
      98   0.343000E+01   0.980000E-01   0.553117E-01   0.193591E+01   0.551944E-01   0.140700E+02
      99   0.346500E+01   0.990000E-01   0.550882E-01   0.192809E+01   0.550083E-01   0.140350E+02
     100   0.350000E+01   0.100000E+00   0.549917E-01   0.192471E+01   0.548755E-01   0.140000E+02
     101   0.353500E+01   0.101000E+00   0.548138E-01   0.191848E+01   0.546716E-01   0.139650E+02
     102   0.357000E+01   0.102000E+00   0.546754E-01   0.191364E+01   0.545445E-01   0.139300E+02
     103   0.360500E+01   0.103000E+00   0.545459E-01   0.190911E+01   0.544901E-01   0.138950E+02
     104   0.364000E+01   0.104000E+00   0.543665E-01   0.190283E+01   0.542901E-01   0.138600E+02
     105   0.367500E+01   0.105000E+00   0.541681E-01   0.189588E+01   0.540927E-01   0.138250E+02
     106   0.371000E+01   0.106000E+00   0.541432E-01   0.189501E+01   0.540382E-01   0.137900E+02
     107   0.374500E+01   0.107000E+00   0.539703E-01   0.188896E+01   0.538534E-01   0.137550E+02
     108   0.378000E+01   0.108000E+00   0.538915E-01   0.188620E+01   0.538192E-01   0.137200E+02
     109   0.381500E+01   0.109000E+00   0.537828E-01   0.188240E+01   0.536388E-01   0.136850E+02
     110   0.385000E+01   0.110000E+00   0.535872E-01   0.187555E+01   0.533725E-01   0.136500E+02
     111   0.388500E+01   0.111000E+00   0.534351E-01   0.187023E+01   0.533034E-01   0.136150E+02
     112   0.392000E+01   0.112000E+00   0.532773E-01   0.186471E+01   0.530817E-01   0.135800E+02
     113   0.395500E+01   0.113000E+00   0.530960E-01   0.185836E+01   0.530001E-01   0.135450E+02
     114   0.399000E+01   0.114000E+00   0.528937E-01   0.185128E+01   0.527742E-01   0.135100E+02
     115   0.402500E+01   0.115000E+00   0.528950E-01   0.185132E+01   0.526900E-01   0.134750E+02
     116   0.406000E+01   0.116000E+00   0.527039E-01   0.184464E+01   0.525387E-01   0.134400E+02
     117   0.409500E+01   0.117000E+00   0.525081E-01   0.183778E+01   0.523998E-01   0.134050E+02
     118   0.413000E+01   0.118000E+00   0.523792E-01   0.183327E+01   0.521984E-01   0.133700E+02
     119   0.416500E+01   0.119000E+00   0.521078E-01   0.182377E+01   0.519834E-01   0.133350E+02
     120   0.420000E+01   0.120000E+00   0.519883E-01   0.181959E+01   0.518626E-01   0.133000E+02
     121   0.423500E+01   0.121000E+00   0.518390E-01   0.181436E+01   0.517127E-01   0.132650E+02
     122   0.427000E+01   0.122000E+00   0.518588E-01   0.181506E+01   0.516136E-01   0.132300E+02
     123   0.430500E+01   0.123000E+00   0.515188E-01   0.180316E+01   0.513473E-01   0.131950E+02
     124   0.434000E+01   0.124000E+00   0.514370E-01   0.180030E+01   0.512188E-01   0.131600E+02
     125   0.437500E+01   0.125000E+00   0.512962E-01   0.179537E+01   0.510235E-01   0.131250E+02
     126   0.441000E+01   0.126000E+00   0.510129E-01   0.178545E+01   0.508998E-01   0.130900E+02
     127   0.444500E+01   0.127000E+00   0.509422E-01   0.178298E+01   0.507151E-01   0.130550E+02
     128   0.448000E+01   0.128000E+00   0.507722E-01   0.177703E+01   0.505743E-01   0.130200E+02
     129   0.451500E+01   0.129000E+00   0.507567E-01   0.177648E+01   0.505084E-01   0.129850E+02
     130   0.455000E+01   0.130000E+00   0.504353E-01   0.176523E+01   0.502386E-01   0.129500E+02
     131   0.458500E+01   0.131000E+00   0.502749E-01   0.175962E+01   0.500602E-01   0.129150E+02
     132   0.462000E+01   0.132000E+00   0.500923E-01   0.175323E+01   0.498708E-01   0.128800E+02
     133   0.465500E+01   0.133000E+00   0.499603E-01   0.174861E+01   0.496601E-01   0.128450E+02
     134   0.469000E+01   0.134000E+00   0.496146E-01   0.173651E+01   0.494328E-01   0.128100E+02
     135   0.472500E+01   0.135000E+00   0.496236E-01   0.173683E+01   0.494113E-01   0.127750E+02
     136   0.476000E+01   0.136000E+00   0.494345E-01   0.173021E+01   0.492417E-01   0.127400E+02
     137   0.479500E+01   0.137000E+00   0.491389E-01   0.171986E+01   0.489882E-01   0.127050E+02
     138   0.483000E+01   0.138000E+00   0.490588E-01   0.171706E+01   0.488764E-01   0.126700E+02
     139   0.486500E+01   0.139000E+00   0.488322E-01   0.170913E+01   0.485876E-01   0.126350E+02
     140   0.490000E+01   0.140000E+00   0.486444E-01   0.170255E+01   0.484696E-01   0.126000E+02
     141   0.493500E+01   0.141000E+00   0.484278E-01   0.169497E+01   0.482159E-01   0.125650E+02
     142   0.497000E+01   0.142000E+00   0.483903E-01   0.169366E+01   0.482019E-01   0.125300E+02
     143   0.500500E+01   0.143000E+00   0.481037E-01   0.168363E+01   0.479097E-01   0.124950E+02
     144   0.504000E+01   0.144000E+00   0.479067E-01   0.167673E+01   0.477243E-01   0.124600E+02
     145   0.507500E+01   0.145000E+00   0.478634E-01   0.167522E+01   0.475551E-01   0.124250E+02
     146   0.511000E+01   0.146000E+00   0.476505E-01   0.166777E+01   0.474326E-01   0.123900E+02
     147   0.514500E+01   0.147000E+00   0.474941E-01   0.166229E+01   0.472388E-01   0.123550E+02
     148   0.518000E+01   0.148000E+00   0.472309E-01   0.165308E+01   0.470824E-01   0.123200E+02
     149   0.521500E+01   0.149000E+00   0.471281E-01   0.164948E+01   0.468182E-01   0.122850E+02
     150   0.525000E+01   0.150000E+00   0.469423E-01   0.164298E+01   0.467355E-01   0.122500E+02
     151   0.528500E+01   0.151000E+00   0.466922E-01   0.163423E+01   0.464573E-01   0.122150E+02
     152   0.532000E+01   0.152000E+00   0.464956E-01   0.162735E+01   0.462304E-01   0.121800E+02
     153   0.535500E+01   0.153000E+00   0.464375E-01   0.162531E+01   0.462051E-01   0.121450E+02
     154   0.539000E+01   0.154000E+00   0.461428E-01   0.161500E+01   0.459398E-01   0.121100E+02
     155   0.542500E+01   0.155000E+00   0.459438E-01   0.160803E+01   0.457647E-01   0.120750E+02
     156   0.546000E+01   0.156000E+00   0.458698E-01   0.160544E+01   0.456004E-01   0.120400E+02
     157   0.549500E+01   0.157000E+00   0.456184E-01   0.159665E+01   0.453811E-01   0.120050E+02
     158   0.553000E+01   0.158000E+00   0.454696E-01   0.159144E+01   0.452652E-01   0.119700E+02
     159   0.556500E+01   0.159000E+00   0.451657E-01   0.158080E+01   0.449081E-01   0.119350E+02
     160   0.560000E+01   0.160000E+00   0.450173E-01   0.157561E+01   0.447845E-01   0.119000E+02
     161   0.563500E+01   0.161000E+00   0.448413E-01   0.156945E+01   0.446495E-01   0.118650E+02
     162   0.567000E+01   0.162000E+00   0.446207E-01   0.156172E+01   0.443936E-01   0.118300E+02
     163   0.570500E+01   0.163000E+00   0.444780E-01   0.155673E+01   0.442174E-01   0.117950E+02
     164   0.574000E+01   0.164000E+00   0.443033E-01   0.155061E+01   0.439450E-01   0.117600E+02
     165   0.577500E+01   0.165000E+00   0.440596E-01   0.154209E+01   0.438151E-01   0.117250E+02
     166   0.581000E+01   0.166000E+00   0.438448E-01   0.153457E+01   0.436457E-01   0.116900E+02
     167   0.584500E+01   0.167000E+00   0.436781E-01   0.152873E+01   0.434068E-01   0.116550E+02
     168   0.588000E+01   0.168000E+00   0.436023E-01   0.152608E+01   0.433535E-01   0.116200E+02
     169   0.591500E+01   0.169000E+00   0.433023E-01   0.151558E+01   0.430906E-01   0.115850E+02
     170   0.595000E+01   0.170000E+00   0.431322E-01   0.150963E+01   0.428371E-01   0.115500E+02
     171   0.598500E+01   0.171000E+00   0.429990E-01   0.150496E+01   0.427344E-01   0.115150E+02
     172   0.602000E+01   0.172000E+00   0.427122E-01   0.149493E+01   0.424554E-01   0.114800E+02
     173   0.605500E+01   0.173000E+00   0.425161E-01   0.148806E+01   0.422590E-01   0.114450E+02
     174   0.609000E+01   0.174000E+00   0.423165E-01   0.148108E+01   0.420835E-01   0.114100E+02
     175   0.612500E+01   0.175000E+00   0.421727E-01   0.147604E+01   0.418718E-01   0.113750E+02
     176   0.616000E+01   0.176000E+00   0.419172E-01   0.146710E+01   0.416760E-01   0.113400E+02
     177   0.619500E+01   0.177000E+00   0.416835E-01   0.145892E+01   0.414489E-01   0.113050E+02
     178   0.623000E+01   0.178000E+00   0.415200E-01   0.145320E+01   0.412689E-01   0.112700E+02
     179   0.626500E+01   0.179000E+00   0.413724E-01   0.144803E+01   0.411161E-01   0.112350E+02
     180   0.630000E+01   0.180000E+00   0.410497E-01   0.143674E+01   0.408312E-01   0.112000E+02
     181   0.633500E+01   0.181000E+00   0.408875E-01   0.143106E+01   0.406384E-01   0.111650E+02
     182   0.637000E+01   0.182000E+00   0.406200E-01   0.142170E+01   0.403353E-01   0.111300E+02
     183   0.640500E+01   0.183000E+00   0.404656E-01   0.141630E+01   0.401869E-01   0.110950E+02
     184   0.644000E+01   0.184000E+00   0.404178E-01   0.141462E+01   0.400995E-01   0.110600E+02
     185   0.647500E+01   0.185000E+00   0.401304E-01   0.140456E+01   0.398565E-01   0.110250E+02
     186   0.651000E+01   0.186000E+00   0.398534E-01   0.139487E+01   0.395516E-01   0.109900E+02
     187   0.654500E+01   0.187000E+00   0.396471E-01   0.138765E+01   0.393904E-01   0.109550E+02
     188   0.658000E+01   0.188000E+00   0.395548E-01   0.138442E+01   0.392151E-01   0.109200E+02
     189   0.661500E+01   0.189000E+00   0.392526E-01   0.137384E+01   0.389757E-01   0.108850E+02
     190   0.665000E+01   0.190000E+00   0.390908E-01   0.136818E+01   0.388435E-01   0.108500E+02
     191   0.668500E+01   0.191000E+00   0.388830E-01   0.136091E+01   0.386345E-01   0.108150E+02
     192   0.672000E+01   0.192000E+00   0.386079E-01   0.135128E+01   0.383602E-01   0.107800E+02
     193   0.675500E+01   0.193000E+00   0.384057E-01   0.134420E+01   0.381388E-01   0.107450E+02
     194   0.679000E+01   0.194000E+00   0.382534E-01   0.133887E+01   0.379655E-01   0.107100E+02
     195   0.682500E+01   0.195000E+00   0.379443E-01   0.132805E+01   0.377183E-01   0.106750E+02
     196   0.686000E+01   0.196000E+00   0.378203E-01   0.132371E+01   0.376408E-01   0.106400E+02
     197   0.689500E+01   0.197000E+00   0.376201E-01   0.131670E+01   0.373462E-01   0.106050E+02
     198   0.693000E+01   0.198000E+00   0.373474E-01   0.130716E+01   0.371259E-01   0.105700E+02
     199   0.696500E+01   0.199000E+00   0.372048E-01   0.130217E+01   0.369240E-01   0.105350E+02
     200   0.700000E+01   0.200000E+00   0.369984E-01   0.129494E+01   0.367013E-01   0.105000E+02
     201   0.703500E+01   0.201000E+00   0.367556E-01   0.128645E+01   0.364589E-01   0.104650E+02
     202   0.707000E+01   0.202000E+00   0.366244E-01   0.128186E+01   0.363540E-01   0.104300E+02
     203   0.710500E+01   0.203000E+00   0.363959E-01   0.127386E+01   0.361035E-01   0.103950E+02
     204   0.714000E+01   0.204000E+00   0.360950E-01   0.126332E+01   0.358670E-01   0.103600E+02
     205   0.717500E+01   0.205000E+00   0.359207E-01   0.125723E+01   0.357197E-01   0.103250E+02
     206   0.721000E+01   0.206000E+00   0.357549E-01   0.125142E+01   0.355128E-01   0.102900E+02
     207   0.724500E+01   0.207000E+00   0.354450E-01   0.124058E+01   0.352534E-01   0.102550E+02
     208   0.728000E+01   0.208000E+00   0.353368E-01   0.123679E+01   0.350315E-01   0.102200E+02
     209   0.731500E+01   0.209000E+00   0.351609E-01   0.123063E+01   0.348870E-01   0.101850E+02
     210   0.735000E+01   0.210000E+00   0.348656E-01   0.122030E+01   0.346362E-01   0.101500E+02
     211   0.738500E+01   0.211000E+00   0.346418E-01   0.121246E+01   0.343684E-01   0.101150E+02
     212   0.742000E+01   0.212000E+00   0.346095E-01   0.121133E+01   0.342531E-01   0.100800E+02
     213   0.745500E+01   0.213000E+00   0.342744E-01   0.119960E+01   0.340276E-01   0.100450E+02
     214   0.749000E+01   0.214000E+00   0.340989E-01   0.119346E+01   0.338015E-01   0.100100E+02
     215   0.752500E+01   0.215000E+00   0.338324E-01   0.118413E+01   0.335577E-01   0.997500E+01
     216   0.756000E+01   0.216000E+00   0.337399E-01   0.118089E+01   0.334567E-01   0.994000E+01
     217   0.759500E+01   0.217000E+00   0.334798E-01   0.117179E+01   0.331588E-01   0.990500E+01
     218   0.763000E+01   0.218000E+00   0.332545E-01   0.116391E+01   0.329222E-01   0.987000E+01
     219   0.766500E+01   0.219000E+00   0.330532E-01   0.115686E+01   0.327847E-01   0.983500E+01
     220   0.770000E+01   0.220000E+00   0.328862E-01   0.115102E+01   0.325647E-01   0.980000E+01
     221   0.773500E+01   0.221000E+00   0.325311E-01   0.113859E+01   0.323148E-01   0.976500E+01
     222   0.777000E+01   0.222000E+00   0.323596E-01   0.113259E+01   0.320731E-01   0.973000E+01
     223   0.780500E+01   0.223000E+00   0.322114E-01   0.112740E+01   0.319386E-01   0.969500E+01
     224   0.784000E+01   0.224000E+00   0.320022E-01   0.112008E+01   0.316650E-01   0.966000E+01
     225   0.787500E+01   0.225000E+00   0.317279E-01   0.111048E+01   0.314630E-01   0.962500E+01
     226   0.791000E+01   0.226000E+00   0.314893E-01   0.110213E+01   0.312518E-01   0.959000E+01
     227   0.794500E+01   0.227000E+00   0.313247E-01   0.109636E+01   0.310640E-01   0.955500E+01
     228   0.798000E+01   0.228000E+00   0.312740E-01   0.109459E+01   0.309572E-01   0.952000E+01
     229   0.801500E+01   0.229000E+00   0.309774E-01   0.108421E+01   0.306782E-01   0.948500E+01
     230   0.805000E+01   0.230000E+00   0.306477E-01   0.107267E+01   0.304703E-01   0.945000E+01
     231   0.808500E+01   0.231000E+00   0.304432E-01   0.106551E+01   0.302151E-01   0.941500E+01
     232   0.812000E+01   0.232000E+00   0.303088E-01   0.106081E+01   0.300230E-01   0.938000E+01
     233   0.815500E+01   0.233000E+00   0.301272E-01   0.105445E+01   0.298385E-01   0.934500E+01
     234   0.819000E+01   0.234000E+00   0.298213E-01   0.104374E+01   0.295942E-01   0.931000E+01
     235   0.822500E+01   0.235000E+00   0.295718E-01   0.103501E+01   0.293446E-01   0.927500E+01
     236   0.826000E+01   0.236000E+00   0.294484E-01   0.103069E+01   0.291929E-01   0.924000E+01
     237   0.829500E+01   0.237000E+00   0.292210E-01   0.102273E+01   0.289502E-01   0.920500E+01
     238   0.833000E+01   0.238000E+00   0.290223E-01   0.101578E+01   0.287807E-01   0.917000E+01
     239   0.836500E+01   0.239000E+00   0.288014E-01   0.100805E+01   0.286225E-01   0.913500E+01
     240   0.840000E+01   0.240000E+00   0.286132E-01   0.100146E+01   0.283703E-01   0.910000E+01
     241   0.843500E+01   0.241000E+00   0.283767E-01   0.993185E+00   0.281526E-01   0.906500E+01
     242   0.847000E+01   0.242000E+00   0.282304E-01   0.988064E+00   0.280031E-01   0.903000E+01
     243   0.850500E+01   0.243000E+00   0.280060E-01   0.980211E+00   0.277505E-01   0.899500E+01
     244   0.854000E+01   0.244000E+00   0.277200E-01   0.970201E+00   0.274602E-01   0.896000E+01
     245   0.857500E+01   0.245000E+00   0.274909E-01   0.962180E+00   0.272546E-01   0.892500E+01
     246   0.861000E+01   0.246000E+00   0.273107E-01   0.955874E+00   0.271021E-01   0.889000E+01
     247   0.864500E+01   0.247000E+00   0.270757E-01   0.947651E+00   0.268606E-01   0.885500E+01
     248   0.868000E+01   0.248000E+00   0.269173E-01   0.942105E+00   0.266566E-01   0.882000E+01
     249   0.871500E+01   0.249000E+00   0.267035E-01   0.934622E+00   0.264679E-01   0.878500E+01
     250   0.875000E+01   0.250000E+00   0.264474E-01   0.925657E+00   0.262515E-01   0.875000E+01
     251   0.878500E+01   0.251000E+00   0.262956E-01   0.920347E+00   0.260627E-01   0.871500E+01
     252   0.882000E+01   0.252000E+00   0.261170E-01   0.914095E+00   0.258582E-01   0.868000E+01
     253   0.885500E+01   0.253000E+00   0.258554E-01   0.904938E+00   0.256364E-01   0.864500E+01
     254   0.889000E+01   0.254000E+00   0.256033E-01   0.896117E+00   0.253986E-01   0.861000E+01
     255   0.892500E+01   0.255000E+00   0.255269E-01   0.893440E+00   0.252923E-01   0.857500E+01
     256   0.896000E+01   0.256000E+00   0.252948E-01   0.885318E+00   0.250947E-01   0.854000E+01
     257   0.899500E+01   0.257000E+00   0.250278E-01   0.875971E+00   0.247766E-01   0.850500E+01
     258   0.903000E+01   0.258000E+00   0.248485E-01   0.869698E+00   0.246428E-01   0.847000E+01
     259   0.906500E+01   0.259000E+00   0.246350E-01   0.862225E+00   0.244355E-01   0.843500E+01
     260   0.910000E+01   0.260000E+00   0.244740E-01   0.856590E+00   0.242479E-01   0.840000E+01
     261   0.913500E+01   0.261000E+00   0.240938E-01   0.843283E+00   0.239612E-01   0.836500E+01
     262   0.917000E+01   0.262000E+00   0.239794E-01   0.839281E+00   0.237443E-01   0.833000E+01
     263   0.920500E+01   0.263000E+00   0.237972E-01   0.832901E+00   0.236075E-01   0.829500E+01
     264   0.924000E+01   0.264000E+00   0.235432E-01   0.824012E+00   0.233714E-01   0.826000E+01
     265   0.927500E+01   0.265000E+00   0.233756E-01   0.818146E+00   0.232058E-01   0.822500E+01
     266   0.931000E+01   0.266000E+00   0.232280E-01   0.812979E+00   0.230298E-01   0.819000E+01
     267   0.934500E+01   0.267000E+00   0.230137E-01   0.805480E+00   0.228170E-01   0.815500E+01
     268   0.938000E+01   0.268000E+00   0.228675E-01   0.800362E+00   0.226709E-01   0.812000E+01
     269   0.941500E+01   0.269000E+00   0.226246E-01   0.791862E+00   0.224252E-01   0.808500E+01
     270   0.945000E+01   0.270000E+00   0.224651E-01   0.786279E+00   0.222515E-01   0.805000E+01
     271   0.948500E+01   0.271000E+00   0.221844E-01   0.776453E+00   0.219700E-01   0.801500E+01
     272   0.952000E+01   0.272000E+00   0.221097E-01   0.773840E+00   0.218371E-01   0.798000E+01
     273   0.955500E+01   0.273000E+00   0.217962E-01   0.762868E+00   0.216325E-01   0.794500E+01
     274   0.959000E+01   0.274000E+00   0.216366E-01   0.757279E+00   0.214429E-01   0.791000E+01
     275   0.962500E+01   0.275000E+00   0.215002E-01   0.752507E+00   0.212640E-01   0.787500E+01
     276   0.966000E+01   0.276000E+00   0.212357E-01   0.743248E+00   0.210318E-01   0.784000E+01
     277   0.969500E+01   0.277000E+00   0.210521E-01   0.736823E+00   0.208272E-01   0.780500E+01
     278   0.973000E+01   0.278000E+00   0.208025E-01   0.728087E+00   0.206173E-01   0.777000E+01
     279   0.976500E+01   0.279000E+00   0.206596E-01   0.723085E+00   0.204428E-01   0.773500E+01
     280   0.980000E+01   0.280000E+00   0.204476E-01   0.715666E+00   0.202915E-01   0.770000E+01
     281   0.983500E+01   0.281000E+00   0.203319E-01   0.711618E+00   0.200826E-01   0.766500E+01
     282   0.987000E+01   0.282000E+00   0.201115E-01   0.703902E+00   0.199061E-01   0.763000E+01
     283   0.990500E+01   0.283000E+00   0.198616E-01   0.695157E+00   0.196729E-01   0.759500E+01
     284   0.994000E+01   0.284000E+00   0.197098E-01   0.689844E+00   0.194961E-01   0.756000E+01
     285   0.997500E+01   0.285000E+00   0.195372E-01   0.683803E+00   0.193052E-01   0.752500E+01
     286   0.100100E+02   0.286000E+00   0.193391E-01   0.676867E+00   0.191323E-01   0.749000E+01
     287   0.100450E+02   0.287000E+00   0.190823E-01   0.667881E+00   0.189509E-01   0.745500E+01
     288   0.100800E+02   0.288000E+00   0.189190E-01   0.662164E+00   0.187662E-01   0.742000E+01
     289   0.101150E+02   0.289000E+00   0.187037E-01   0.654629E+00   0.185549E-01   0.738500E+01
     290   0.101500E+02   0.290000E+00   0.185774E-01   0.650208E+00   0.184369E-01   0.735000E+01
     291   0.101850E+02   0.291000E+00   0.183943E-01   0.643800E+00   0.181873E-01   0.731500E+01
     292   0.102200E+02   0.292000E+00   0.181960E-01   0.636861E+00   0.179983E-01   0.728000E+01
     293   0.102550E+02   0.293000E+00   0.179979E-01   0.629928E+00   0.178400E-01   0.724500E+01
     294   0.102900E+02   0.294000E+00   0.177946E-01   0.622812E+00   0.176443E-01   0.721000E+01
     295   0.103250E+02   0.295000E+00   0.176613E-01   0.618146E+00   0.174610E-01   0.717500E+01
     296   0.103600E+02   0.296000E+00   0.175017E-01   0.612560E+00   0.172877E-01   0.714000E+01
     297   0.103950E+02   0.297000E+00   0.173164E-01   0.606073E+00   0.171171E-01   0.710500E+01
     298   0.104300E+02   0.298000E+00   0.170994E-01   0.598480E+00   0.168995E-01   0.707000E+01
     299   0.104650E+02   0.299000E+00   0.169359E-01   0.592757E+00   0.167588E-01   0.703500E+01
     300   0.105000E+02   0.300000E+00   0.167893E-01   0.587627E+00   0.165872E-01   0.700000E+01
     301   0.105350E+02   0.301000E+00   0.164887E-01   0.577104E+00   0.163348E-01   0.696500E+01
     302   0.105700E+02   0.302000E+00   0.162783E-01   0.569740E+00   0.161574E-01   0.693000E+01
     303   0.106050E+02   0.303000E+00   0.162304E-01   0.568066E+00   0.160430E-01   0.689500E+01
     304   0.106400E+02   0.304000E+00   0.160733E-01   0.562566E+00   0.158711E-01   0.686000E+01
     305   0.106750E+02   0.305000E+00   0.157766E-01   0.552180E+00   0.156396E-01   0.682500E+01
     306   0.107100E+02   0.306000E+00   0.156565E-01   0.547979E+00   0.154856E-01   0.679000E+01
     307   0.107450E+02   0.307000E+00   0.155618E-01   0.544663E+00   0.153474E-01   0.675500E+01
     308   0.107800E+02   0.308000E+00   0.153858E-01   0.538503E+00   0.151910E-01   0.672000E+01
     309   0.108150E+02   0.309000E+00   0.152004E-01   0.532014E+00   0.149906E-01   0.668500E+01
     310   0.108500E+02   0.310000E+00   0.149355E-01   0.522743E+00   0.147736E-01   0.665000E+01
     311   0.108850E+02   0.311000E+00   0.147607E-01   0.516626E+00   0.146001E-01   0.661500E+01
     312   0.109200E+02   0.312000E+00   0.146391E-01   0.512370E+00   0.145091E-01   0.658000E+01
     313   0.109550E+02   0.313000E+00   0.144335E-01   0.505174E+00   0.142783E-01   0.654500E+01
     314   0.109900E+02   0.314000E+00   0.142692E-01   0.499423E+00   0.141804E-01   0.651000E+01
     315   0.110250E+02   0.315000E+00   0.141123E-01   0.493929E+00   0.140066E-01   0.647500E+01
     316   0.110600E+02   0.316000E+00   0.139584E-01   0.488542E+00   0.138448E-01   0.644000E+01
     317   0.110950E+02   0.317000E+00   0.137661E-01   0.481814E+00   0.136266E-01   0.640500E+01
     318   0.111300E+02   0.318000E+00   0.136362E-01   0.477268E+00   0.134819E-01   0.637000E+01
     319   0.111650E+02   0.319000E+00   0.135004E-01   0.472513E+00   0.133323E-01   0.633500E+01
     320   0.112000E+02   0.320000E+00   0.133342E-01   0.466699E+00   0.131658E-01   0.630000E+01
     321   0.112350E+02   0.321000E+00   0.131567E-01   0.460484E+00   0.130243E-01   0.626500E+01
     322   0.112700E+02   0.322000E+00   0.130104E-01   0.455363E+00   0.128588E-01   0.623000E+01
     323   0.113050E+02   0.323000E+00   0.127374E-01   0.445808E+00   0.126434E-01   0.619500E+01
     324   0.113400E+02   0.324000E+00   0.126860E-01   0.444011E+00   0.125379E-01   0.616000E+01
     325   0.113750E+02   0.325000E+00   0.125251E-01   0.438377E+00   0.123693E-01   0.612500E+01
     326   0.114100E+02   0.326000E+00   0.123022E-01   0.430576E+00   0.121753E-01   0.609000E+01
     327   0.114450E+02   0.327000E+00   0.121830E-01   0.426405E+00   0.120260E-01   0.605500E+01
     328   0.114800E+02   0.328000E+00   0.120405E-01   0.421419E+00   0.119039E-01   0.602000E+01
     329   0.115150E+02   0.329000E+00   0.118890E-01   0.416114E+00   0.117551E-01   0.598500E+01
     330   0.115500E+02   0.330000E+00   0.117455E-01   0.411091E+00   0.116081E-01   0.595000E+01
     331   0.115850E+02   0.331000E+00   0.115027E-01   0.402594E+00   0.114193E-01   0.591500E+01
     332   0.116200E+02   0.332000E+00   0.114712E-01   0.401494E+00   0.113415E-01   0.588000E+01
     333   0.116550E+02   0.333000E+00   0.112627E-01   0.394194E+00   0.111391E-01   0.584500E+01
     334   0.116900E+02   0.334000E+00   0.110924E-01   0.388236E+00   0.109777E-01   0.581000E+01
     335   0.117250E+02   0.335000E+00   0.109673E-01   0.383857E+00   0.108280E-01   0.577500E+01
     336   0.117600E+02   0.336000E+00   0.108649E-01   0.380270E+00   0.107062E-01   0.574000E+01
     337   0.117950E+02   0.337000E+00   0.107133E-01   0.374965E+00   0.105775E-01   0.570500E+01
     338   0.118300E+02   0.338000E+00   0.105256E-01   0.368396E+00   0.104281E-01   0.567000E+01
     339   0.118650E+02   0.339000E+00   0.103737E-01   0.363079E+00   0.102622E-01   0.563500E+01
     340   0.119000E+02   0.340000E+00   0.102088E-01   0.357308E+00   0.100866E-01   0.560000E+01
     341   0.119350E+02   0.341000E+00   0.101188E-01   0.354157E+00   0.999001E-02   0.556500E+01
     342   0.119700E+02   0.342000E+00   0.996591E-02   0.348807E+00   0.986574E-02   0.553000E+01
     343   0.120050E+02   0.343000E+00   0.979987E-02   0.342995E+00   0.967437E-02   0.549500E+01
     344   0.120400E+02   0.344000E+00   0.956966E-02   0.334938E+00   0.949296E-02   0.546000E+01
     345   0.120750E+02   0.345000E+00   0.952539E-02   0.333389E+00   0.941644E-02   0.542500E+01
     346   0.121100E+02   0.346000E+00   0.938048E-02   0.328317E+00   0.928348E-02   0.539000E+01
     347   0.121450E+02   0.347000E+00   0.919933E-02   0.321976E+00   0.912481E-02   0.535500E+01
     348   0.121800E+02   0.348000E+00   0.914232E-02   0.319981E+00   0.900574E-02   0.532000E+01
     349   0.122150E+02   0.349000E+00   0.900962E-02   0.315337E+00   0.890504E-02   0.528500E+01
     350   0.122500E+02   0.350000E+00   0.883397E-02   0.309189E+00   0.875531E-02   0.525000E+01
     351   0.122850E+02   0.351000E+00   0.870861E-02   0.304801E+00   0.861310E-02   0.521500E+01
     352   0.123200E+02   0.352000E+00   0.858028E-02   0.300310E+00   0.847351E-02   0.518000E+01
     353   0.123550E+02   0.353000E+00   0.845500E-02   0.295925E+00   0.833531E-02   0.514500E+01
     354   0.123900E+02   0.354000E+00   0.835408E-02   0.292393E+00   0.824439E-02   0.511000E+01
     355   0.124250E+02   0.355000E+00   0.825229E-02   0.288830E+00   0.811588E-02   0.507500E+01
     356   0.124600E+02   0.356000E+00   0.810754E-02   0.283764E+00   0.798536E-02   0.504000E+01
     357   0.124950E+02   0.357000E+00   0.790771E-02   0.276770E+00   0.781705E-02   0.500500E+01
     358   0.125300E+02   0.358000E+00   0.779404E-02   0.272792E+00   0.770399E-02   0.497000E+01
     359   0.125650E+02   0.359000E+00   0.764493E-02   0.267573E+00   0.758064E-02   0.493500E+01
     360   0.126000E+02   0.360000E+00   0.746352E-02   0.261223E+00   0.739237E-02   0.490000E+01
     361   0.126350E+02   0.361000E+00   0.743594E-02   0.260258E+00   0.733393E-02   0.486500E+01
     362   0.126700E+02   0.362000E+00   0.734872E-02   0.257205E+00   0.725265E-02   0.483000E+01
     363   0.127050E+02   0.363000E+00   0.724684E-02   0.253640E+00   0.711912E-02   0.479500E+01
     364   0.127400E+02   0.364000E+00   0.709634E-02   0.248372E+00   0.699956E-02   0.476000E+01
     365   0.127750E+02   0.365000E+00   0.690812E-02   0.241784E+00   0.685264E-02   0.472500E+01
     366   0.128100E+02   0.366000E+00   0.681767E-02   0.238619E+00   0.675272E-02   0.469000E+01
     367   0.128450E+02   0.367000E+00   0.671649E-02   0.235077E+00   0.664010E-02   0.465500E+01
     368   0.128800E+02   0.368000E+00   0.657759E-02   0.230216E+00   0.649737E-02   0.462000E+01
     369   0.129150E+02   0.369000E+00   0.652111E-02   0.228239E+00   0.644258E-02   0.458500E+01
     370   0.129500E+02   0.370000E+00   0.637672E-02   0.223185E+00   0.631399E-02   0.455000E+01
     371   0.129850E+02   0.371000E+00   0.628374E-02   0.219931E+00   0.619971E-02   0.451500E+01
     372   0.130200E+02   0.372000E+00   0.616292E-02   0.215702E+00   0.608194E-02   0.448000E+01
     373   0.130550E+02   0.373000E+00   0.605047E-02   0.211767E+00   0.599512E-02   0.444500E+01
     374   0.130900E+02   0.374000E+00   0.599312E-02   0.209759E+00   0.589743E-02   0.441000E+01
     375   0.131250E+02   0.375000E+00   0.585308E-02   0.204858E+00   0.576858E-02   0.437500E+01
     376   0.131600E+02   0.376000E+00   0.568110E-02   0.198839E+00   0.561742E-02   0.434000E+01
     377   0.131950E+02   0.377000E+00   0.563003E-02   0.197051E+00   0.556722E-02   0.430500E+01
     378   0.132300E+02   0.378000E+00   0.554744E-02   0.194161E+00   0.547717E-02   0.427000E+01
     379   0.132650E+02   0.379000E+00   0.540060E-02   0.189021E+00   0.535495E-02   0.423500E+01
     380   0.133000E+02   0.380000E+00   0.532928E-02   0.186525E+00   0.525342E-02   0.420000E+01
     381   0.133350E+02   0.381000E+00   0.519239E-02   0.181734E+00   0.512775E-02   0.416500E+01
     382   0.133700E+02   0.382000E+00   0.512142E-02   0.179250E+00   0.506162E-02   0.413000E+01
     383   0.134050E+02   0.383000E+00   0.502128E-02   0.175745E+00   0.495572E-02   0.409500E+01
     384   0.134400E+02   0.384000E+00   0.492813E-02   0.172485E+00   0.485729E-02   0.406000E+01
     385   0.134750E+02   0.385000E+00   0.485777E-02   0.170022E+00   0.478295E-02   0.402500E+01
     386   0.135100E+02   0.386000E+00   0.470709E-02   0.164748E+00   0.466985E-02   0.399000E+01
     387   0.135450E+02   0.387000E+00   0.466553E-02   0.163294E+00   0.459718E-02   0.395500E+01
     388   0.135800E+02   0.388000E+00   0.452847E-02   0.158496E+00   0.448416E-02   0.392000E+01
     389   0.136150E+02   0.389000E+00   0.443034E-02   0.155062E+00   0.437866E-02   0.388500E+01
     390   0.136500E+02   0.390000E+00   0.438128E-02   0.153345E+00   0.431541E-02   0.385000E+01
     391   0.136850E+02   0.391000E+00   0.430035E-02   0.150512E+00   0.422357E-02   0.381500E+01
     392   0.137200E+02   0.392000E+00   0.417508E-02   0.146128E+00   0.412737E-02   0.378000E+01
     393   0.137550E+02   0.393000E+00   0.408620E-02   0.143017E+00   0.402802E-02   0.374500E+01
     394   0.137900E+02   0.394000E+00   0.401523E-02   0.140533E+00   0.395578E-02   0.371000E+01
     395   0.138250E+02   0.395000E+00   0.394486E-02   0.138070E+00   0.388554E-02   0.367500E+01
     396   0.138600E+02   0.396000E+00   0.383382E-02   0.134184E+00   0.379287E-02   0.364000E+01
     397   0.138950E+02   0.397000E+00   0.377192E-02   0.132017E+00   0.372404E-02   0.360500E+01
     398   0.139300E+02   0.398000E+00   0.368977E-02   0.129142E+00   0.363726E-02   0.357000E+01
     399   0.139650E+02   0.399000E+00   0.361914E-02   0.126670E+00   0.355943E-02   0.353500E+01
     400   0.140000E+02   0.400000E+00   0.352652E-02   0.123428E+00   0.345912E-02   0.350000E+01
     401   0.140350E+02   0.401000E+00   0.346392E-02   0.121237E+00   0.341364E-02   0.346500E+01
     402   0.140700E+02   0.402000E+00   0.337854E-02   0.118249E+00   0.332992E-02   0.343000E+01
     403   0.141050E+02   0.403000E+00   0.327893E-02   0.114763E+00   0.323131E-02   0.339500E+01
     404   0.141400E+02   0.404000E+00   0.322227E-02   0.112780E+00   0.316374E-02   0.336000E+01
     405   0.141750E+02   0.405000E+00   0.311777E-02   0.109122E+00   0.306732E-02   0.332500E+01
     406   0.142100E+02   0.406000E+00   0.304689E-02   0.106641E+00   0.300660E-02   0.329000E+01
     407   0.142450E+02   0.407000E+00   0.298604E-02   0.104511E+00   0.294928E-02   0.325500E+01
     408   0.142800E+02   0.408000E+00   0.290598E-02   0.101709E+00   0.286190E-02   0.322000E+01
     409   0.143150E+02   0.409000E+00   0.283832E-02   0.993414E-01   0.279590E-02   0.318500E+01
     410   0.143500E+02   0.410000E+00   0.277137E-02   0.969978E-01   0.271318E-02   0.315000E+01
     411   0.143850E+02   0.411000E+00   0.270266E-02   0.945931E-01   0.266180E-02   0.311500E+01
     412   0.144200E+02   0.412000E+00   0.266643E-02   0.933250E-01   0.262387E-02   0.308000E+01
     413   0.144550E+02   0.413000E+00   0.258358E-02   0.904253E-01   0.253744E-02   0.304500E+01
     414   0.144900E+02   0.414000E+00   0.252474E-02   0.883659E-01   0.247568E-02   0.301000E+01
     415   0.145250E+02   0.415000E+00   0.247847E-02   0.867465E-01   0.242539E-02   0.297500E+01
     416   0.145600E+02   0.416000E+00   0.238759E-02   0.835657E-01   0.235241E-02   0.294000E+01
     417   0.145950E+02   0.417000E+00   0.235608E-02   0.824626E-01   0.230064E-02   0.290500E+01
     418   0.146300E+02   0.418000E+00   0.227899E-02   0.797646E-01   0.224114E-02   0.287000E+01
     419   0.146650E+02   0.419000E+00   0.221360E-02   0.774760E-01   0.217789E-02   0.283500E+01
     420   0.147000E+02   0.420000E+00   0.218322E-02   0.764127E-01   0.212512E-02   0.280000E+01
     421   0.147350E+02   0.421000E+00   0.210526E-02   0.736841E-01   0.206877E-02   0.276500E+01
     422   0.147700E+02   0.422000E+00   0.202573E-02   0.709005E-01   0.201180E-02   0.273000E+01
     423   0.148050E+02   0.423000E+00   0.197536E-02   0.691375E-01   0.195104E-02   0.269500E+01
     424   0.148400E+02   0.424000E+00   0.192760E-02   0.674661E-01   0.190569E-02   0.266000E+01
     425   0.148750E+02   0.425000E+00   0.186370E-02   0.652294E-01   0.183327E-02   0.262500E+01
     426   0.149100E+02   0.426000E+00   0.180285E-02   0.630997E-01   0.177308E-02   0.259000E+01
     427   0.149450E+02   0.427000E+00   0.177369E-02   0.620792E-01   0.174252E-02   0.255500E+01
     428   0.149800E+02   0.428000E+00   0.171214E-02   0.599250E-01   0.169787E-02   0.252000E+01
     429   0.150150E+02   0.429000E+00   0.166203E-02   0.581712E-01   0.163100E-02   0.248500E+01
     430   0.150500E+02   0.430000E+00   0.162074E-02   0.567259E-01   0.159036E-02   0.245000E+01
     431   0.150850E+02   0.431000E+00   0.156819E-02   0.548865E-01   0.153676E-02   0.241500E+01
     432   0.151200E+02   0.432000E+00   0.153798E-02   0.538293E-01   0.150005E-02   0.238000E+01
     433   0.151550E+02   0.433000E+00   0.150140E-02   0.525490E-01   0.145823E-02   0.234500E+01
     434   0.151900E+02   0.434000E+00   0.144413E-02   0.505446E-01   0.141929E-02   0.231000E+01
     435   0.152250E+02   0.435000E+00   0.140258E-02   0.490901E-01   0.137503E-02   0.227500E+01
     436   0.152600E+02   0.436000E+00   0.133710E-02   0.467985E-01   0.131724E-02   0.224000E+01
     437   0.152950E+02   0.437000E+00   0.130742E-02   0.457596E-01   0.128372E-02   0.220500E+01
     438   0.153300E+02   0.438000E+00   0.127756E-02   0.447146E-01   0.125508E-02   0.217000E+01
     439   0.153650E+02   0.439000E+00   0.121462E-02   0.425116E-01   0.118760E-02   0.213500E+01
     440   0.154000E+02   0.440000E+00   0.117018E-02   0.409563E-01   0.115870E-02   0.210000E+01
     441   0.154350E+02   0.441000E+00   0.113866E-02   0.398533E-01   0.111413E-02   0.206500E+01
     442   0.154700E+02   0.442000E+00   0.109100E-02   0.381850E-01   0.108367E-02   0.203000E+01
     443   0.155050E+02   0.443000E+00   0.106891E-02   0.374119E-01   0.104796E-02   0.199500E+01
     444   0.155400E+02   0.444000E+00   0.103259E-02   0.361408E-01   0.100614E-02   0.196000E+01
     445   0.155750E+02   0.445000E+00   0.100003E-02   0.350011E-01   0.981742E-03   0.192500E+01
     446   0.156100E+02   0.446000E+00   0.967817E-03   0.338736E-01   0.951536E-03   0.189000E+01
     447   0.156450E+02   0.447000E+00   0.938222E-03   0.328378E-01   0.923425E-03   0.185500E+01
     448   0.156800E+02   0.448000E+00   0.892826E-03   0.312489E-01   0.875366E-03   0.182000E+01
     449   0.157150E+02   0.449000E+00   0.868032E-03   0.303811E-01   0.846513E-03   0.178500E+01
     450   0.157500E+02   0.450000E+00   0.833810E-03   0.291834E-01   0.821021E-03   0.175000E+01
     451   0.157850E+02   0.451000E+00   0.795223E-03   0.278328E-01   0.780906E-03   0.171500E+01
     452   0.158200E+02   0.452000E+00   0.774533E-03   0.271087E-01   0.749696E-03   0.168000E+01
     453   0.158550E+02   0.453000E+00   0.726692E-03   0.254342E-01   0.722327E-03   0.164500E+01
     454   0.158900E+02   0.454000E+00   0.713248E-03   0.249637E-01   0.698407E-03   0.161000E+01
     455   0.159250E+02   0.455000E+00   0.680161E-03   0.238056E-01   0.671693E-03   0.157500E+01
     456   0.159600E+02   0.456000E+00   0.661304E-03   0.231456E-01   0.648514E-03   0.154000E+01
     457   0.159950E+02   0.457000E+00   0.636074E-03   0.222626E-01   0.622280E-03   0.150500E+01
     458   0.160300E+02   0.458000E+00   0.597574E-03   0.209151E-01   0.592424E-03   0.147000E+01
     459   0.160650E+02   0.459000E+00   0.586749E-03   0.205362E-01   0.572694E-03   0.143500E+01
     460   0.161000E+02   0.460000E+00   0.569114E-03   0.199190E-01   0.557765E-03   0.140000E+01
     461   0.161350E+02   0.461000E+00   0.545368E-03   0.190879E-01   0.534761E-03   0.136500E+01
     462   0.161700E+02   0.462000E+00   0.504948E-03   0.176732E-01   0.496785E-03   0.133000E+01
     463   0.162050E+02   0.463000E+00   0.511059E-03   0.178871E-01   0.491853E-03   0.129500E+01
     464   0.162400E+02   0.464000E+00   0.466798E-03   0.163379E-01   0.464179E-03   0.126000E+01
     465   0.162750E+02   0.465000E+00   0.448203E-03   0.156871E-01   0.440302E-03   0.122500E+01
     466   0.163100E+02   0.466000E+00   0.427425E-03   0.149599E-01   0.426770E-03   0.119000E+01
     467   0.163450E+02   0.467000E+00   0.410489E-03   0.143671E-01   0.407433E-03   0.115500E+01
     468   0.163800E+02   0.468000E+00   0.398965E-03   0.139638E-01   0.393421E-03   0.112000E+01
     469   0.164150E+02   0.469000E+00   0.389711E-03   0.136399E-01   0.376572E-03   0.108500E+01
     470   0.164500E+02   0.470000E+00   0.365529E-03   0.127935E-01   0.355314E-03   0.105000E+01
     471   0.164850E+02   0.471000E+00   0.340648E-03   0.119227E-01   0.335934E-03   0.101500E+01
     472   0.165200E+02   0.472000E+00   0.333489E-03   0.116721E-01   0.323057E-03   0.980000E+00
     473   0.165550E+02   0.473000E+00   0.298482E-03   0.104469E-01   0.292720E-03   0.945000E+00
     474   0.165900E+02   0.474000E+00   0.297783E-03   0.104224E-01   0.292065E-03   0.910000E+00
     475   0.166250E+02   0.475000E+00   0.278140E-03   0.973492E-02   0.280672E-03   0.875000E+00
     476   0.166600E+02   0.476000E+00   0.267315E-03   0.935603E-02   0.266966E-03   0.840000E+00
     477   0.166950E+02   0.477000E+00   0.258149E-03   0.903520E-02   0.254395E-03   0.805000E+00
     478   0.167300E+02   0.478000E+00   0.239204E-03   0.837215E-02   0.233573E-03   0.770000E+00
     479   0.167650E+02   0.479000E+00   0.232919E-03   0.815215E-02   0.224887E-03   0.735000E+00
     480   0.168000E+02   0.480000E+00   0.208736E-03   0.730577E-02   0.212927E-03   0.700000E+00
     481   0.168350E+02   0.481000E+00   0.205768E-03   0.720188E-02   0.202887E-03   0.665000E+00
     482   0.168700E+02   0.482000E+00   0.195117E-03   0.682911E-02   0.192498E-03   0.630000E+00
     483   0.169050E+02   0.483000E+00   0.189792E-03   0.664272E-02   0.185602E-03   0.595000E+00
     484   0.169400E+02   0.484000E+00   0.177133E-03   0.619967E-02   0.172594E-03   0.560000E+00
     485   0.169750E+02   0.485000E+00   0.163776E-03   0.573217E-02   0.158582E-03   0.525000E+00
     486   0.170100E+02   0.486000E+00   0.159848E-03   0.559467E-02   0.156181E-03   0.490000E+00
     487   0.170450E+02   0.487000E+00   0.149721E-03   0.524023E-02   0.146316E-03   0.455000E+00
     488   0.170800E+02   0.488000E+00   0.144308E-03   0.505079E-02   0.144308E-03   0.420000E+00
     489   0.171150E+02   0.489000E+00   0.125975E-03   0.440913E-02   0.126368E-03   0.385000E+00
     490   0.171500E+02   0.490000E+00   0.122047E-03   0.427163E-02   0.122003E-03   0.350000E+00
     491   0.171850E+02   0.491000E+00   0.122832E-03   0.429913E-02   0.118467E-03   0.315000E+00
     492   0.172200E+02   0.492000E+00   0.115848E-03   0.405469E-02   0.112225E-03   0.280000E+00
     493   0.172550E+02   0.493000E+00   0.106594E-03   0.373080E-02   0.103102E-03   0.245000E+00
     494   0.172900E+02   0.494000E+00   0.989119E-04   0.346191E-02   0.988246E-04   0.210000E+00
     495   0.173250E+02   0.495000E+00   0.903564E-04   0.316247E-02   0.939794E-04   0.175000E+00
     496   0.173600E+02   0.496000E+00   0.887850E-04   0.310747E-02   0.884358E-04   0.140000E+00
     497   0.173950E+02   0.497000E+00   0.853802E-04   0.298831E-02   0.857294E-04   0.105000E+00
     498   0.174300E+02   0.498000E+00   0.821501E-04   0.287525E-02   0.813207E-04   0.700000E-01
     499   0.174650E+02   0.499000E+00   0.753406E-04   0.263692E-02   0.733327E-04   0.350000E-01
     500   0.175000E+02   0.500000E+00   0.348330E-04   0.121916E-02   0.332180E-04   0.000000E+00
