    ilogbin    ln(x)=LNXMIN+ilogbin*DELLNX/NLOGBIN  x   P(ln(x))  P(x)   x/L    P(x)*L
       0  -0.230259E+01   0.100000E+00   0.429599E-03   0.429599E-02   0.140845E-02   0.305016E+00
       1  -0.223693E+01   0.106786E+00   0.460793E-03   0.431513E-02   0.150402E-02   0.306374E+00
       2  -0.217128E+01   0.114032E+00   0.494081E-03   0.433284E-02   0.160608E-02   0.307632E+00
       3  -0.210563E+01   0.121769E+00   0.529411E-03   0.434766E-02   0.171506E-02   0.308684E+00
       4  -0.203997E+01   0.130032E+00   0.569555E-03   0.438011E-02   0.183144E-02   0.310988E+00
       5  -0.197432E+01   0.138855E+00   0.611254E-03   0.440209E-02   0.195571E-02   0.312549E+00
       6  -0.190867E+01   0.148278E+00   0.654939E-03   0.441698E-02   0.208842E-02   0.313606E+00
       7  -0.184302E+01   0.158339E+00   0.704550E-03   0.444963E-02   0.223013E-02   0.315924E+00
       8  -0.177736E+01   0.169083E+00   0.758033E-03   0.448320E-02   0.238145E-02   0.318307E+00
       9  -0.171171E+01   0.180557E+00   0.812561E-03   0.450032E-02   0.254305E-02   0.319522E+00
      10  -0.164606E+01   0.192808E+00   0.875575E-03   0.454117E-02   0.271561E-02   0.322423E+00
      11  -0.158041E+01   0.205892E+00   0.941727E-03   0.457390E-02   0.289988E-02   0.324747E+00
      12  -0.151475E+01   0.219862E+00   0.101370E-02   0.461063E-02   0.309665E-02   0.327355E+00
      13  -0.144910E+01   0.234781E+00   0.109381E-02   0.465886E-02   0.330678E-02   0.330779E+00
      14  -0.138345E+01   0.250713E+00   0.117937E-02   0.470406E-02   0.353116E-02   0.333989E+00
      15  -0.131780E+01   0.267725E+00   0.127174E-02   0.475016E-02   0.377077E-02   0.337262E+00
      16  -0.125214E+01   0.285892E+00   0.137071E-02   0.479453E-02   0.402664E-02   0.340411E+00
      17  -0.118649E+01   0.305291E+00   0.148058E-02   0.484974E-02   0.429987E-02   0.344331E+00
      18  -0.112084E+01   0.326007E+00   0.160203E-02   0.491409E-02   0.459164E-02   0.348900E+00
      19  -0.105518E+01   0.348128E+00   0.173176E-02   0.497450E-02   0.490321E-02   0.353190E+00
      20  -0.989532E+00   0.371751E+00   0.187300E-02   0.503831E-02   0.523592E-02   0.357720E+00
      21  -0.923879E+00   0.396976E+00   0.203256E-02   0.512011E-02   0.559121E-02   0.363528E+00
      22  -0.858227E+00   0.423913E+00   0.220022E-02   0.519027E-02   0.597061E-02   0.368509E+00
      23  -0.792574E+00   0.452678E+00   0.238803E-02   0.527534E-02   0.637575E-02   0.374549E+00
      24  -0.726922E+00   0.483395E+00   0.259245E-02   0.536300E-02   0.680838E-02   0.380773E+00
      25  -0.661269E+00   0.516196E+00   0.282186E-02   0.546664E-02   0.727037E-02   0.388132E+00
      26  -0.595616E+00   0.551223E+00   0.306889E-02   0.556742E-02   0.776370E-02   0.395287E+00
      27  -0.529964E+00   0.588626E+00   0.334595E-02   0.568433E-02   0.829051E-02   0.403588E+00
      28  -0.464311E+00   0.628568E+00   0.364906E-02   0.580536E-02   0.885307E-02   0.412181E+00
      29  -0.398658E+00   0.671220E+00   0.397953E-02   0.592880E-02   0.945380E-02   0.420945E+00
      30  -0.333006E+00   0.716766E+00   0.435104E-02   0.607038E-02   0.100953E-01   0.430997E+00
      31  -0.267353E+00   0.765403E+00   0.475817E-02   0.621655E-02   0.107803E-01   0.441375E+00
      32  -0.201700E+00   0.817340E+00   0.520502E-02   0.636825E-02   0.115118E-01   0.452146E+00
      33  -0.136048E+00   0.872801E+00   0.571089E-02   0.654318E-02   0.122930E-01   0.464566E+00
      34  -0.703950E-01   0.932026E+00   0.626331E-02   0.672010E-02   0.131271E-01   0.477127E+00
      35  -0.474235E-02   0.995269E+00   0.688334E-02   0.691606E-02   0.140179E-01   0.491040E+00
      36   0.609103E-01   0.106280E+01   0.756740E-02   0.712022E-02   0.149691E-01   0.505536E+00
      37   0.126563E+00   0.113492E+01   0.832773E-02   0.733772E-02   0.159848E-01   0.520978E+00
      38   0.192216E+00   0.121193E+01   0.917391E-02   0.756966E-02   0.170695E-01   0.537446E+00
      39   0.257868E+00   0.129417E+01   0.101113E-01   0.781294E-02   0.182277E-01   0.554719E+00
      40   0.323521E+00   0.138199E+01   0.111489E-01   0.806734E-02   0.194646E-01   0.572781E+00
      41   0.389174E+00   0.147576E+01   0.123065E-01   0.833906E-02   0.207854E-01   0.592073E+00
      42   0.454826E+00   0.157590E+01   0.135864E-01   0.862136E-02   0.221958E-01   0.612117E+00
      43   0.520479E+00   0.168283E+01   0.150057E-01   0.891694E-02   0.237019E-01   0.633103E+00
      44   0.586131E+00   0.179702E+01   0.165609E-01   0.921577E-02   0.253102E-01   0.654319E+00
      45   0.651784E+00   0.191896E+01   0.183010E-01   0.953693E-02   0.270276E-01   0.677122E+00
      46   0.717437E+00   0.204917E+01   0.201945E-01   0.985495E-02   0.288616E-01   0.699701E+00
      47   0.783089E+00   0.218822E+01   0.222844E-01   0.101838E-01   0.308200E-01   0.723050E+00
      48   0.848742E+00   0.233671E+01   0.245794E-01   0.105188E-01   0.329113E-01   0.746838E+00
      49   0.914395E+00   0.249526E+01   0.270702E-01   0.108486E-01   0.351446E-01   0.770253E+00
      50   0.980047E+00   0.266458E+01   0.297894E-01   0.111798E-01   0.375293E-01   0.793763E+00
      51   0.104570E+01   0.284539E+01   0.327452E-01   0.115081E-01   0.400759E-01   0.817078E+00
      52   0.111135E+01   0.303847E+01   0.359319E-01   0.118257E-01   0.427953E-01   0.839622E+00
      53   0.117701E+01   0.324464E+01   0.393723E-01   0.121345E-01   0.456992E-01   0.861553E+00
      54   0.124266E+01   0.346481E+01   0.430678E-01   0.124301E-01   0.488002E-01   0.882534E+00
      55   0.130831E+01   0.369992E+01   0.470318E-01   0.127116E-01   0.521115E-01   0.902522E+00
      56   0.137396E+01   0.395098E+01   0.512653E-01   0.129753E-01   0.556476E-01   0.921249E+00
      57   0.143962E+01   0.421908E+01   0.557752E-01   0.132198E-01   0.594236E-01   0.938604E+00
      58   0.150527E+01   0.450536E+01   0.605793E-01   0.134460E-01   0.634558E-01   0.954668E+00
      59   0.157092E+01   0.481108E+01   0.656905E-01   0.136540E-01   0.677617E-01   0.969435E+00
      60   0.163657E+01   0.513754E+01   0.711057E-01   0.138404E-01   0.723597E-01   0.982670E+00
      61   0.170223E+01   0.548615E+01   0.768448E-01   0.140070E-01   0.772697E-01   0.994501E+00
      62   0.176788E+01   0.585842E+01   0.829040E-01   0.141513E-01   0.825129E-01   0.100474E+01
      63   0.183353E+01   0.625594E+01   0.893552E-01   0.142833E-01   0.881119E-01   0.101411E+01
      64   0.189918E+01   0.668044E+01   0.961213E-01   0.143885E-01   0.940908E-01   0.102158E+01
      65   0.196484E+01   0.713375E+01   0.103291E+00   0.144792E-01   0.100475E+00   0.102802E+01
      66   0.203049E+01   0.761782E+01   0.110875E+00   0.145546E-01   0.107293E+00   0.103338E+01
      67   0.209614E+01   0.813473E+01   0.118875E+00   0.146132E-01   0.114574E+00   0.103754E+01
      68   0.216180E+01   0.868672E+01   0.127357E+00   0.146612E-01   0.122348E+00   0.104094E+01
      69   0.222745E+01   0.927616E+01   0.136352E+00   0.146992E-01   0.130650E+00   0.104364E+01
      70   0.229310E+01   0.990560E+01   0.145863E+00   0.147253E-01   0.139516E+00   0.104549E+01
      71   0.235875E+01   0.105778E+02   0.155960E+00   0.147442E-01   0.148982E+00   0.104684E+01
      72   0.242441E+01   0.112955E+02   0.166687E+00   0.147569E-01   0.159092E+00   0.104774E+01
      73   0.249006E+01   0.120620E+02   0.178094E+00   0.147649E-01   0.169887E+00   0.104831E+01
      74   0.255571E+01   0.128805E+02   0.190268E+00   0.147718E-01   0.181415E+00   0.104880E+01
      75   0.262136E+01   0.137545E+02   0.203225E+00   0.147752E-01   0.193725E+00   0.104904E+01
      76   0.268702E+01   0.146878E+02   0.217027E+00   0.147760E-01   0.206870E+00   0.104910E+01
      77   0.275267E+01   0.156844E+02   0.231777E+00   0.147775E-01   0.220908E+00   0.104920E+01
      78   0.281832E+01   0.167487E+02   0.247521E+00   0.147785E-01   0.235897E+00   0.104928E+01
      79   0.288397E+01   0.178852E+02   0.264364E+00   0.147811E-01   0.251904E+00   0.104946E+01
      80   0.294963E+01   0.190988E+02   0.282374E+00   0.147849E-01   0.268998E+00   0.104973E+01
      81   0.301528E+01   0.203948E+02   0.301530E+00   0.147847E-01   0.287251E+00   0.104971E+01
      82   0.308093E+01   0.217787E+02   0.322020E+00   0.147860E-01   0.306742E+00   0.104981E+01
      83   0.314658E+01   0.232565E+02   0.343956E+00   0.147897E-01   0.327556E+00   0.105007E+01
      84   0.321224E+01   0.248346E+02   0.367339E+00   0.147914E-01   0.349783E+00   0.105019E+01
      85   0.327789E+01   0.265198E+02   0.392236E+00   0.147903E-01   0.373518E+00   0.105011E+01
      86   0.334354E+01   0.283193E+02   0.418937E+00   0.147934E-01   0.398863E+00   0.105033E+01
      87   0.340920E+01   0.302409E+02   0.447446E+00   0.147960E-01   0.425928E+00   0.105052E+01
      88   0.347485E+01   0.322929E+02   0.477891E+00   0.147986E-01   0.454830E+00   0.105070E+01
      89   0.354050E+01   0.344842E+02   0.510588E+00   0.148065E-01   0.485693E+00   0.105126E+01
      90   0.360615E+01   0.368241E+02   0.545251E+00   0.148069E-01   0.518650E+00   0.105129E+01
      91   0.367181E+01   0.393229E+02   0.582351E+00   0.148095E-01   0.553843E+00   0.105147E+01
      92   0.373746E+01   0.419911E+02   0.622173E+00   0.148168E-01   0.591425E+00   0.105199E+01
      93   0.380311E+01   0.448405E+02   0.664312E+00   0.148150E-01   0.631556E+00   0.105187E+01
      94   0.386876E+01   0.478832E+02   0.709184E+00   0.148107E-01   0.674411E+00   0.105156E+01
      95   0.393442E+01   0.511323E+02   0.756974E+00   0.148042E-01   0.720173E+00   0.105110E+01
      96   0.400007E+01   0.546019E+02   0.808189E+00   0.148015E-01   0.769041E+00   0.105090E+01
      97   0.406572E+01   0.583070E+02   0.862320E+00   0.147893E-01   0.821225E+00   0.105004E+01
      98   0.413137E+01   0.622635E+02   0.912102E+00   0.146491E-01   0.876950E+00   0.104008E+01
      99   0.419703E+01   0.664884E+02   0.871618E+00   0.131093E-01   0.936456E+00   0.930762E+00
     100   0.426268E+01   0.710000E+02   0.255712E+00   0.360158E-02   0.100000E+01   0.255712E+00
