Program Mean-density FBM Gaussian Binned (procs as sets)
Instantaneous probability density distribution
force_weight= -0.25000000000000000
STEPDIS= GAU
STEPSIG= 1.0000000000000000
GAMMMA= 1.0000000000000000
NT= 16384
L= 1000000.0000000000
NWALKERS_PER_SET= 64
NSETS= 1080
IRINIT= 1
NCONF= 69120
FORCE_TYPE= LINEAR
FORCE_TEST= NONE
GRAD_FORM= SYMM
GRAD_DX= 1
GRAD_TEST= NONE
KILL_FBM_TIME= 16384
WALKER_SIGMA= 0.50000000000000000
WALKER_WIDTH= 1.5000000000000000
NBINS= 5000000
NTSTART= 16374
NTEND= 16384
REBIN_BINWIDTH_FACTOR= 10
x_rms(t_last=14749)= 166.0752841334315
==================================
 ibin            x               x/x_rms         P(|x|)          x_rms*P        
 -5.974000E+03   -5.974000E+02   -3.597164E+00    1.146541E-06    1.904121E-04  
 -5.964000E+03   -5.964000E+02   -3.591142E+00    8.843149E-06    1.468628E-03  
 -5.954000E+03   -5.954000E+02   -3.585121E+00    1.084613E-05    1.801274E-03  
 -5.944000E+03   -5.944000E+02   -3.579100E+00    1.424045E-05    2.364987E-03  
 -5.934000E+03   -5.934000E+02   -3.573078E+00    2.075990E-05    3.447706E-03  
 -5.924000E+03   -5.924000E+02   -3.567057E+00    1.836264E-05    3.049580E-03  
 -5.914000E+03   -5.914000E+02   -3.561036E+00    5.126071E-06    8.513137E-04  
 -5.904000E+03   -5.904000E+02   -3.555014E+00    8.983502E-08    1.491938E-05  
 -5.894000E+03   -5.894000E+02   -3.548993E+00    0.000000E+00    0.000000E+00  
 -5.884000E+03   -5.884000E+02   -3.542972E+00    0.000000E+00    0.000000E+00  
 -5.874000E+03   -5.874000E+02   -3.536950E+00    0.000000E+00    0.000000E+00  
 -5.864000E+03   -5.864000E+02   -3.530929E+00    0.000000E+00    0.000000E+00  
 -5.854000E+03   -5.854000E+02   -3.524907E+00    0.000000E+00    0.000000E+00  
 -5.844000E+03   -5.844000E+02   -3.518886E+00    0.000000E+00    0.000000E+00  
 -5.834000E+03   -5.834000E+02   -3.512865E+00    0.000000E+00    0.000000E+00  
 -5.824000E+03   -5.824000E+02   -3.506843E+00    0.000000E+00    0.000000E+00  
 -5.814000E+03   -5.814000E+02   -3.500822E+00    0.000000E+00    0.000000E+00  
 -5.804000E+03   -5.804000E+02   -3.494801E+00    0.000000E+00    0.000000E+00  
 -5.794000E+03   -5.794000E+02   -3.488779E+00    0.000000E+00    0.000000E+00  
 -5.784000E+03   -5.784000E+02   -3.482758E+00    0.000000E+00    0.000000E+00  
 -5.774000E+03   -5.774000E+02   -3.476736E+00    0.000000E+00    0.000000E+00  
 -5.764000E+03   -5.764000E+02   -3.470715E+00    0.000000E+00    0.000000E+00  
 -5.754000E+03   -5.754000E+02   -3.464694E+00    0.000000E+00    0.000000E+00  
 -5.744000E+03   -5.744000E+02   -3.458672E+00    0.000000E+00    0.000000E+00  
 -5.734000E+03   -5.734000E+02   -3.452651E+00    0.000000E+00    0.000000E+00  
 -5.724000E+03   -5.724000E+02   -3.446630E+00    0.000000E+00    0.000000E+00  
 -5.714000E+03   -5.714000E+02   -3.440608E+00    0.000000E+00    0.000000E+00  
 -5.704000E+03   -5.704000E+02   -3.434587E+00    0.000000E+00    0.000000E+00  
 -5.694000E+03   -5.694000E+02   -3.428566E+00    0.000000E+00    0.000000E+00  
 -5.684000E+03   -5.684000E+02   -3.422544E+00    0.000000E+00    0.000000E+00  
 -5.674000E+03   -5.674000E+02   -3.416523E+00    0.000000E+00    0.000000E+00  
 -5.664000E+03   -5.664000E+02   -3.410501E+00    0.000000E+00    0.000000E+00  
 -5.654000E+03   -5.654000E+02   -3.404480E+00    0.000000E+00    0.000000E+00  
 -5.644000E+03   -5.644000E+02   -3.398459E+00    0.000000E+00    0.000000E+00  
 -5.634000E+03   -5.634000E+02   -3.392437E+00    0.000000E+00    0.000000E+00  
 -5.624000E+03   -5.624000E+02   -3.386416E+00    0.000000E+00    0.000000E+00  
 -5.614000E+03   -5.614000E+02   -3.380395E+00    0.000000E+00    0.000000E+00  
 -5.604000E+03   -5.604000E+02   -3.374373E+00    0.000000E+00    0.000000E+00  
 -5.594000E+03   -5.594000E+02   -3.368352E+00    0.000000E+00    0.000000E+00  
 -5.584000E+03   -5.584000E+02   -3.362331E+00    0.000000E+00    0.000000E+00  
 -5.574000E+03   -5.574000E+02   -3.356309E+00    0.000000E+00    0.000000E+00  
 -5.564000E+03   -5.564000E+02   -3.350288E+00    0.000000E+00    0.000000E+00  
 -5.554000E+03   -5.554000E+02   -3.344266E+00    0.000000E+00    0.000000E+00  
 -5.544000E+03   -5.544000E+02   -3.338245E+00    0.000000E+00    0.000000E+00  
 -5.534000E+03   -5.534000E+02   -3.332224E+00    0.000000E+00    0.000000E+00  
 -5.524000E+03   -5.524000E+02   -3.326202E+00    0.000000E+00    0.000000E+00  
 -5.514000E+03   -5.514000E+02   -3.320181E+00    0.000000E+00    0.000000E+00  
 -5.504000E+03   -5.504000E+02   -3.314160E+00    0.000000E+00    0.000000E+00  
 -5.494000E+03   -5.494000E+02   -3.308138E+00    0.000000E+00    0.000000E+00  
 -5.484000E+03   -5.484000E+02   -3.302117E+00    0.000000E+00    0.000000E+00  
 -5.474000E+03   -5.474000E+02   -3.296096E+00    0.000000E+00    0.000000E+00  
 -5.464000E+03   -5.464000E+02   -3.290074E+00    0.000000E+00    0.000000E+00  
 -5.454000E+03   -5.454000E+02   -3.284053E+00    0.000000E+00    0.000000E+00  
 -5.444000E+03   -5.444000E+02   -3.278031E+00    0.000000E+00    0.000000E+00  
 -5.434000E+03   -5.434000E+02   -3.272010E+00    0.000000E+00    0.000000E+00  
 -5.424000E+03   -5.424000E+02   -3.265989E+00    0.000000E+00    0.000000E+00  
 -5.414000E+03   -5.414000E+02   -3.259967E+00    0.000000E+00    0.000000E+00  
 -5.404000E+03   -5.404000E+02   -3.253946E+00    0.000000E+00    0.000000E+00  
 -5.394000E+03   -5.394000E+02   -3.247925E+00    0.000000E+00    0.000000E+00  
 -5.384000E+03   -5.384000E+02   -3.241903E+00    8.593911E-07    1.427236E-04  
 -5.374000E+03   -5.374000E+02   -3.235882E+00    8.779796E-06    1.458107E-03  
 -5.364000E+03   -5.364000E+02   -3.229860E+00    8.203867E-06    1.362460E-03  
 -5.354000E+03   -5.354000E+02   -3.223839E+00    2.926542E-05    4.860262E-03  
 -5.344000E+03   -5.344000E+02   -3.217818E+00    2.655136E-05    4.409524E-03  
 -5.334000E+03   -5.334000E+02   -3.211796E+00    5.592902E-06    9.288429E-04  
 -5.324000E+03   -5.324000E+02   -3.205775E+00    1.620547E-07    2.691328E-05  
 -5.314000E+03   -5.314000E+02   -3.199754E+00    0.000000E+00    0.000000E+00  
 -5.304000E+03   -5.304000E+02   -3.193732E+00    0.000000E+00    0.000000E+00  
 -5.294000E+03   -5.294000E+02   -3.187711E+00    0.000000E+00    0.000000E+00  
 -5.284000E+03   -5.284000E+02   -3.181690E+00    0.000000E+00    0.000000E+00  
 -5.274000E+03   -5.274000E+02   -3.175668E+00    0.000000E+00    0.000000E+00  
 -5.264000E+03   -5.264000E+02   -3.169647E+00    2.589795E-06    4.301010E-04  
 -5.254000E+03   -5.254000E+02   -3.163625E+00    2.986010E-05    4.959025E-03  
 -5.244000E+03   -5.244000E+02   -3.157604E+00    5.309134E-05    8.817160E-03  
 -5.234000E+03   -5.234000E+02   -3.151583E+00    5.109435E-05    8.485509E-03  
 -5.224000E+03   -5.224000E+02   -3.145561E+00    5.310190E-05    8.818913E-03  
 -5.214000E+03   -5.214000E+02   -3.139540E+00    3.561145E-05    5.914182E-03  
 -5.204000E+03   -5.204000E+02   -3.133519E+00    1.229940E-05    2.042626E-03  
 -5.194000E+03   -5.194000E+02   -3.127497E+00    5.987470E-07    9.943708E-05  
 -5.184000E+03   -5.184000E+02   -3.121476E+00    0.000000E+00    0.000000E+00  
 -5.174000E+03   -5.174000E+02   -3.115455E+00    0.000000E+00    0.000000E+00  
 -5.164000E+03   -5.164000E+02   -3.109433E+00    0.000000E+00    0.000000E+00  
 -5.154000E+03   -5.154000E+02   -3.103412E+00    0.000000E+00    0.000000E+00  
 -5.144000E+03   -5.144000E+02   -3.097390E+00    0.000000E+00    0.000000E+00  
 -5.134000E+03   -5.134000E+02   -3.091369E+00    0.000000E+00    0.000000E+00  
 -5.124000E+03   -5.124000E+02   -3.085348E+00    0.000000E+00    0.000000E+00  
 -5.114000E+03   -5.114000E+02   -3.079326E+00    0.000000E+00    0.000000E+00  
 -5.104000E+03   -5.104000E+02   -3.073305E+00    0.000000E+00    0.000000E+00  
 -5.094000E+03   -5.094000E+02   -3.067284E+00    5.701928E-07    9.469492E-05  
 -5.084000E+03   -5.084000E+02   -3.061262E+00    9.545840E-06    1.585328E-03  
 -5.074000E+03   -5.074000E+02   -3.055241E+00    2.393339E-05    3.974745E-03  
 -5.064000E+03   -5.064000E+02   -3.049220E+00    3.660329E-05    6.078902E-03  
 -5.054000E+03   -5.054000E+02   -3.043198E+00    4.007842E-05    6.656036E-03  
 -5.044000E+03   -5.044000E+02   -3.037177E+00    4.145897E-05    6.885310E-03  
 -5.034000E+03   -5.034000E+02   -3.031155E+00    5.241317E-05    8.704533E-03  
 -5.024000E+03   -5.024000E+02   -3.025134E+00    2.585480E-05    4.293843E-03  
 -5.014000E+03   -5.014000E+02   -3.019113E+00    1.187803E-05    1.972647E-03  
 -5.004000E+03   -5.004000E+02   -3.013091E+00    4.141888E-05    6.878653E-03  
 -4.994000E+03   -4.994000E+02   -3.007070E+00    5.249284E-05    8.717763E-03  
 -4.984000E+03   -4.984000E+02   -3.001049E+00    4.623002E-05    7.677664E-03  
 -4.974000E+03   -4.974000E+02   -2.995027E+00    3.589123E-05    5.960646E-03  
 -4.964000E+03   -4.964000E+02   -2.989006E+00    3.747693E-05    6.223991E-03  
 -4.954000E+03   -4.954000E+02   -2.982985E+00    4.554390E-05    7.563717E-03  
 -4.944000E+03   -4.944000E+02   -2.976963E+00    8.726270E-05    1.449218E-02  
 -4.934000E+03   -4.934000E+02   -2.970942E+00    8.552199E-05    1.420309E-02  
 -4.924000E+03   -4.924000E+02   -2.964920E+00    6.897487E-05    1.145502E-02  
 -4.914000E+03   -4.914000E+02   -2.958899E+00    6.256815E-05    1.039102E-02  
 -4.904000E+03   -4.904000E+02   -2.952878E+00    5.085099E-05    8.445092E-03  
 -4.894000E+03   -4.894000E+02   -2.946856E+00    7.955256E-05    1.321171E-02  
 -4.884000E+03   -4.884000E+02   -2.940835E+00    9.211247E-05    1.529761E-02  
 -4.874000E+03   -4.874000E+02   -2.934814E+00    8.522939E-05    1.415450E-02  
 -4.864000E+03   -4.864000E+02   -2.928792E+00    6.983070E-05    1.159715E-02  
 -4.854000E+03   -4.854000E+02   -2.922771E+00    6.946542E-05    1.153649E-02  
 -4.844000E+03   -4.844000E+02   -2.916749E+00    6.492432E-05    1.078232E-02  
 -4.834000E+03   -4.834000E+02   -2.910728E+00    3.315636E-05    5.506452E-03  
 -4.824000E+03   -4.824000E+02   -2.904707E+00    1.297669E-05    2.155107E-03  
 -4.814000E+03   -4.814000E+02   -2.898685E+00    1.644846E-05    2.731683E-03  
 -4.804000E+03   -4.804000E+02   -2.892664E+00    3.164717E-05    5.255812E-03  
 -4.794000E+03   -4.794000E+02   -2.886643E+00    4.993343E-05    8.292709E-03  
 -4.784000E+03   -4.784000E+02   -2.880621E+00    5.212094E-05    8.655999E-03  
 -4.774000E+03   -4.774000E+02   -2.874600E+00    4.778499E-05    7.935905E-03  
 -4.764000E+03   -4.764000E+02   -2.868579E+00    5.672754E-05    9.421042E-03  
 -4.754000E+03   -4.754000E+02   -2.862557E+00    4.087787E-05    6.788804E-03  
 -4.744000E+03   -4.744000E+02   -2.856536E+00    4.501899E-05    7.476541E-03  
 -4.734000E+03   -4.734000E+02   -2.850514E+00    5.366482E-05    8.912400E-03  
 -4.724000E+03   -4.724000E+02   -2.844493E+00    5.284604E-05    8.776421E-03  
 -4.714000E+03   -4.714000E+02   -2.838472E+00    6.619130E-05    1.099274E-02  
 -4.704000E+03   -4.704000E+02   -2.832450E+00    1.004509E-04    1.668241E-02  
 -4.694000E+03   -4.694000E+02   -2.826429E+00    1.320834E-04    2.193579E-02  
 -4.684000E+03   -4.684000E+02   -2.820408E+00    7.788842E-05    1.293534E-02  
 -4.674000E+03   -4.674000E+02   -2.814386E+00    7.909584E-05    1.313586E-02  
 -4.664000E+03   -4.664000E+02   -2.808365E+00    8.737744E-05    1.451123E-02  
 -4.654000E+03   -4.654000E+02   -2.802344E+00    7.826426E-05    1.299776E-02  
 -4.644000E+03   -4.644000E+02   -2.796322E+00    8.699950E-05    1.444847E-02  
 -4.634000E+03   -4.634000E+02   -2.790301E+00    1.264203E-04    2.099529E-02  
 -4.624000E+03   -4.624000E+02   -2.784279E+00    1.692835E-04    2.811380E-02  
 -4.614000E+03   -4.614000E+02   -2.778258E+00    1.627158E-04    2.702308E-02  
 -4.604000E+03   -4.604000E+02   -2.772237E+00    2.049325E-04    3.403423E-02  
 -4.594000E+03   -4.594000E+02   -2.766215E+00    1.819519E-04    3.021771E-02  
 -4.584000E+03   -4.584000E+02   -2.760194E+00    1.011820E-04    1.680382E-02  
 -4.574000E+03   -4.574000E+02   -2.754173E+00    7.373688E-05    1.224587E-02  
 -4.564000E+03   -4.564000E+02   -2.748151E+00    8.028653E-05    1.333361E-02  
 -4.554000E+03   -4.554000E+02   -2.742130E+00    1.077381E-04    1.789264E-02  
 -4.544000E+03   -4.544000E+02   -2.736109E+00    9.599514E-05    1.594242E-02  
 -4.534000E+03   -4.534000E+02   -2.730087E+00    1.037038E-04    1.722264E-02  
 -4.524000E+03   -4.524000E+02   -2.724066E+00    1.327294E-04    2.204307E-02  
 -4.514000E+03   -4.514000E+02   -2.718044E+00    1.517010E-04    2.519379E-02  
 -4.504000E+03   -4.504000E+02   -2.712023E+00    1.133453E-04    1.882385E-02  
 -4.494000E+03   -4.494000E+02   -2.706002E+00    9.757896E-05    1.620545E-02  
 -4.484000E+03   -4.484000E+02   -2.699980E+00    1.381508E-04    2.294343E-02  
 -4.474000E+03   -4.474000E+02   -2.693959E+00    1.800989E-04    2.990998E-02  
 -4.464000E+03   -4.464000E+02   -2.687938E+00    2.188219E-04    3.634090E-02  
 -4.454000E+03   -4.454000E+02   -2.681916E+00    2.636020E-04    4.377778E-02  
 -4.444000E+03   -4.444000E+02   -2.675895E+00    3.002556E-04    4.986503E-02  
 -4.434000E+03   -4.434000E+02   -2.669873E+00    2.947748E-04    4.895481E-02  
 -4.424000E+03   -4.424000E+02   -2.663852E+00    2.368250E-04    3.933077E-02  
 -4.414000E+03   -4.414000E+02   -2.657831E+00    2.187463E-04    3.632835E-02  
 -4.404000E+03   -4.404000E+02   -2.651809E+00    2.369102E-04    3.934494E-02  
 -4.394000E+03   -4.394000E+02   -2.645788E+00    2.686702E-04    4.461948E-02  
 -4.384000E+03   -4.384000E+02   -2.639767E+00    3.120272E-04    5.182000E-02  
 -4.374000E+03   -4.374000E+02   -2.633745E+00    2.941654E-04    4.885360E-02  
 -4.364000E+03   -4.364000E+02   -2.627724E+00    2.313477E-04    3.842114E-02  
 -4.354000E+03   -4.354000E+02   -2.621703E+00    1.717948E-04    2.853087E-02  
 -4.344000E+03   -4.344000E+02   -2.615681E+00    2.245010E-04    3.728406E-02  
 -4.334000E+03   -4.334000E+02   -2.609660E+00    2.793074E-04    4.638605E-02  
 -4.324000E+03   -4.324000E+02   -2.603638E+00    2.984618E-04    4.956713E-02  
 -4.314000E+03   -4.314000E+02   -2.597617E+00    2.401702E-04    3.988633E-02  
 -4.304000E+03   -4.304000E+02   -2.591596E+00    2.549248E-04    4.233671E-02  
 -4.294000E+03   -4.294000E+02   -2.585574E+00    3.474604E-04    5.770459E-02  
 -4.284000E+03   -4.284000E+02   -2.579553E+00    3.499754E-04    5.812226E-02  
 -4.274000E+03   -4.274000E+02   -2.573532E+00    2.778344E-04    4.614142E-02  
 -4.264000E+03   -4.264000E+02   -2.567510E+00    2.943687E-04    4.888737E-02  
 -4.254000E+03   -4.254000E+02   -2.561489E+00    3.893986E-04    6.466948E-02  
 -4.244000E+03   -4.244000E+02   -2.555468E+00    3.735792E-04    6.204228E-02  
 -4.234000E+03   -4.234000E+02   -2.549446E+00    3.711659E-04    6.164149E-02  
 -4.224000E+03   -4.224000E+02   -2.543425E+00    4.039866E-04    6.709219E-02  
 -4.214000E+03   -4.214000E+02   -2.537403E+00    4.394724E-04    7.298550E-02  
 -4.204000E+03   -4.204000E+02   -2.531382E+00    4.918598E-04    8.168575E-02  
 -4.194000E+03   -4.194000E+02   -2.525361E+00    4.836436E-04    8.032125E-02  
 -4.184000E+03   -4.184000E+02   -2.519339E+00    4.820014E-04    8.004851E-02  
 -4.174000E+03   -4.174000E+02   -2.513318E+00    3.620566E-04    6.012865E-02  
 -4.164000E+03   -4.164000E+02   -2.507297E+00    4.112875E-04    6.830469E-02  
 -4.154000E+03   -4.154000E+02   -2.501275E+00    3.872704E-04    6.431605E-02  
 -4.144000E+03   -4.144000E+02   -2.495254E+00    4.310600E-04    7.158841E-02  
 -4.134000E+03   -4.134000E+02   -2.489233E+00    5.172012E-04    8.589434E-02  
 -4.124000E+03   -4.124000E+02   -2.483211E+00    5.875231E-04    9.757306E-02  
 -4.114000E+03   -4.114000E+02   -2.477190E+00    5.387168E-04    8.946754E-02  
 -4.104000E+03   -4.104000E+02   -2.471168E+00    5.102590E-04    8.474141E-02  
 -4.094000E+03   -4.094000E+02   -2.465147E+00    5.597661E-04    9.296331E-02  
 -4.084000E+03   -4.084000E+02   -2.459126E+00    5.825964E-04    9.675487E-02  
 -4.074000E+03   -4.074000E+02   -2.453104E+00    6.437819E-04    1.069163E-01  
 -4.064000E+03   -4.064000E+02   -2.447083E+00    6.128371E-04    1.017771E-01  
 -4.054000E+03   -4.054000E+02   -2.441062E+00    5.265982E-04    8.745494E-02  
 -4.044000E+03   -4.044000E+02   -2.435040E+00    4.622313E-04    7.676519E-02  
 -4.034000E+03   -4.034000E+02   -2.429019E+00    4.099219E-04    6.807790E-02  
 -4.024000E+03   -4.024000E+02   -2.422998E+00    3.923109E-04    6.515314E-02  
 -4.014000E+03   -4.014000E+02   -2.416976E+00    5.478753E-04    9.098854E-02  
 -4.004000E+03   -4.004000E+02   -2.410955E+00    6.361200E-04    1.056438E-01  
 -3.994000E+03   -3.994000E+02   -2.404933E+00    5.576176E-04    9.260650E-02  
 -3.984000E+03   -3.984000E+02   -2.398912E+00    6.228112E-04    1.034335E-01  
 -3.974000E+03   -3.974000E+02   -2.392891E+00    5.983235E-04    9.936674E-02  
 -3.964000E+03   -3.964000E+02   -2.386869E+00    7.275957E-04    1.208357E-01  
 -3.954000E+03   -3.954000E+02   -2.380848E+00    8.720608E-04    1.448277E-01  
 -3.944000E+03   -3.944000E+02   -2.374827E+00    7.958380E-04    1.321690E-01  
 -3.934000E+03   -3.934000E+02   -2.368805E+00    8.247209E-04    1.369658E-01  
 -3.924000E+03   -3.924000E+02   -2.362784E+00    8.380027E-04    1.391715E-01  
 -3.914000E+03   -3.914000E+02   -2.356762E+00    9.991914E-04    1.659410E-01  
 -3.904000E+03   -3.904000E+02   -2.350741E+00    9.524060E-04    1.581711E-01  
 -3.894000E+03   -3.894000E+02   -2.344720E+00    8.346714E-04    1.386183E-01  
 -3.884000E+03   -3.884000E+02   -2.338698E+00    9.856031E-04    1.636843E-01  
 -3.874000E+03   -3.874000E+02   -2.332677E+00    1.020180E-03    1.694266E-01  
 -3.864000E+03   -3.864000E+02   -2.326656E+00    1.016827E-03    1.688699E-01  
 -3.854000E+03   -3.854000E+02   -2.320634E+00    1.135782E-03    1.886254E-01  
 -3.844000E+03   -3.844000E+02   -2.314613E+00    1.072109E-03    1.780509E-01  
 -3.834000E+03   -3.834000E+02   -2.308592E+00    1.019303E-03    1.692810E-01  
 -3.824000E+03   -3.824000E+02   -2.302570E+00    9.491939E-04    1.576377E-01  
 -3.814000E+03   -3.814000E+02   -2.296549E+00    1.094274E-03    1.817319E-01  
 -3.804000E+03   -3.804000E+02   -2.290527E+00    1.151484E-03    1.912330E-01  
 -3.794000E+03   -3.794000E+02   -2.284506E+00    1.261075E-03    2.094334E-01  
 -3.784000E+03   -3.784000E+02   -2.278485E+00    1.297131E-03    2.154214E-01  
 -3.774000E+03   -3.774000E+02   -2.272463E+00    1.509998E-03    2.507734E-01  
 -3.764000E+03   -3.764000E+02   -2.266442E+00    1.498284E-03    2.488279E-01  
 -3.754000E+03   -3.754000E+02   -2.260421E+00    1.385734E-03    2.301362E-01  
 -3.744000E+03   -3.744000E+02   -2.254399E+00    1.496709E-03    2.485664E-01  
 -3.734000E+03   -3.734000E+02   -2.248378E+00    1.719453E-03    2.855587E-01  
 -3.724000E+03   -3.724000E+02   -2.242357E+00    1.805846E-03    2.999064E-01  
 -3.714000E+03   -3.714000E+02   -2.236335E+00    1.799771E-03    2.988975E-01  
 -3.704000E+03   -3.704000E+02   -2.230314E+00    1.810968E-03    3.007570E-01  
 -3.694000E+03   -3.694000E+02   -2.224292E+00    1.614814E-03    2.681808E-01  
 -3.684000E+03   -3.684000E+02   -2.218271E+00    1.516072E-03    2.517820E-01  
 -3.674000E+03   -3.674000E+02   -2.212250E+00    1.574888E-03    2.615500E-01  
 -3.664000E+03   -3.664000E+02   -2.206228E+00    1.675352E-03    2.782345E-01  
 -3.654000E+03   -3.654000E+02   -2.200207E+00    1.822016E-03    3.025918E-01  
 -3.644000E+03   -3.644000E+02   -2.194186E+00    1.995847E-03    3.314608E-01  
 -3.634000E+03   -3.634000E+02   -2.188164E+00    1.917128E-03    3.183875E-01  
 -3.624000E+03   -3.624000E+02   -2.182143E+00    1.648826E-03    2.738292E-01  
 -3.614000E+03   -3.614000E+02   -2.176122E+00    1.749253E-03    2.905077E-01  
 -3.604000E+03   -3.604000E+02   -2.170100E+00    1.722311E-03    2.860333E-01  
 -3.594000E+03   -3.594000E+02   -2.164079E+00    1.802009E-03    2.992692E-01  
 -3.584000E+03   -3.584000E+02   -2.158057E+00    1.927150E-03    3.200520E-01  
 -3.574000E+03   -3.574000E+02   -2.152036E+00    2.036556E-03    3.382217E-01  
 -3.564000E+03   -3.564000E+02   -2.146015E+00    2.164807E-03    3.595209E-01  
 -3.554000E+03   -3.554000E+02   -2.139993E+00    2.035204E-03    3.379971E-01  
 -3.544000E+03   -3.544000E+02   -2.133972E+00    2.031566E-03    3.373929E-01  
 -3.534000E+03   -3.534000E+02   -2.127951E+00    2.286876E-03    3.797936E-01  
 -3.524000E+03   -3.524000E+02   -2.121929E+00    2.446537E-03    4.063094E-01  
 -3.514000E+03   -3.514000E+02   -2.115908E+00    2.333206E-03    3.874878E-01  
 -3.504000E+03   -3.504000E+02   -2.109887E+00    2.113936E-03    3.510726E-01  
 -3.494000E+03   -3.494000E+02   -2.103865E+00    2.426986E-03    4.030625E-01  
 -3.484000E+03   -3.484000E+02   -2.097844E+00    2.703149E-03    4.489262E-01  
 -3.474000E+03   -3.474000E+02   -2.091822E+00    2.699623E-03    4.483407E-01  
 -3.464000E+03   -3.464000E+02   -2.085801E+00    2.729086E-03    4.532337E-01  
 -3.454000E+03   -3.454000E+02   -2.079780E+00    2.741058E-03    4.552220E-01  
 -3.444000E+03   -3.444000E+02   -2.073758E+00    2.549526E-03    4.234132E-01  
 -3.434000E+03   -3.434000E+02   -2.067737E+00    2.609944E-03    4.334472E-01  
 -3.424000E+03   -3.424000E+02   -2.061716E+00    2.507361E-03    4.164107E-01  
 -3.414000E+03   -3.414000E+02   -2.055694E+00    2.673663E-03    4.440293E-01  
 -3.404000E+03   -3.404000E+02   -2.049673E+00    2.916900E-03    4.844250E-01  
 -3.394000E+03   -3.394000E+02   -2.043651E+00    2.954284E-03    4.906335E-01  
 -3.384000E+03   -3.384000E+02   -2.037630E+00    2.934324E-03    4.873187E-01  
 -3.374000E+03   -3.374000E+02   -2.031609E+00    3.070995E-03    5.100164E-01  
 -3.364000E+03   -3.364000E+02   -2.025587E+00    3.237749E-03    5.377101E-01  
 -3.354000E+03   -3.354000E+02   -2.019566E+00    3.194852E-03    5.305860E-01  
 -3.344000E+03   -3.344000E+02   -2.013545E+00    3.481540E-03    5.781977E-01  
 -3.334000E+03   -3.334000E+02   -2.007523E+00    3.596167E-03    5.972344E-01  
 -3.324000E+03   -3.324000E+02   -2.001502E+00    3.663358E-03    6.083932E-01  
 -3.314000E+03   -3.314000E+02   -1.995481E+00    3.799517E-03    6.310059E-01  
 -3.304000E+03   -3.304000E+02   -1.989459E+00    3.760095E-03    6.244588E-01  
 -3.294000E+03   -3.294000E+02   -1.983438E+00    3.800494E-03    6.311682E-01  
 -3.284000E+03   -3.284000E+02   -1.977416E+00    3.903744E-03    6.483154E-01  
 -3.274000E+03   -3.274000E+02   -1.971395E+00    4.129509E-03    6.858094E-01  
 -3.264000E+03   -3.264000E+02   -1.965374E+00    3.987772E-03    6.622704E-01  
 -3.254000E+03   -3.254000E+02   -1.959352E+00    3.976805E-03    6.604491E-01  
 -3.244000E+03   -3.244000E+02   -1.953331E+00    3.974372E-03    6.600449E-01  
 -3.234000E+03   -3.234000E+02   -1.947310E+00    3.883814E-03    6.450056E-01  
 -3.224000E+03   -3.224000E+02   -1.941288E+00    4.256967E-03    7.069770E-01  
 -3.214000E+03   -3.214000E+02   -1.935267E+00    4.419802E-03    7.340199E-01  
 -3.204000E+03   -3.204000E+02   -1.929246E+00    4.222397E-03    7.012357E-01  
 -3.194000E+03   -3.194000E+02   -1.923224E+00    4.266914E-03    7.086289E-01  
 -3.184000E+03   -3.184000E+02   -1.917203E+00    4.371584E-03    7.260120E-01  
 -3.174000E+03   -3.174000E+02   -1.911181E+00    4.474700E-03    7.431370E-01  
 -3.164000E+03   -3.164000E+02   -1.905160E+00    4.634589E-03    7.696907E-01  
 -3.154000E+03   -3.154000E+02   -1.899139E+00    4.726844E-03    7.850119E-01  
 -3.144000E+03   -3.144000E+02   -1.893117E+00    4.761199E-03    7.907175E-01  
 -3.134000E+03   -3.134000E+02   -1.887096E+00    4.622220E-03    7.676365E-01  
 -3.124000E+03   -3.124000E+02   -1.881075E+00    4.502522E-03    7.477577E-01  
 -3.114000E+03   -3.114000E+02   -1.875053E+00    4.675088E-03    7.764165E-01  
 -3.104000E+03   -3.104000E+02   -1.869032E+00    4.815715E-03    7.997712E-01  
 -3.094000E+03   -3.094000E+02   -1.863011E+00    5.131445E-03    8.522061E-01  
 -3.084000E+03   -3.084000E+02   -1.856989E+00    5.273944E-03    8.758717E-01  
 -3.074000E+03   -3.074000E+02   -1.850968E+00    5.511654E-03    9.153495E-01  
 -3.064000E+03   -3.064000E+02   -1.844946E+00    5.690446E-03    9.450425E-01  
 -3.054000E+03   -3.054000E+02   -1.838925E+00    5.886245E-03    9.775599E-01  
 -3.044000E+03   -3.044000E+02   -1.832904E+00    6.052526E-03    1.005175E+00  
 -3.034000E+03   -3.034000E+02   -1.826882E+00    5.851863E-03    9.718498E-01  
 -3.024000E+03   -3.024000E+02   -1.820861E+00    6.323579E-03    1.050190E+00  
 -3.014000E+03   -3.014000E+02   -1.814840E+00    6.556060E-03    1.088800E+00  
 -3.004000E+03   -3.004000E+02   -1.808818E+00    6.532186E-03    1.084835E+00  
 -2.994000E+03   -2.994000E+02   -1.802797E+00    6.454819E-03    1.071986E+00  
 -2.984000E+03   -2.984000E+02   -1.796775E+00    6.370464E-03    1.057977E+00  
 -2.974000E+03   -2.974000E+02   -1.790754E+00    6.525014E-03    1.083644E+00  
 -2.964000E+03   -2.964000E+02   -1.784733E+00    6.615479E-03    1.098668E+00  
 -2.954000E+03   -2.954000E+02   -1.778711E+00    6.582742E-03    1.093231E+00  
 -2.944000E+03   -2.944000E+02   -1.772690E+00    6.253510E-03    1.038553E+00  
 -2.934000E+03   -2.934000E+02   -1.766669E+00    6.314012E-03    1.048601E+00  
 -2.924000E+03   -2.924000E+02   -1.760647E+00    6.781591E-03    1.126255E+00  
 -2.914000E+03   -2.914000E+02   -1.754626E+00    7.112265E-03    1.181171E+00  
 -2.904000E+03   -2.904000E+02   -1.748605E+00    7.336839E-03    1.218468E+00  
 -2.894000E+03   -2.894000E+02   -1.742583E+00    7.728383E-03    1.283493E+00  
 -2.884000E+03   -2.884000E+02   -1.736562E+00    7.697783E-03    1.278411E+00  
 -2.874000E+03   -2.874000E+02   -1.730540E+00    7.890404E-03    1.310401E+00  
 -2.864000E+03   -2.864000E+02   -1.724519E+00    7.980019E-03    1.325284E+00  
 -2.854000E+03   -2.854000E+02   -1.718498E+00    8.338675E-03    1.384848E+00  
 -2.844000E+03   -2.844000E+02   -1.712476E+00    8.038007E-03    1.334914E+00  
 -2.834000E+03   -2.834000E+02   -1.706455E+00    8.510526E-03    1.413388E+00  
 -2.824000E+03   -2.824000E+02   -1.700434E+00    8.780409E-03    1.458209E+00  
 -2.814000E+03   -2.814000E+02   -1.694412E+00    8.991078E-03    1.493196E+00  
 -2.804000E+03   -2.804000E+02   -1.688391E+00    8.662465E-03    1.438621E+00  
 -2.794000E+03   -2.794000E+02   -1.682370E+00    8.514679E-03    1.414078E+00  
 -2.784000E+03   -2.784000E+02   -1.676348E+00    8.769666E-03    1.456425E+00  
 -2.774000E+03   -2.774000E+02   -1.670327E+00    9.066721E-03    1.505758E+00  
 -2.764000E+03   -2.764000E+02   -1.664305E+00    9.316098E-03    1.547174E+00  
 -2.754000E+03   -2.754000E+02   -1.658284E+00    9.666891E-03    1.605432E+00  
 -2.744000E+03   -2.744000E+02   -1.652263E+00    9.576461E-03    1.590414E+00  
 -2.734000E+03   -2.734000E+02   -1.646241E+00    9.673611E-03    1.606548E+00  
 -2.724000E+03   -2.724000E+02   -1.640220E+00    9.925921E-03    1.648450E+00  
 -2.714000E+03   -2.714000E+02   -1.634199E+00    9.557551E-03    1.587273E+00  
 -2.704000E+03   -2.704000E+02   -1.628177E+00    9.683707E-03    1.608224E+00  
 -2.694000E+03   -2.694000E+02   -1.622156E+00    1.004409E-02    1.668075E+00  
 -2.684000E+03   -2.684000E+02   -1.616135E+00    1.019306E-02    1.692815E+00  
 -2.674000E+03   -2.674000E+02   -1.610113E+00    1.068710E-02    1.774864E+00  
 -2.664000E+03   -2.664000E+02   -1.604092E+00    1.105761E-02    1.836396E+00  
 -2.654000E+03   -2.654000E+02   -1.598070E+00    1.129956E-02    1.876577E+00  
 -2.644000E+03   -2.644000E+02   -1.592049E+00    1.111829E-02    1.846473E+00  
 -2.634000E+03   -2.634000E+02   -1.586028E+00    1.095603E-02    1.819525E+00  
 -2.624000E+03   -2.624000E+02   -1.580006E+00    1.125336E-02    1.868905E+00  
 -2.614000E+03   -2.614000E+02   -1.573985E+00    1.197531E-02    1.988803E+00  
 -2.604000E+03   -2.604000E+02   -1.567964E+00    1.255824E-02    2.085613E+00  
 -2.594000E+03   -2.594000E+02   -1.561942E+00    1.248993E-02    2.074268E+00  
 -2.584000E+03   -2.584000E+02   -1.555921E+00    1.195443E-02    1.985336E+00  
 -2.574000E+03   -2.574000E+02   -1.549900E+00    1.205498E-02    2.002034E+00  
 -2.564000E+03   -2.564000E+02   -1.543878E+00    1.261898E-02    2.095701E+00  
 -2.554000E+03   -2.554000E+02   -1.537857E+00    1.333119E-02    2.213980E+00  
 -2.544000E+03   -2.544000E+02   -1.531835E+00    1.405024E-02    2.333398E+00  
 -2.534000E+03   -2.534000E+02   -1.525814E+00    1.426529E-02    2.369113E+00  
 -2.524000E+03   -2.524000E+02   -1.519793E+00    1.394139E-02    2.315321E+00  
 -2.514000E+03   -2.514000E+02   -1.513771E+00    1.376932E-02    2.286744E+00  
 -2.504000E+03   -2.504000E+02   -1.507750E+00    1.394218E-02    2.315451E+00  
 -2.494000E+03   -2.494000E+02   -1.501729E+00    1.407133E-02    2.336901E+00  
 -2.484000E+03   -2.484000E+02   -1.495707E+00    1.410219E-02    2.342025E+00  
 -2.474000E+03   -2.474000E+02   -1.489686E+00    1.404028E-02    2.331743E+00  
 -2.464000E+03   -2.464000E+02   -1.483664E+00    1.380276E-02    2.292297E+00  
 -2.454000E+03   -2.454000E+02   -1.477643E+00    1.421501E-02    2.360762E+00  
 -2.444000E+03   -2.444000E+02   -1.471622E+00    1.492424E-02    2.478547E+00  
 -2.434000E+03   -2.434000E+02   -1.465600E+00    1.522535E-02    2.528554E+00  
 -2.424000E+03   -2.424000E+02   -1.459579E+00    1.512275E-02    2.511515E+00  
 -2.414000E+03   -2.414000E+02   -1.453558E+00    1.533808E-02    2.547276E+00  
 -2.404000E+03   -2.404000E+02   -1.447536E+00    1.523373E-02    2.529946E+00  
 -2.394000E+03   -2.394000E+02   -1.441515E+00    1.538931E-02    2.555783E+00  
 -2.384000E+03   -2.384000E+02   -1.435494E+00    1.545409E-02    2.566542E+00  
 -2.374000E+03   -2.374000E+02   -1.429472E+00    1.540383E-02    2.558196E+00  
 -2.364000E+03   -2.364000E+02   -1.423451E+00    1.564569E-02    2.598363E+00  
 -2.354000E+03   -2.354000E+02   -1.417429E+00    1.623006E-02    2.695411E+00  
 -2.344000E+03   -2.344000E+02   -1.411408E+00    1.646876E-02    2.735053E+00  
 -2.334000E+03   -2.334000E+02   -1.405387E+00    1.675675E-02    2.782882E+00  
 -2.324000E+03   -2.324000E+02   -1.399365E+00    1.677008E-02    2.785095E+00  
 -2.314000E+03   -2.314000E+02   -1.393344E+00    1.649051E-02    2.738666E+00  
 -2.304000E+03   -2.304000E+02   -1.387323E+00    1.619247E-02    2.689169E+00  
 -2.294000E+03   -2.294000E+02   -1.381301E+00    1.648435E-02    2.737644E+00  
 -2.284000E+03   -2.284000E+02   -1.375280E+00    1.652683E-02    2.744697E+00  
 -2.274000E+03   -2.274000E+02   -1.369259E+00    1.686759E-02    2.801290E+00  
 -2.264000E+03   -2.264000E+02   -1.363237E+00    1.742250E-02    2.893446E+00  
 -2.254000E+03   -2.254000E+02   -1.357216E+00    1.767450E-02    2.935298E+00  
 -2.244000E+03   -2.244000E+02   -1.351194E+00    1.774063E-02    2.946281E+00  
 -2.234000E+03   -2.234000E+02   -1.345173E+00    1.771080E-02    2.941327E+00  
 -2.224000E+03   -2.224000E+02   -1.339152E+00    1.812125E-02    3.009491E+00  
 -2.214000E+03   -2.214000E+02   -1.333130E+00    1.879212E-02    3.120907E+00  
 -2.204000E+03   -2.204000E+02   -1.327109E+00    1.883643E-02    3.128265E+00  
 -2.194000E+03   -2.194000E+02   -1.321088E+00    1.855120E-02    3.080896E+00  
 -2.184000E+03   -2.184000E+02   -1.315066E+00    1.764929E-02    2.931111E+00  
 -2.174000E+03   -2.174000E+02   -1.309045E+00    1.746095E-02    2.899832E+00  
 -2.164000E+03   -2.164000E+02   -1.303024E+00    1.779909E-02    2.955989E+00  
 -2.154000E+03   -2.154000E+02   -1.297002E+00    1.761315E-02    2.925109E+00  
 -2.144000E+03   -2.144000E+02   -1.290981E+00    1.783683E-02    2.962257E+00  
 -2.134000E+03   -2.134000E+02   -1.284959E+00    1.834265E-02    3.046262E+00  
 -2.124000E+03   -2.124000E+02   -1.278938E+00    1.868962E-02    3.103883E+00  
 -2.114000E+03   -2.114000E+02   -1.272917E+00    1.938345E-02    3.219111E+00  
 -2.104000E+03   -2.104000E+02   -1.266895E+00    1.960249E-02    3.255489E+00  
 -2.094000E+03   -2.094000E+02   -1.260874E+00    1.942409E-02    3.225862E+00  
 -2.084000E+03   -2.084000E+02   -1.254853E+00    2.003366E-02    3.327095E+00  
 -2.074000E+03   -2.074000E+02   -1.248831E+00    2.058329E-02    3.418375E+00  
 -2.064000E+03   -2.064000E+02   -1.242810E+00    2.009301E-02    3.336952E+00  
 -2.054000E+03   -2.054000E+02   -1.236788E+00    1.976482E-02    3.282448E+00  
 -2.044000E+03   -2.044000E+02   -1.230767E+00    2.017469E-02    3.350517E+00  
 -2.034000E+03   -2.034000E+02   -1.224746E+00    1.973060E-02    3.276764E+00  
 -2.024000E+03   -2.024000E+02   -1.218724E+00    1.890126E-02    3.139032E+00  
 -2.014000E+03   -2.014000E+02   -1.212703E+00    1.875678E-02    3.115038E+00  
 -2.004000E+03   -2.004000E+02   -1.206682E+00    1.959071E-02    3.253532E+00  
 -1.994000E+03   -1.994000E+02   -1.200660E+00    1.950319E-02    3.238998E+00  
 -1.984000E+03   -1.984000E+02   -1.194639E+00    2.005968E-02    3.331417E+00  
 -1.974000E+03   -1.974000E+02   -1.188618E+00    2.105258E-02    3.496313E+00  
 -1.964000E+03   -1.964000E+02   -1.182596E+00    2.085207E-02    3.463013E+00  
 -1.954000E+03   -1.954000E+02   -1.176575E+00    2.137682E-02    3.550161E+00  
 -1.944000E+03   -1.944000E+02   -1.170553E+00    2.152225E-02    3.574314E+00  
 -1.934000E+03   -1.934000E+02   -1.164532E+00    2.173122E-02    3.609018E+00  
 -1.924000E+03   -1.924000E+02   -1.158511E+00    2.219796E-02    3.686532E+00  
 -1.914000E+03   -1.914000E+02   -1.152489E+00    2.224734E-02    3.694733E+00  
 -1.904000E+03   -1.904000E+02   -1.146468E+00    2.168847E-02    3.601918E+00  
 -1.894000E+03   -1.894000E+02   -1.140447E+00    2.097265E-02    3.483039E+00  
 -1.884000E+03   -1.884000E+02   -1.134425E+00    2.069667E-02    3.437206E+00  
 -1.874000E+03   -1.874000E+02   -1.128404E+00    2.131452E-02    3.539815E+00  
 -1.864000E+03   -1.864000E+02   -1.122383E+00    2.108686E-02    3.502006E+00  
 -1.854000E+03   -1.854000E+02   -1.116361E+00    2.111887E-02    3.507322E+00  
 -1.844000E+03   -1.844000E+02   -1.110340E+00    2.134274E-02    3.544502E+00  
 -1.834000E+03   -1.834000E+02   -1.104318E+00    2.159978E-02    3.587189E+00  
 -1.824000E+03   -1.824000E+02   -1.098297E+00    2.116666E-02    3.515259E+00  
 -1.814000E+03   -1.814000E+02   -1.092276E+00    2.097312E-02    3.483117E+00  
 -1.804000E+03   -1.804000E+02   -1.086254E+00    2.087083E-02    3.466129E+00  
 -1.794000E+03   -1.794000E+02   -1.080233E+00    2.092813E-02    3.475646E+00  
 -1.784000E+03   -1.784000E+02   -1.074212E+00    2.096015E-02    3.480963E+00  
 -1.774000E+03   -1.774000E+02   -1.068190E+00    2.160047E-02    3.587305E+00  
 -1.764000E+03   -1.764000E+02   -1.062169E+00    2.218716E-02    3.684740E+00  
 -1.754000E+03   -1.754000E+02   -1.056148E+00    2.254817E-02    3.744694E+00  
 -1.744000E+03   -1.744000E+02   -1.050126E+00    2.256966E-02    3.748262E+00  
 -1.734000E+03   -1.734000E+02   -1.044105E+00    2.228543E-02    3.701058E+00  
 -1.724000E+03   -1.724000E+02   -1.038083E+00    2.213539E-02    3.676141E+00  
 -1.714000E+03   -1.714000E+02   -1.032062E+00    2.192522E-02    3.641237E+00  
 -1.704000E+03   -1.704000E+02   -1.026041E+00    2.217862E-02    3.683321E+00  
 -1.694000E+03   -1.694000E+02   -1.020019E+00    2.257957E-02    3.749909E+00  
 -1.684000E+03   -1.684000E+02   -1.013998E+00    2.308207E-02    3.833361E+00  
 -1.674000E+03   -1.674000E+02   -1.007977E+00    2.295772E-02    3.812709E+00  
 -1.664000E+03   -1.664000E+02   -1.001955E+00    2.315669E-02    3.845754E+00  
 -1.654000E+03   -1.654000E+02   -9.959339E-01    2.339135E-02    3.884725E+00  
 -1.644000E+03   -1.644000E+02   -9.899125E-01    2.369250E-02    3.934739E+00  
 -1.634000E+03   -1.634000E+02   -9.838911E-01    2.391141E-02    3.971094E+00  
 -1.624000E+03   -1.624000E+02   -9.778698E-01    2.393066E-02    3.974291E+00  
 -1.614000E+03   -1.614000E+02   -9.718484E-01    2.311761E-02    3.839264E+00  
 -1.604000E+03   -1.604000E+02   -9.658270E-01    2.260722E-02    3.754501E+00  
 -1.594000E+03   -1.594000E+02   -9.598057E-01    2.266605E-02    3.764270E+00  
 -1.584000E+03   -1.584000E+02   -9.537843E-01    2.211128E-02    3.672138E+00  
 -1.574000E+03   -1.574000E+02   -9.477629E-01    2.190354E-02    3.637636E+00  
 -1.564000E+03   -1.564000E+02   -9.417416E-01    2.216261E-02    3.680662E+00  
 -1.554000E+03   -1.554000E+02   -9.357202E-01    2.270641E-02    3.770974E+00  
 -1.544000E+03   -1.544000E+02   -9.296988E-01    2.302272E-02    3.823505E+00  
 -1.534000E+03   -1.534000E+02   -9.236775E-01    2.262953E-02    3.758206E+00  
 -1.524000E+03   -1.524000E+02   -9.176561E-01    2.208654E-02    3.668029E+00  
 -1.514000E+03   -1.514000E+02   -9.116347E-01    2.234460E-02    3.710886E+00  
 -1.504000E+03   -1.504000E+02   -9.056134E-01    2.286499E-02    3.797310E+00  
 -1.494000E+03   -1.494000E+02   -8.995920E-01    2.274763E-02    3.777819E+00  
 -1.484000E+03   -1.484000E+02   -8.935707E-01    2.210601E-02    3.671261E+00  
 -1.474000E+03   -1.474000E+02   -8.875493E-01    2.235746E-02    3.713021E+00  
 -1.464000E+03   -1.464000E+02   -8.815279E-01    2.277103E-02    3.781705E+00  
 -1.454000E+03   -1.454000E+02   -8.755066E-01    2.220590E-02    3.687851E+00  
 -1.444000E+03   -1.444000E+02   -8.694852E-01    2.221993E-02    3.690181E+00  
 -1.434000E+03   -1.434000E+02   -8.634638E-01    2.248031E-02    3.733424E+00  
 -1.424000E+03   -1.424000E+02   -8.574425E-01    2.249030E-02    3.735082E+00  
 -1.414000E+03   -1.414000E+02   -8.514211E-01    2.298126E-02    3.816619E+00  
 -1.404000E+03   -1.404000E+02   -8.453997E-01    2.296272E-02    3.813540E+00  
 -1.394000E+03   -1.394000E+02   -8.393784E-01    2.267139E-02    3.765158E+00  
 -1.384000E+03   -1.384000E+02   -8.333570E-01    2.251876E-02    3.739809E+00  
 -1.374000E+03   -1.374000E+02   -8.273356E-01    2.230920E-02    3.705008E+00  
 -1.364000E+03   -1.364000E+02   -8.213143E-01    2.215291E-02    3.679051E+00  
 -1.354000E+03   -1.354000E+02   -8.152929E-01    2.208596E-02    3.667932E+00  
 -1.344000E+03   -1.344000E+02   -8.092715E-01    2.247327E-02    3.732254E+00  
 -1.334000E+03   -1.334000E+02   -8.032502E-01    2.220022E-02    3.686907E+00  
 -1.324000E+03   -1.324000E+02   -7.972288E-01    2.200047E-02    3.653734E+00  
 -1.314000E+03   -1.314000E+02   -7.912074E-01    2.270737E-02    3.771133E+00  
 -1.304000E+03   -1.304000E+02   -7.851861E-01    2.259545E-02    3.752546E+00  
 -1.294000E+03   -1.294000E+02   -7.791647E-01    2.262166E-02    3.756898E+00  
 -1.284000E+03   -1.284000E+02   -7.731433E-01    2.228903E-02    3.701657E+00  
 -1.274000E+03   -1.274000E+02   -7.671220E-01    2.234180E-02    3.710422E+00  
 -1.264000E+03   -1.264000E+02   -7.611006E-01    2.179192E-02    3.619099E+00  
 -1.254000E+03   -1.254000E+02   -7.550792E-01    2.226937E-02    3.698391E+00  
 -1.244000E+03   -1.244000E+02   -7.490579E-01    2.184291E-02    3.627567E+00  
 -1.234000E+03   -1.234000E+02   -7.430365E-01    2.199063E-02    3.652100E+00  
 -1.224000E+03   -1.224000E+02   -7.370151E-01    2.239490E-02    3.719239E+00  
 -1.214000E+03   -1.214000E+02   -7.309938E-01    2.259241E-02    3.752041E+00  
 -1.204000E+03   -1.204000E+02   -7.249724E-01    2.225507E-02    3.696017E+00  
 -1.194000E+03   -1.194000E+02   -7.189511E-01    2.217418E-02    3.682583E+00  
 -1.184000E+03   -1.184000E+02   -7.129297E-01    2.197606E-02    3.649681E+00  
 -1.174000E+03   -1.174000E+02   -7.069083E-01    2.210170E-02    3.670545E+00  
 -1.164000E+03   -1.164000E+02   -7.008870E-01    2.234083E-02    3.710260E+00  
 -1.154000E+03   -1.154000E+02   -6.948656E-01    2.193845E-02    3.643435E+00  
 -1.144000E+03   -1.144000E+02   -6.888442E-01    2.220299E-02    3.687368E+00  
 -1.134000E+03   -1.134000E+02   -6.828229E-01    2.183293E-02    3.625909E+00  
 -1.124000E+03   -1.124000E+02   -6.768015E-01    2.093419E-02    3.476652E+00  
 -1.114000E+03   -1.114000E+02   -6.707801E-01    2.070152E-02    3.438012E+00  
 -1.104000E+03   -1.104000E+02   -6.647588E-01    2.138944E-02    3.552258E+00  
 -1.094000E+03   -1.094000E+02   -6.587374E-01    2.178313E-02    3.617640E+00  
 -1.084000E+03   -1.084000E+02   -6.527160E-01    2.133801E-02    3.543716E+00  
 -1.074000E+03   -1.074000E+02   -6.466947E-01    2.085748E-02    3.463911E+00  
 -1.064000E+03   -1.064000E+02   -6.406733E-01    2.072036E-02    3.441140E+00  
 -1.054000E+03   -1.054000E+02   -6.346519E-01    2.067190E-02    3.433092E+00  
 -1.044000E+03   -1.044000E+02   -6.286306E-01    2.094898E-02    3.479108E+00  
 -1.034000E+03   -1.034000E+02   -6.226092E-01    2.095836E-02    3.480666E+00  
 -1.024000E+03   -1.024000E+02   -6.165878E-01    2.068593E-02    3.435422E+00  
 -1.014000E+03   -1.014000E+02   -6.105665E-01    2.113474E-02    3.509958E+00  
 -1.004000E+03   -1.004000E+02   -6.045451E-01    2.160131E-02    3.587443E+00  
 -9.940000E+02   -9.940000E+01   -5.985237E-01    2.118591E-02    3.518457E+00  
 -9.840000E+02   -9.840000E+01   -5.925024E-01    2.117975E-02    3.517432E+00  
 -9.740000E+02   -9.740000E+01   -5.864810E-01    2.054657E-02    3.412277E+00  
 -9.640000E+02   -9.640000E+01   -5.804596E-01    1.984458E-02    3.295694E+00  
 -9.540000E+02   -9.540000E+01   -5.744383E-01    1.983202E-02    3.293608E+00  
 -9.440000E+02   -9.440000E+01   -5.684169E-01    2.009166E-02    3.336728E+00  
 -9.340000E+02   -9.340000E+01   -5.623955E-01    1.970729E-02    3.272894E+00  
 -9.240000E+02   -9.240000E+01   -5.563742E-01    1.993384E-02    3.310518E+00  
 -9.140000E+02   -9.140000E+01   -5.503528E-01    1.955365E-02    3.247378E+00  
 -9.040000E+02   -9.040000E+01   -5.443314E-01    1.949450E-02    3.237555E+00  
 -8.940000E+02   -8.940000E+01   -5.383101E-01    1.897950E-02    3.152026E+00  
 -8.840000E+02   -8.840000E+01   -5.322887E-01    1.880569E-02    3.123160E+00  
 -8.740000E+02   -8.740000E+01   -5.262674E-01    1.930912E-02    3.206768E+00  
 -8.640000E+02   -8.640000E+01   -5.202460E-01    1.949058E-02    3.236903E+00  
 -8.540000E+02   -8.540000E+01   -5.142246E-01    1.899587E-02    3.154744E+00  
 -8.440000E+02   -8.440000E+01   -5.082033E-01    1.888566E-02    3.136441E+00  
 -8.340000E+02   -8.340000E+01   -5.021819E-01    1.856732E-02    3.083573E+00  
 -8.240000E+02   -8.240000E+01   -4.961605E-01    1.825561E-02    3.031806E+00  
 -8.140000E+02   -8.140000E+01   -4.901392E-01    1.840251E-02    3.056202E+00  
 -8.040000E+02   -8.040000E+01   -4.841178E-01    1.900881E-02    3.156893E+00  
 -7.940000E+02   -7.940000E+01   -4.780964E-01    1.937514E-02    3.217732E+00  
 -7.840000E+02   -7.840000E+01   -4.720751E-01    1.926085E-02    3.198751E+00  
 -7.740000E+02   -7.740000E+01   -4.660537E-01    1.951814E-02    3.241481E+00  
 -7.640000E+02   -7.640000E+01   -4.600323E-01    1.946197E-02    3.232153E+00  
 -7.540000E+02   -7.540000E+01   -4.540110E-01    1.979930E-02    3.288175E+00  
 -7.440000E+02   -7.440000E+01   -4.479896E-01    1.926671E-02    3.199724E+00  
 -7.340000E+02   -7.340000E+01   -4.419682E-01    1.807662E-02    3.002080E+00  
 -7.240000E+02   -7.240000E+01   -4.359469E-01    1.804904E-02    2.997499E+00  
 -7.140000E+02   -7.140000E+01   -4.299255E-01    1.817449E-02    3.018333E+00  
 -7.040000E+02   -7.040000E+01   -4.239041E-01    1.850304E-02    3.072898E+00  
 -6.940000E+02   -6.940000E+01   -4.178828E-01    1.843846E-02    3.062173E+00  
 -6.840000E+02   -6.840000E+01   -4.118614E-01    1.847009E-02    3.067425E+00  
 -6.740000E+02   -6.740000E+01   -4.058400E-01    1.832809E-02    3.043842E+00  
 -6.640000E+02   -6.640000E+01   -3.998187E-01    1.765303E-02    2.931732E+00  
 -6.540000E+02   -6.540000E+01   -3.937973E-01    1.753217E-02    2.911661E+00  
 -6.440000E+02   -6.440000E+01   -3.877759E-01    1.762681E-02    2.927378E+00  
 -6.340000E+02   -6.340000E+01   -3.817546E-01    1.830680E-02    3.040306E+00  
 -6.240000E+02   -6.240000E+01   -3.757332E-01    1.804980E-02    2.997625E+00  
 -6.140000E+02   -6.140000E+01   -3.697118E-01    1.723614E-02    2.862496E+00  
 -6.040000E+02   -6.040000E+01   -3.636905E-01    1.700559E-02    2.824208E+00  
 -5.940000E+02   -5.940000E+01   -3.576691E-01    1.712452E-02    2.843960E+00  
 -5.840000E+02   -5.840000E+01   -3.516478E-01    1.696365E-02    2.817244E+00  
 -5.740000E+02   -5.740000E+01   -3.456264E-01    1.664692E-02    2.764642E+00  
 -5.640000E+02   -5.640000E+01   -3.396050E-01    1.617454E-02    2.686192E+00  
 -5.540000E+02   -5.540000E+01   -3.335837E-01    1.654036E-02    2.746944E+00  
 -5.440000E+02   -5.440000E+01   -3.275623E-01    1.623180E-02    2.695701E+00  
 -5.340000E+02   -5.340000E+01   -3.215409E-01    1.619422E-02    2.689460E+00  
 -5.240000E+02   -5.240000E+01   -3.155196E-01    1.628102E-02    2.703875E+00  
 -5.140000E+02   -5.140000E+01   -3.094982E-01    1.657391E-02    2.752518E+00  
 -5.040000E+02   -5.040000E+01   -3.034768E-01    1.680407E-02    2.790740E+00  
 -4.940000E+02   -4.940000E+01   -2.974555E-01    1.687434E-02    2.802410E+00  
 -4.840000E+02   -4.840000E+01   -2.914341E-01    1.652287E-02    2.744040E+00  
 -4.740000E+02   -4.740000E+01   -2.854127E-01    1.688326E-02    2.803892E+00  
 -4.640000E+02   -4.640000E+01   -2.793914E-01    1.639025E-02    2.722016E+00  
 -4.540000E+02   -4.540000E+01   -2.733700E-01    1.592238E-02    2.644313E+00  
 -4.440000E+02   -4.440000E+01   -2.673486E-01    1.555184E-02    2.582776E+00  
 -4.340000E+02   -4.340000E+01   -2.613273E-01    1.583390E-02    2.629619E+00  
 -4.240000E+02   -4.240000E+01   -2.553059E-01    1.573326E-02    2.612906E+00  
 -4.140000E+02   -4.140000E+01   -2.492845E-01    1.507578E-02    2.503715E+00  
 -4.040000E+02   -4.040000E+01   -2.432632E-01    1.476112E-02    2.451458E+00  
 -3.940000E+02   -3.940000E+01   -2.372418E-01    1.518859E-02    2.522450E+00  
 -3.840000E+02   -3.840000E+01   -2.312204E-01    1.541371E-02    2.559836E+00  
 -3.740000E+02   -3.740000E+01   -2.251991E-01    1.514291E-02    2.514862E+00  
 -3.640000E+02   -3.640000E+01   -2.191777E-01    1.502987E-02    2.496089E+00  
 -3.540000E+02   -3.540000E+01   -2.131563E-01    1.471128E-02    2.443179E+00  
 -3.440000E+02   -3.440000E+01   -2.071350E-01    1.458771E-02    2.422658E+00  
 -3.340000E+02   -3.340000E+01   -2.011136E-01    1.499115E-02    2.489660E+00  
 -3.240000E+02   -3.240000E+01   -1.950922E-01    1.487627E-02    2.470581E+00  
 -3.140000E+02   -3.140000E+01   -1.890709E-01    1.527652E-02    2.537052E+00  
 -3.040000E+02   -3.040000E+01   -1.830495E-01    1.523194E-02    2.529649E+00  
 -2.940000E+02   -2.940000E+01   -1.770281E-01    1.455327E-02    2.416939E+00  
 -2.840000E+02   -2.840000E+01   -1.710068E-01    1.452844E-02    2.412814E+00  
 -2.740000E+02   -2.740000E+01   -1.649854E-01    1.441660E-02    2.394240E+00  
 -2.640000E+02   -2.640000E+01   -1.589641E-01    1.445976E-02    2.401409E+00  
 -2.540000E+02   -2.540000E+01   -1.529427E-01    1.421214E-02    2.360285E+00  
 -2.440000E+02   -2.440000E+01   -1.469213E-01    1.428905E-02    2.373059E+00  
 -2.340000E+02   -2.340000E+01   -1.409000E-01    1.411146E-02    2.343565E+00  
 -2.240000E+02   -2.240000E+01   -1.348786E-01    1.396483E-02    2.319214E+00  
 -2.140000E+02   -2.140000E+01   -1.288572E-01    1.406870E-02    2.336463E+00  
 -2.040000E+02   -2.040000E+01   -1.228359E-01    1.382426E-02    2.295868E+00  
 -1.940000E+02   -1.940000E+01   -1.168145E-01    1.332671E-02    2.213237E+00  
 -1.840000E+02   -1.840000E+01   -1.107931E-01    1.312615E-02    2.179930E+00  
 -1.740000E+02   -1.740000E+01   -1.047718E-01    1.334999E-02    2.217103E+00  
 -1.640000E+02   -1.640000E+01   -9.875040E-02    1.347366E-02    2.237641E+00  
 -1.540000E+02   -1.540000E+01   -9.272903E-02    1.349769E-02    2.241632E+00  
 -1.440000E+02   -1.440000E+01   -8.670766E-02    1.347770E-02    2.238313E+00  
 -1.340000E+02   -1.340000E+01   -8.068630E-02    1.366051E-02    2.268673E+00  
 -1.240000E+02   -1.240000E+01   -7.466493E-02    1.344180E-02    2.232351E+00  
 -1.140000E+02   -1.140000E+01   -6.864357E-02    1.317523E-02    2.188081E+00  
 -1.040000E+02   -1.040000E+01   -6.262220E-02    1.314098E-02    2.182392E+00  
 -9.400000E+01   -9.400000E+00   -5.660084E-02    1.315670E-02    2.185003E+00  
 -8.400000E+01   -8.400000E+00   -5.057947E-02    1.311776E-02    2.178537E+00  
 -7.400000E+01   -7.400000E+00   -4.455811E-02    1.323100E-02    2.197342E+00  
 -6.400000E+01   -6.400000E+00   -3.853674E-02    1.296280E-02    2.152800E+00  
 -5.400000E+01   -5.400000E+00   -3.251537E-02    1.285460E-02    2.134831E+00  
 -4.400000E+01   -4.400000E+00   -2.649401E-02    1.303519E-02    2.164823E+00  
 -3.400000E+01   -3.400000E+00   -2.047264E-02    1.323620E-02    2.198205E+00  
 -2.400000E+01   -2.400000E+00   -1.445128E-02    1.322425E-02    2.196222E+00  
 -1.400000E+01   -1.400000E+00   -8.429912E-03    1.290930E-02    2.143916E+00  
 -4.000000E+00   -4.000000E-01   -2.408546E-03    1.275348E-02    2.118038E+00  
  6.000000E+00    6.000000E-01    3.612819E-03    1.275524E-02    2.118330E+00  
  1.600000E+01    1.600000E+00    9.634185E-03    1.294095E-02    2.149172E+00  
  2.600000E+01    2.600000E+00    1.565555E-02    1.324606E-02    2.199843E+00  
  3.600000E+01    3.600000E+00    2.167692E-02    1.321709E-02    2.195032E+00  
  4.600000E+01    4.600000E+00    2.769828E-02    1.301463E-02    2.161408E+00  
  5.600000E+01    5.600000E+00    3.371965E-02    1.284332E-02    2.132959E+00  
  6.600000E+01    6.600000E+00    3.974101E-02    1.300066E-02    2.159088E+00  
  7.600000E+01    7.600000E+00    4.576238E-02    1.323358E-02    2.197770E+00  
  8.600000E+01    8.600000E+00    5.178374E-02    1.310470E-02    2.176367E+00  
  9.600000E+01    9.600000E+00    5.780511E-02    1.316159E-02    2.185815E+00  
  1.060000E+02    1.060000E+01    6.382648E-02    1.315179E-02    2.184187E+00  
  1.160000E+02    1.160000E+01    6.984784E-02    1.316795E-02    2.186871E+00  
  1.260000E+02    1.260000E+01    7.586921E-02    1.349693E-02    2.241506E+00  
  1.360000E+02    1.360000E+01    8.189057E-02    1.364289E-02    2.265747E+00  
  1.460000E+02    1.460000E+01    8.791194E-02    1.346518E-02    2.236234E+00  
  1.560000E+02    1.560000E+01    9.393330E-02    1.351560E-02    2.244607E+00  
  1.660000E+02    1.660000E+01    9.995467E-02    1.344796E-02    2.233374E+00  
  1.760000E+02    1.760000E+01    1.059760E-01    1.334282E-02    2.215913E+00  
  1.860000E+02    1.860000E+01    1.119974E-01    1.310770E-02    2.176866E+00  
  1.960000E+02    1.960000E+01    1.180188E-01    1.338683E-02    2.223222E+00  
  2.060000E+02    2.060000E+01    1.240401E-01    1.385433E-02    2.300861E+00  
  2.160000E+02    2.160000E+01    1.300615E-01    1.407471E-02    2.337461E+00  
  2.260000E+02    2.260000E+01    1.360829E-01    1.395692E-02    2.317900E+00  
  2.360000E+02    2.360000E+01    1.421042E-01    1.414539E-02    2.349200E+00  
  2.460000E+02    2.460000E+01    1.481256E-01    1.427693E-02    2.371046E+00  
  2.560000E+02    2.560000E+01    1.541470E-01    1.423514E-02    2.364105E+00  
  2.660000E+02    2.660000E+01    1.601683E-01    1.445502E-02    2.400622E+00  
  2.760000E+02    2.760000E+01    1.661897E-01    1.443337E-02    2.397026E+00  
  2.860000E+02    2.860000E+01    1.722111E-01    1.451739E-02    2.410980E+00  
  2.960000E+02    2.960000E+01    1.782324E-01    1.460930E-02    2.426244E+00  
  3.060000E+02    3.060000E+01    1.842538E-01    1.527213E-02    2.536324E+00  
  3.160000E+02    3.160000E+01    1.902752E-01    1.523910E-02    2.530837E+00  
  3.260000E+02    3.260000E+01    1.962965E-01    1.486947E-02    2.469451E+00  
  3.360000E+02    3.360000E+01    2.023179E-01    1.497681E-02    2.487278E+00  
  3.460000E+02    3.460000E+01    2.083392E-01    1.456347E-02    2.418632E+00  
  3.560000E+02    3.560000E+01    2.143606E-01    1.474273E-02    2.448403E+00  
  3.660000E+02    3.660000E+01    2.203820E-01    1.505577E-02    2.500391E+00  
  3.760000E+02    3.760000E+01    2.264033E-01    1.515788E-02    2.517349E+00  
  3.860000E+02    3.860000E+01    2.324247E-01    1.542646E-02    2.561953E+00  
  3.960000E+02    3.960000E+01    2.384461E-01    1.513917E-02    2.514242E+00  
  4.060000E+02    4.060000E+01    2.444674E-01    1.474601E-02    2.448948E+00  
  4.160000E+02    4.160000E+01    2.504888E-01    1.514883E-02    2.515847E+00  
  4.260000E+02    4.260000E+01    2.565102E-01    1.577823E-02    2.620374E+00  
  4.360000E+02    4.360000E+01    2.625315E-01    1.579855E-02    2.623749E+00  
  4.460000E+02    4.460000E+01    2.685529E-01    1.555999E-02    2.584130E+00  
  4.560000E+02    4.560000E+01    2.745743E-01    1.597486E-02    2.653029E+00  
  4.660000E+02    4.660000E+01    2.805956E-01    1.644181E-02    2.730579E+00  
  4.760000E+02    4.760000E+01    2.866170E-01    1.688534E-02    2.804238E+00  
  4.860000E+02    4.860000E+01    2.926384E-01    1.651362E-02    2.742505E+00  
  4.960000E+02    4.960000E+01    2.986597E-01    1.690431E-02    2.807388E+00  
  5.060000E+02    5.060000E+01    3.046811E-01    1.677904E-02    2.786584E+00  
  5.160000E+02    5.160000E+01    3.107025E-01    1.654445E-02    2.747624E+00  
  5.260000E+02    5.260000E+01    3.167238E-01    1.626337E-02    2.700944E+00  
  5.360000E+02    5.360000E+01    3.227452E-01    1.618660E-02    2.688194E+00  
  5.460000E+02    5.460000E+01    3.287666E-01    1.626346E-02    2.700959E+00  
  5.560000E+02    5.560000E+01    3.347879E-01    1.653064E-02    2.745330E+00  
  5.660000E+02    5.660000E+01    3.408093E-01    1.616745E-02    2.685014E+00  
  5.760000E+02    5.760000E+01    3.468307E-01    1.671405E-02    2.775791E+00  
  5.860000E+02    5.860000E+01    3.528520E-01    1.696421E-02    2.817335E+00  
  5.960000E+02    5.960000E+01    3.588734E-01    1.715198E-02    2.848519E+00  
  6.060000E+02    6.060000E+01    3.648948E-01    1.696120E-02    2.816836E+00  
  6.160000E+02    6.160000E+01    3.709161E-01    1.733924E-02    2.879620E+00  
  6.260000E+02    6.260000E+01    3.769375E-01    1.809602E-02    3.005301E+00  
  6.360000E+02    6.360000E+01    3.829589E-01    1.827907E-02    3.035701E+00  
  6.460000E+02    6.460000E+01    3.889802E-01    1.756581E-02    2.917247E+00  
  6.560000E+02    6.560000E+01    3.950016E-01    1.755710E-02    2.915800E+00  
  6.660000E+02    6.660000E+01    4.010229E-01    1.767854E-02    2.935969E+00  
  6.760000E+02    6.760000E+01    4.070443E-01    1.839992E-02    3.055771E+00  
  6.860000E+02    6.860000E+01    4.130657E-01    1.844091E-02    3.062580E+00  
  6.960000E+02    6.960000E+01    4.190870E-01    1.846663E-02    3.066850E+00  
  7.060000E+02    7.060000E+01    4.251084E-01    1.846481E-02    3.066548E+00  
  7.160000E+02    7.160000E+01    4.311298E-01    1.816511E-02    3.016776E+00  
  7.260000E+02    7.260000E+01    4.371511E-01    1.802912E-02    2.994191E+00  
  7.360000E+02    7.360000E+01    4.431725E-01    1.814426E-02    3.013313E+00  
  7.460000E+02    7.460000E+01    4.491939E-01    1.938852E-02    3.219954E+00  
  7.560000E+02    7.560000E+01    4.552152E-01    1.976936E-02    3.283202E+00  
  7.660000E+02    7.660000E+01    4.612366E-01    1.945984E-02    3.231799E+00  
  7.760000E+02    7.760000E+01    4.672580E-01    1.950608E-02    3.239477E+00  
  7.860000E+02    7.860000E+01    4.732793E-01    1.925436E-02    3.197674E+00  
  7.960000E+02    7.960000E+01    4.793007E-01    1.936703E-02    3.216386E+00  
  8.060000E+02    8.060000E+01    4.853221E-01    1.894794E-02    3.146785E+00  
  8.160000E+02    8.160000E+01    4.913434E-01    1.836392E-02    3.049793E+00  
  8.260000E+02    8.260000E+01    4.973648E-01    1.826329E-02    3.033081E+00  
  8.360000E+02    8.360000E+01    5.033862E-01    1.862251E-02    3.092738E+00  
  8.460000E+02    8.460000E+01    5.094075E-01    1.888419E-02    3.136197E+00  
  8.560000E+02    8.560000E+01    5.154289E-01    1.903178E-02    3.160709E+00  
  8.660000E+02    8.660000E+01    5.214503E-01    1.952761E-02    3.243053E+00  
  8.760000E+02    8.760000E+01    5.274716E-01    1.924660E-02    3.196384E+00  
  8.860000E+02    8.860000E+01    5.334930E-01    1.877734E-02    3.118451E+00  
  8.960000E+02    8.960000E+01    5.395144E-01    1.905796E-02    3.165056E+00  
  9.060000E+02    9.060000E+01    5.455357E-01    1.948216E-02    3.235506E+00  
  9.160000E+02    9.160000E+01    5.515571E-01    1.960848E-02    3.256484E+00  
  9.260000E+02    9.260000E+01    5.575785E-01    1.992765E-02    3.309489E+00  
  9.360000E+02    9.360000E+01    5.635998E-01    1.970264E-02    3.272121E+00  
  9.460000E+02    9.460000E+01    5.696212E-01    2.012189E-02    3.341749E+00  
  9.560000E+02    9.560000E+01    5.756425E-01    1.979529E-02    3.287509E+00  
  9.660000E+02    9.660000E+01    5.816639E-01    1.988128E-02    3.301789E+00  
  9.760000E+02    9.760000E+01    5.876853E-01    2.065117E-02    3.429649E+00  
  9.860000E+02    9.860000E+01    5.937066E-01    2.116971E-02    3.515766E+00  
  9.960000E+02    9.960000E+01    5.997280E-01    2.123259E-02    3.526208E+00  
  1.006000E+03    1.006000E+02    6.057494E-01    2.160534E-02    3.588113E+00  
  1.016000E+03    1.016000E+02    6.117707E-01    2.104684E-02    3.495360E+00  
  1.026000E+03    1.026000E+02    6.177921E-01    2.070019E-02    3.437790E+00  
  1.036000E+03    1.036000E+02    6.238135E-01    2.099063E-02    3.486025E+00  
  1.046000E+03    1.046000E+02    6.298348E-01    2.089887E-02    3.470786E+00  
  1.056000E+03    1.056000E+02    6.358562E-01    2.068669E-02    3.435548E+00  
  1.066000E+03    1.066000E+02    6.418776E-01    2.071423E-02    3.440121E+00  
  1.076000E+03    1.076000E+02    6.478989E-01    2.089618E-02    3.470339E+00  
  1.086000E+03    1.086000E+02    6.539203E-01    2.139482E-02    3.553150E+00  
  1.096000E+03    1.096000E+02    6.599417E-01    2.178434E-02    3.617841E+00  
  1.106000E+03    1.106000E+02    6.659630E-01    2.131830E-02    3.540443E+00  
  1.116000E+03    1.116000E+02    6.719844E-01    2.066009E-02    3.431130E+00  
  1.126000E+03    1.126000E+02    6.780058E-01    2.102990E-02    3.492547E+00  
  1.136000E+03    1.136000E+02    6.840271E-01    2.189990E-02    3.637033E+00  
  1.146000E+03    1.146000E+02    6.900485E-01    2.218560E-02    3.684480E+00  
  1.156000E+03    1.156000E+02    6.960699E-01    2.194613E-02    3.644709E+00  
  1.166000E+03    1.166000E+02    7.020912E-01    2.237354E-02    3.715692E+00  
  1.176000E+03    1.176000E+02    7.081126E-01    2.204624E-02    3.661336E+00  
  1.186000E+03    1.186000E+02    7.141340E-01    2.200234E-02    3.654044E+00  
  1.196000E+03    1.196000E+02    7.201553E-01    2.217960E-02    3.683483E+00  
  1.206000E+03    1.206000E+02    7.261767E-01    2.228557E-02    3.701082E+00  
  1.216000E+03    1.216000E+02    7.321981E-01    2.260090E-02    3.753451E+00  
  1.226000E+03    1.226000E+02    7.382194E-01    2.235772E-02    3.713064E+00  
  1.236000E+03    1.236000E+02    7.442408E-01    2.194591E-02    3.644674E+00  
  1.246000E+03    1.246000E+02    7.502622E-01    2.189182E-02    3.635690E+00  
  1.256000E+03    1.256000E+02    7.562835E-01    2.223367E-02    3.692463E+00  
  1.266000E+03    1.266000E+02    7.623049E-01    2.181189E-02    3.622415E+00  
  1.276000E+03    1.276000E+02    7.683262E-01    2.237244E-02    3.715509E+00  
  1.286000E+03    1.286000E+02    7.743476E-01    2.229809E-02    3.703162E+00  
  1.296000E+03    1.296000E+02    7.803690E-01    2.263019E-02    3.758315E+00  
  1.306000E+03    1.306000E+02    7.863903E-01    2.261165E-02    3.755237E+00  
  1.316000E+03    1.316000E+02    7.924117E-01    2.267375E-02    3.765550E+00  
  1.326000E+03    1.326000E+02    7.984331E-01    2.194712E-02    3.644874E+00  
  1.336000E+03    1.336000E+02    8.044544E-01    2.226973E-02    3.698452E+00  
  1.346000E+03    1.346000E+02    8.104758E-01    2.243899E-02    3.726562E+00  
  1.356000E+03    1.356000E+02    8.164972E-01    2.207558E-02    3.666209E+00  
  1.366000E+03    1.366000E+02    8.225185E-01    2.216805E-02    3.681565E+00  
  1.376000E+03    1.376000E+02    8.285399E-01    2.232671E-02    3.707914E+00  
  1.386000E+03    1.386000E+02    8.345613E-01    2.252789E-02    3.741326E+00  
  1.396000E+03    1.396000E+02    8.405826E-01    2.271497E-02    3.772396E+00  
  1.406000E+03    1.406000E+02    8.466040E-01    2.296237E-02    3.813483E+00  
  1.416000E+03    1.416000E+02    8.526254E-01    2.295797E-02    3.812752E+00  
  1.426000E+03    1.426000E+02    8.586467E-01    2.247156E-02    3.731971E+00  
  1.436000E+03    1.436000E+02    8.646681E-01    2.245821E-02    3.729753E+00  
  1.446000E+03    1.446000E+02    8.706895E-01    2.220073E-02    3.686993E+00  
  1.456000E+03    1.456000E+02    8.767108E-01    2.224785E-02    3.694818E+00  
  1.466000E+03    1.466000E+02    8.827322E-01    2.278524E-02    3.784065E+00  
  1.476000E+03    1.476000E+02    8.887536E-01    2.229305E-02    3.702325E+00  
  1.486000E+03    1.486000E+02    8.947749E-01    2.214707E-02    3.678081E+00  
  1.496000E+03    1.496000E+02    9.007963E-01    2.279815E-02    3.786209E+00  
  1.506000E+03    1.506000E+02    9.068177E-01    2.283436E-02    3.792222E+00  
  1.516000E+03    1.516000E+02    9.128390E-01    2.228002E-02    3.700161E+00  
  1.526000E+03    1.526000E+02    9.188604E-01    2.212574E-02    3.674538E+00  
  1.536000E+03    1.536000E+02    9.248818E-01    2.268275E-02    3.767044E+00  
  1.546000E+03    1.546000E+02    9.309031E-01    2.302491E-02    3.823869E+00  
  1.556000E+03    1.556000E+02    9.369245E-01    2.264545E-02    3.760850E+00  
  1.566000E+03    1.566000E+02    9.429459E-01    2.212732E-02    3.674801E+00  
  1.576000E+03    1.576000E+02    9.489672E-01    2.190117E-02    3.637243E+00  
  1.586000E+03    1.586000E+02    9.549886E-01    2.215429E-02    3.679280E+00  
  1.596000E+03    1.596000E+02    9.610099E-01    2.270272E-02    3.770360E+00  
  1.606000E+03    1.606000E+02    9.670313E-01    2.259526E-02    3.752513E+00  
  1.616000E+03    1.616000E+02    9.730527E-01    2.322974E-02    3.857886E+00  
  1.626000E+03    1.626000E+02    9.790740E-01    2.395010E-02    3.977520E+00  
  1.636000E+03    1.636000E+02    9.850954E-01    2.390297E-02    3.969693E+00  
  1.646000E+03    1.646000E+02    9.911168E-01    2.365298E-02    3.928175E+00  
  1.656000E+03    1.656000E+02    9.971381E-01    2.337607E-02    3.882187E+00  
  1.666000E+03    1.666000E+02    1.003160E+00    2.311750E-02    3.839245E+00  
  1.676000E+03    1.676000E+02    1.009181E+00    2.297357E-02    3.815342E+00  
  1.686000E+03    1.686000E+02    1.015202E+00    2.305949E-02    3.829611E+00  
  1.696000E+03    1.696000E+02    1.021224E+00    2.253073E-02    3.741798E+00  
  1.706000E+03    1.706000E+02    1.027245E+00    2.213201E-02    3.675580E+00  
  1.716000E+03    1.716000E+02    1.033266E+00    2.194543E-02    3.644593E+00  
  1.726000E+03    1.726000E+02    1.039288E+00    2.213556E-02    3.676170E+00  
  1.736000E+03    1.736000E+02    1.045309E+00    2.232478E-02    3.707595E+00  
  1.746000E+03    1.746000E+02    1.051330E+00    2.258307E-02    3.750491E+00  
  1.756000E+03    1.756000E+02    1.057352E+00    2.251515E-02    3.739210E+00  
  1.766000E+03    1.766000E+02    1.063373E+00    2.215989E-02    3.680211E+00  
  1.776000E+03    1.776000E+02    1.069395E+00    2.150000E-02    3.570618E+00  
  1.786000E+03    1.786000E+02    1.075416E+00    2.095777E-02    3.480568E+00  
  1.796000E+03    1.796000E+02    1.081437E+00    2.090480E-02    3.471771E+00  
  1.806000E+03    1.806000E+02    1.087459E+00    2.090042E-02    3.471042E+00  
  1.816000E+03    1.816000E+02    1.093480E+00    2.095369E-02    3.479890E+00  
  1.826000E+03    1.826000E+02    1.099501E+00    2.123752E-02    3.527027E+00  
  1.836000E+03    1.836000E+02    1.105523E+00    2.159064E-02    3.585672E+00  
  1.846000E+03    1.846000E+02    1.111544E+00    2.131063E-02    3.539170E+00  
  1.856000E+03    1.856000E+02    1.117565E+00    2.110903E-02    3.505688E+00  
  1.866000E+03    1.866000E+02    1.123587E+00    2.110579E-02    3.505150E+00  
  1.876000E+03    1.876000E+02    1.129608E+00    2.128821E-02    3.535446E+00  
  1.886000E+03    1.886000E+02    1.135630E+00    2.066275E-02    3.431572E+00  
  1.896000E+03    1.896000E+02    1.141651E+00    2.104442E-02    3.494959E+00  
  1.906000E+03    1.906000E+02    1.147672E+00    2.175630E-02    3.613183E+00  
  1.916000E+03    1.916000E+02    1.153694E+00    2.227365E-02    3.699103E+00  
  1.926000E+03    1.926000E+02    1.159715E+00    2.217033E-02    3.681944E+00  
  1.936000E+03    1.936000E+02    1.165736E+00    2.166670E-02    3.598304E+00  
  1.946000E+03    1.946000E+02    1.171758E+00    2.154922E-02    3.578793E+00  
  1.956000E+03    1.956000E+02    1.177779E+00    2.129800E-02    3.537071E+00  
  1.966000E+03    1.966000E+02    1.183800E+00    2.087271E-02    3.466442E+00  
  1.976000E+03    1.976000E+02    1.189822E+00    2.100838E-02    3.488972E+00  
  1.986000E+03    1.986000E+02    1.195843E+00    1.994614E-02    3.312561E+00  
  1.996000E+03    1.996000E+02    1.201865E+00    1.951863E-02    3.241562E+00  
  2.006000E+03    2.006000E+02    1.207886E+00    1.954400E-02    3.245775E+00  
  2.016000E+03    2.016000E+02    1.213907E+00    1.869184E-02    3.104253E+00  
  2.026000E+03    2.026000E+02    1.219929E+00    1.898669E-02    3.153219E+00  
  2.036000E+03    2.036000E+02    1.225950E+00    1.979918E-02    3.288154E+00  
  2.046000E+03    2.046000E+02    1.231971E+00    2.016685E-02    3.349215E+00  
  2.056000E+03    2.056000E+02    1.237993E+00    1.973787E-02    3.277972E+00  
  2.066000E+03    2.066000E+02    1.244014E+00    2.017214E-02    3.350094E+00  
  2.076000E+03    2.076000E+02    1.250035E+00    2.057367E-02    3.416779E+00  
  2.086000E+03    2.086000E+02    1.256057E+00    1.994150E-02    3.311790E+00  
  2.096000E+03    2.096000E+02    1.262078E+00    1.942877E-02    3.226638E+00  
  2.106000E+03    2.106000E+02    1.268100E+00    1.960136E-02    3.255302E+00  
  2.116000E+03    2.116000E+02    1.274121E+00    1.933386E-02    3.210877E+00  
  2.126000E+03    2.126000E+02    1.280142E+00    1.862397E-02    3.092981E+00  
  2.136000E+03    2.136000E+02    1.286164E+00    1.831540E-02    3.041736E+00  
  2.146000E+03    2.146000E+02    1.292185E+00    1.778586E-02    2.953792E+00  
  2.156000E+03    2.156000E+02    1.298206E+00    1.762405E-02    2.926919E+00  
  2.166000E+03    2.166000E+02    1.304228E+00    1.779977E-02    2.956101E+00  
  2.176000E+03    2.176000E+02    1.310249E+00    1.741862E-02    2.892802E+00  
  2.186000E+03    2.186000E+02    1.316271E+00    1.774000E-02    2.946176E+00  
  2.196000E+03    2.196000E+02    1.322292E+00    1.861393E-02    3.091313E+00  
  2.206000E+03    2.206000E+02    1.328313E+00    1.883212E-02    3.127551E+00  
  2.216000E+03    2.216000E+02    1.334335E+00    1.876908E-02    3.117080E+00  
  2.226000E+03    2.226000E+02    1.340356E+00    1.804047E-02    2.996077E+00  
  2.236000E+03    2.236000E+02    1.346377E+00    1.769510E-02    2.938719E+00  
  2.246000E+03    2.246000E+02    1.352399E+00    1.777633E-02    2.952210E+00  
  2.256000E+03    2.256000E+02    1.358420E+00    1.761229E-02    2.924965E+00  
  2.266000E+03    2.266000E+02    1.364441E+00    1.742238E-02    2.893426E+00  
  2.276000E+03    2.276000E+02    1.370463E+00    1.677604E-02    2.786086E+00  
  2.286000E+03    2.286000E+02    1.376484E+00    1.655634E-02    2.749600E+00  
  2.296000E+03    2.296000E+02    1.382506E+00    1.643187E-02    2.728927E+00  
  2.306000E+03    2.306000E+02    1.388527E+00    1.620187E-02    2.690730E+00  
  2.316000E+03    2.316000E+02    1.394548E+00    1.653758E-02    2.746484E+00  
  2.326000E+03    2.326000E+02    1.400570E+00    1.677153E-02    2.785337E+00  
  2.336000E+03    2.336000E+02    1.406591E+00    1.673720E-02    2.779636E+00  
  2.346000E+03    2.346000E+02    1.412612E+00    1.645447E-02    2.732680E+00  
  2.356000E+03    2.356000E+02    1.418634E+00    1.617767E-02    2.686711E+00  
  2.366000E+03    2.366000E+02    1.424655E+00    1.559438E-02    2.589841E+00  
  2.376000E+03    2.376000E+02    1.430676E+00    1.540611E-02    2.558575E+00  
  2.386000E+03    2.386000E+02    1.436698E+00    1.546370E-02    2.568138E+00  
  2.396000E+03    2.396000E+02    1.442719E+00    1.536082E-02    2.551052E+00  
  2.406000E+03    2.406000E+02    1.448741E+00    1.524068E-02    2.531100E+00  
  2.416000E+03    2.416000E+02    1.454762E+00    1.533721E-02    2.547132E+00  
  2.426000E+03    2.426000E+02    1.460783E+00    1.510363E-02    2.508339E+00  
  2.436000E+03    2.436000E+02    1.466805E+00    1.523520E-02    2.530190E+00  
  2.446000E+03    2.446000E+02    1.472826E+00    1.485907E-02    2.467725E+00  
  2.456000E+03    2.456000E+02    1.478847E+00    1.414807E-02    2.349644E+00  
  2.466000E+03    2.466000E+02    1.484869E+00    1.380231E-02    2.292223E+00  
  2.476000E+03    2.476000E+02    1.490890E+00    1.406452E-02    2.335769E+00  
  2.486000E+03    2.486000E+02    1.496911E+00    1.410549E-02    2.342574E+00  
  2.496000E+03    2.496000E+02    1.502933E+00    1.405231E-02    2.333742E+00  
  2.506000E+03    2.506000E+02    1.508954E+00    1.392984E-02    2.313401E+00  
  2.516000E+03    2.516000E+02    1.514976E+00    1.376790E-02    2.286508E+00  
  2.526000E+03    2.526000E+02    1.520997E+00    1.397487E-02    2.320880E+00  
  2.536000E+03    2.536000E+02    1.527018E+00    1.427714E-02    2.371080E+00  
  2.546000E+03    2.546000E+02    1.533040E+00    1.398933E-02    2.323281E+00  
  2.556000E+03    2.556000E+02    1.539061E+00    1.326042E-02    2.202228E+00  
  2.566000E+03    2.566000E+02    1.545082E+00    1.254860E-02    2.084011E+00  
  2.576000E+03    2.576000E+02    1.551104E+00    1.201686E-02    1.995703E+00  
  2.586000E+03    2.586000E+02    1.557125E+00    1.199109E-02    1.991424E+00  
  2.596000E+03    2.596000E+02    1.563147E+00    1.253229E-02    2.081303E+00  
  2.606000E+03    2.606000E+02    1.569168E+00    1.252535E-02    2.080151E+00  
  2.616000E+03    2.616000E+02    1.575189E+00    1.188993E-02    1.974624E+00  
  2.626000E+03    2.626000E+02    1.581211E+00    1.121113E-02    1.861892E+00  
  2.636000E+03    2.636000E+02    1.587232E+00    1.094793E-02    1.818181E+00  
  2.646000E+03    2.646000E+02    1.593253E+00    1.114922E-02    1.851610E+00  
  2.656000E+03    2.656000E+02    1.599275E+00    1.129200E-02    1.875322E+00  
  2.666000E+03    2.666000E+02    1.605296E+00    1.102773E-02    1.831433E+00  
  2.676000E+03    2.676000E+02    1.611317E+00    1.063046E-02    1.765457E+00  
  2.686000E+03    2.686000E+02    1.617339E+00    1.017276E-02    1.689444E+00  
  2.696000E+03    2.696000E+02    1.623360E+00    1.001498E-02    1.663240E+00  
  2.706000E+03    2.706000E+02    1.629382E+00    9.650084E-03    1.602641E+00  
  2.716000E+03    2.716000E+02    1.635403E+00    9.587174E-03    1.592193E+00  
  2.726000E+03    2.726000E+02    1.641424E+00    9.932861E-03    1.649603E+00  
  2.736000E+03    2.736000E+02    1.647446E+00    9.634438E-03    1.600042E+00  
  2.746000E+03    2.746000E+02    1.653467E+00    9.600126E-03    1.594344E+00  
  2.756000E+03    2.756000E+02    1.659488E+00    9.645661E-03    1.601906E+00  
  2.766000E+03    2.766000E+02    1.665510E+00    9.277089E-03    1.540695E+00  
  2.776000E+03    2.776000E+02    1.671531E+00    9.049965E-03    1.502976E+00  
  2.786000E+03    2.786000E+02    1.677552E+00    8.731702E-03    1.450120E+00  
  2.796000E+03    2.796000E+02    1.683574E+00    8.510589E-03    1.413398E+00  
  2.806000E+03    2.806000E+02    1.689595E+00    8.699100E-03    1.444706E+00  
  2.816000E+03    2.816000E+02    1.695617E+00    8.992424E-03    1.493419E+00  
  2.826000E+03    2.826000E+02    1.701638E+00    8.758077E-03    1.454500E+00  
  2.836000E+03    2.836000E+02    1.707659E+00    8.459822E-03    1.404967E+00  
  2.846000E+03    2.846000E+02    1.713681E+00    8.035927E-03    1.334569E+00  
  2.856000E+03    2.856000E+02    1.719702E+00    8.346463E-03    1.386141E+00  
  2.866000E+03    2.866000E+02    1.725723E+00    7.943988E-03    1.319300E+00  
  2.876000E+03    2.876000E+02    1.731745E+00    7.879212E-03    1.308542E+00  
  2.886000E+03    2.886000E+02    1.737766E+00    7.695857E-03    1.278092E+00  
  2.896000E+03    2.896000E+02    1.743787E+00    7.710542E-03    1.280530E+00  
  2.906000E+03    2.906000E+02    1.749809E+00    7.290931E-03    1.210844E+00  
  2.916000E+03    2.916000E+02    1.755830E+00    7.107383E-03    1.180361E+00  
  2.926000E+03    2.926000E+02    1.761852E+00    6.722432E-03    1.116430E+00  
  2.936000E+03    2.936000E+02    1.767873E+00    6.284312E-03    1.043669E+00  
  2.946000E+03    2.946000E+02    1.773894E+00    6.281176E-03    1.043148E+00  
  2.956000E+03    2.956000E+02    1.779916E+00    6.605508E-03    1.097012E+00  
  2.966000E+03    2.966000E+02    1.785937E+00    6.600737E-03    1.096219E+00  
  2.976000E+03    2.976000E+02    1.791958E+00    6.518299E-03    1.082528E+00  
  2.986000E+03    2.986000E+02    1.797980E+00    6.358589E-03    1.056004E+00  
  2.996000E+03    2.996000E+02    1.804001E+00    6.475236E-03    1.075377E+00  
  3.006000E+03    3.006000E+02    1.810022E+00    6.531279E-03    1.084684E+00  
  3.016000E+03    3.016000E+02    1.816044E+00    6.556675E-03    1.088902E+00  
  3.026000E+03    3.026000E+02    1.822065E+00    6.266815E-03    1.040763E+00  
  3.036000E+03    3.036000E+02    1.828087E+00    5.845574E-03    9.708053E-01  
  3.046000E+03    3.046000E+02    1.834108E+00    6.068021E-03    1.007748E+00  
  3.056000E+03    3.056000E+02    1.840129E+00    5.850840E-03    9.716799E-01  
  3.066000E+03    3.066000E+02    1.846151E+00    5.684945E-03    9.441288E-01  
  3.076000E+03    3.076000E+02    1.852172E+00    5.476466E-03    9.095057E-01  
  3.086000E+03    3.086000E+02    1.858193E+00    5.266315E-03    8.746048E-01  
  3.096000E+03    3.096000E+02    1.864215E+00    5.102836E-03    8.474549E-01  
  3.106000E+03    3.106000E+02    1.870236E+00    4.796731E-03    7.966184E-01  
  3.116000E+03    3.116000E+02    1.876258E+00    4.652498E-03    7.726649E-01  
  3.126000E+03    3.126000E+02    1.882279E+00    4.505990E-03    7.483336E-01  
  3.136000E+03    3.136000E+02    1.888300E+00    4.635300E-03    7.698088E-01  
  3.146000E+03    3.146000E+02    1.894322E+00    4.769203E-03    7.920467E-01  
  3.156000E+03    3.156000E+02    1.900343E+00    4.716465E-03    7.832882E-01  
  3.166000E+03    3.166000E+02    1.906364E+00    4.625432E-03    7.681699E-01  
  3.176000E+03    3.176000E+02    1.912386E+00    4.454063E-03    7.397097E-01  
  3.186000E+03    3.186000E+02    1.918407E+00    4.369739E-03    7.257056E-01  
  3.196000E+03    3.196000E+02    1.924428E+00    4.250466E-03    7.058974E-01  
  3.206000E+03    3.206000E+02    1.930450E+00    4.233944E-03    7.031535E-01  
  3.216000E+03    3.216000E+02    1.936471E+00    4.435208E-03    7.365785E-01  
  3.226000E+03    3.226000E+02    1.942493E+00    4.207756E-03    6.988043E-01  
  3.236000E+03    3.236000E+02    1.948514E+00    3.881054E-03    6.445472E-01  
  3.246000E+03    3.246000E+02    1.954535E+00    3.977250E-03    6.605230E-01  
  3.256000E+03    3.256000E+02    1.960557E+00    3.976234E-03    6.603543E-01  
  3.266000E+03    3.266000E+02    1.966578E+00    4.001765E-03    6.645943E-01  
  3.276000E+03    3.276000E+02    1.972599E+00    4.122168E-03    6.845903E-01  
  3.286000E+03    3.286000E+02    1.978621E+00    3.883419E-03    6.449400E-01  
  3.296000E+03    3.296000E+02    1.984642E+00    3.792326E-03    6.298117E-01  
  3.306000E+03    3.306000E+02    1.990663E+00    3.765600E-03    6.253731E-01  
  3.316000E+03    3.316000E+02    1.996685E+00    3.793303E-03    6.299739E-01  
  3.326000E+03    3.326000E+02    2.002706E+00    3.649616E-03    6.061110E-01  
  3.336000E+03    3.336000E+02    2.008728E+00    3.595669E-03    5.971518E-01  
  3.346000E+03    3.346000E+02    2.014749E+00    3.452409E-03    5.733597E-01  
  3.356000E+03    3.356000E+02    2.020770E+00    3.180273E-03    5.281648E-01  
  3.366000E+03    3.366000E+02    2.026792E+00    3.244940E-03    5.389043E-01  
  3.376000E+03    3.376000E+02    2.032813E+00    3.042257E-03    5.052438E-01  
  3.386000E+03    3.386000E+02    2.038834E+00    2.934666E-03    4.873755E-01  
  3.396000E+03    3.396000E+02    2.044856E+00    2.955888E-03    4.908999E-01  
  3.406000E+03    3.406000E+02    2.050877E+00    2.900752E-03    4.817432E-01  
  3.416000E+03    3.416000E+02    2.056898E+00    2.645032E-03    4.392744E-01  
  3.426000E+03    3.426000E+02    2.062920E+00    2.516305E-03    4.178960E-01  
  3.436000E+03    3.436000E+02    2.068941E+00    2.604749E-03    4.325845E-01  
  3.446000E+03    3.446000E+02    2.074963E+00    2.559710E-03    4.251046E-01  
  3.456000E+03    3.456000E+02    2.080984E+00    2.750852E-03    4.568485E-01  
  3.466000E+03    3.466000E+02    2.087005E+00    2.724459E-03    4.524653E-01  
  3.476000E+03    3.476000E+02    2.093027E+00    2.701063E-03    4.485798E-01  
  3.486000E+03    3.486000E+02    2.099048E+00    2.692106E-03    4.470923E-01  
  3.496000E+03    3.496000E+02    2.105069E+00    2.384625E-03    3.960273E-01  
  3.506000E+03    3.506000E+02    2.111091E+00    2.112327E-03    3.508053E-01  
  3.516000E+03    3.516000E+02    2.117112E+00    2.361762E-03    3.922303E-01  
  3.526000E+03    3.526000E+02    2.123134E+00    2.440333E-03    4.052790E-01  
  3.536000E+03    3.536000E+02    2.129155E+00    2.261374E-03    3.755583E-01  
  3.546000E+03    3.546000E+02    2.135176E+00    2.015010E-03    3.346434E-01  
  3.556000E+03    3.556000E+02    2.141198E+00    2.051417E-03    3.406897E-01  
  3.566000E+03    3.566000E+02    2.147219E+00    2.164422E-03    3.594570E-01  
  3.576000E+03    3.576000E+02    2.153240E+00    2.018379E-03    3.352028E-01  
  3.586000E+03    3.586000E+02    2.159262E+00    1.920651E-03    3.189726E-01  
  3.596000E+03    3.596000E+02    2.165283E+00    1.784563E-03    2.963718E-01  
  3.606000E+03    3.606000E+02    2.171304E+00    1.730663E-03    2.874204E-01  
  3.616000E+03    3.616000E+02    2.177326E+00    1.732490E-03    2.877238E-01  
  3.626000E+03    3.626000E+02    2.183347E+00    1.663745E-03    2.763070E-01  
  3.636000E+03    3.636000E+02    2.189369E+00    1.945288E-03    3.230642E-01  
  3.646000E+03    3.646000E+02    2.195390E+00    1.977696E-03    3.284465E-01  
  3.656000E+03    3.656000E+02    2.201411E+00    1.810056E-03    3.006056E-01  
  3.666000E+03    3.666000E+02    2.207433E+00    1.658386E-03    2.754169E-01  
  3.676000E+03    3.676000E+02    2.213454E+00    1.572484E-03    2.611507E-01  
  3.686000E+03    3.686000E+02    2.219475E+00    1.509760E-03    2.507338E-01  
  3.696000E+03    3.696000E+02    2.225497E+00    1.642694E-03    2.728109E-01  
  3.706000E+03    3.706000E+02    2.231518E+00    1.814693E-03    3.013757E-01  
  3.716000E+03    3.716000E+02    2.237539E+00    1.798280E-03    2.986499E-01  
  3.726000E+03    3.726000E+02    2.243561E+00    1.803385E-03    2.994978E-01  
  3.736000E+03    3.736000E+02    2.249582E+00    1.704299E-03    2.830420E-01  
  3.746000E+03    3.746000E+02    2.255604E+00    1.472027E-03    2.444673E-01  
  3.756000E+03    3.756000E+02    2.261625E+00    1.392025E-03    2.311810E-01  
  3.766000E+03    3.766000E+02    2.267646E+00    1.510277E-03    2.508196E-01  
  3.776000E+03    3.776000E+02    2.273668E+00    1.491081E-03    2.476316E-01  
  3.786000E+03    3.786000E+02    2.279689E+00    1.287622E-03    2.138422E-01  
  3.796000E+03    3.796000E+02    2.285710E+00    1.254533E-03    2.083469E-01  
  3.806000E+03    3.806000E+02    2.291732E+00    1.142945E-03    1.898149E-01  
  3.816000E+03    3.816000E+02    2.297753E+00    1.082371E-03    1.797551E-01  
  3.826000E+03    3.826000E+02    2.303774E+00    9.444493E-04    1.568497E-01  
  3.836000E+03    3.836000E+02    2.309796E+00    1.028923E-03    1.708786E-01  
  3.846000E+03    3.846000E+02    2.315817E+00    1.079420E-03    1.792650E-01  
  3.856000E+03    3.856000E+02    2.321839E+00    1.130015E-03    1.876676E-01  
  3.866000E+03    3.866000E+02    2.327860E+00    1.009850E-03    1.677110E-01  
  3.876000E+03    3.876000E+02    2.333881E+00    1.024156E-03    1.700871E-01  
  3.886000E+03    3.886000E+02    2.339903E+00    9.697667E-04    1.610543E-01  
  3.896000E+03    3.896000E+02    2.345924E+00    8.324581E-04    1.382507E-01  
  3.906000E+03    3.906000E+02    2.351945E+00    9.694172E-04    1.609962E-01  
  3.916000E+03    3.916000E+02    2.357967E+00    9.869367E-04    1.639058E-01  
  3.926000E+03    3.926000E+02    2.363988E+00    8.278143E-04    1.374795E-01  
  3.936000E+03    3.936000E+02    2.370009E+00    8.263338E-04    1.372336E-01  
  3.946000E+03    3.946000E+02    2.376031E+00    7.963936E-04    1.322613E-01  
  3.956000E+03    3.956000E+02    2.382052E+00    8.731143E-04    1.450027E-01  
  3.966000E+03    3.966000E+02    2.388074E+00    7.051401E-04    1.171063E-01  
  3.976000E+03    3.976000E+02    2.394095E+00    5.995634E-04    9.957266E-02  
  3.986000E+03    3.986000E+02    2.400116E+00    6.177508E-04    1.025931E-01  
  3.996000E+03    3.996000E+02    2.406138E+00    5.598262E-04    9.297329E-02  
  4.006000E+03    4.006000E+02    2.412159E+00    6.385556E-04    1.060483E-01  
  4.016000E+03    4.016000E+02    2.418180E+00    5.309199E-04    8.817267E-02  
  4.026000E+03    4.026000E+02    2.424202E+00    3.842534E-04    6.381500E-02  
  4.036000E+03    4.036000E+02    2.430223E+00    4.165118E-04    6.917232E-02  
  4.046000E+03    4.046000E+02    2.436245E+00    4.700103E-04    7.805709E-02  
  4.056000E+03    4.056000E+02    2.442266E+00    5.306554E-04    8.812875E-02  
  4.066000E+03    4.066000E+02    2.448287E+00    6.233183E-04    1.035178E-01  
  4.076000E+03    4.076000E+02    2.454309E+00    6.382707E-04    1.060010E-01  
  4.086000E+03    4.086000E+02    2.460330E+00    5.796355E-04    9.626314E-02  
  4.096000E+03    4.096000E+02    2.466351E+00    5.542603E-04    9.204893E-02  
  4.106000E+03    4.106000E+02    2.472373E+00    5.109246E-04    8.485194E-02  
  4.116000E+03    4.116000E+02    2.478394E+00    5.433335E-04    9.023426E-02  
  4.126000E+03    4.126000E+02    2.484415E+00    5.863232E-04    9.737380E-02  
  4.136000E+03    4.136000E+02    2.490437E+00    5.075913E-04    8.429837E-02  
  4.146000E+03    4.146000E+02    2.496458E+00    4.235214E-04    7.033644E-02  
  4.156000E+03    4.156000E+02    2.502480E+00    3.903735E-04    6.483139E-02  
  4.166000E+03    4.166000E+02    2.508501E+00    4.048059E-04    6.722826E-02  
  4.176000E+03    4.176000E+02    2.514522E+00    3.703270E-04    6.150216E-02  
  4.186000E+03    4.186000E+02    2.520544E+00    4.866859E-04    8.082649E-02  
  4.196000E+03    4.196000E+02    2.526565E+00    4.849220E-04    8.053355E-02  
  4.206000E+03    4.206000E+02    2.532586E+00    4.885759E-04    8.114039E-02  
  4.216000E+03    4.216000E+02    2.538608E+00    4.345606E-04    7.216978E-02  
  4.226000E+03    4.226000E+02    2.544629E+00    4.011606E-04    6.662286E-02  
  4.236000E+03    4.236000E+02    2.550650E+00    3.678542E-04    6.109149E-02  
  4.246000E+03    4.246000E+02    2.556672E+00    3.783687E-04    6.283769E-02  
  4.256000E+03    4.256000E+02    2.562693E+00    3.834594E-04    6.368313E-02  
  4.266000E+03    4.266000E+02    2.568715E+00    2.865338E-04    4.758618E-02  
  4.276000E+03    4.276000E+02    2.574736E+00    2.825143E-04    4.691864E-02  
  4.286000E+03    4.286000E+02    2.580757E+00    3.557407E-04    5.907974E-02  
  4.296000E+03    4.296000E+02    2.586779E+00    3.408570E-04    5.660793E-02  
  4.306000E+03    4.306000E+02    2.592800E+00    2.469663E-04    4.101500E-02  
  4.316000E+03    4.316000E+02    2.598821E+00    2.453324E-04    4.074365E-02  
  4.326000E+03    4.326000E+02    2.604843E+00    3.013302E-04    5.004350E-02  
  4.336000E+03    4.336000E+02    2.610864E+00    2.744543E-04    4.558008E-02  
  4.346000E+03    4.346000E+02    2.616885E+00    2.173135E-04    3.609040E-02  
  4.356000E+03    4.356000E+02    2.622907E+00    1.722355E-04    2.860406E-02  
  4.366000E+03    4.366000E+02    2.628928E+00    2.395804E-04    3.978838E-02  
  4.376000E+03    4.376000E+02    2.634950E+00    2.990710E-04    4.966830E-02  
  4.386000E+03    4.386000E+02    2.640971E+00    3.096700E-04    5.142853E-02  
  4.396000E+03    4.396000E+02    2.646992E+00    2.632629E-04    4.372146E-02  
  4.406000E+03    4.406000E+02    2.653014E+00    2.364677E-04    3.927143E-02  
  4.416000E+03    4.416000E+02    2.659035E+00    2.154316E-04    3.577786E-02  
  4.426000E+03    4.426000E+02    2.665056E+00    2.447980E-04    4.065489E-02  
  4.436000E+03    4.436000E+02    2.671078E+00    2.967799E-04    4.928780E-02  
  4.446000E+03    4.446000E+02    2.677099E+00    2.985973E-04    4.958963E-02  
  4.456000E+03    4.456000E+02    2.683121E+00    2.580657E-04    4.285834E-02  
  4.466000E+03    4.466000E+02    2.689142E+00    2.158251E-04    3.584321E-02  
  4.476000E+03    4.476000E+02    2.695163E+00    1.756726E-04    2.917487E-02  
  4.486000E+03    4.486000E+02    2.701185E+00    1.335075E-04    2.217230E-02  
  4.496000E+03    4.496000E+02    2.707206E+00    9.587301E-05    1.592214E-02  
  4.506000E+03    4.506000E+02    2.713227E+00    1.183016E-04    1.964698E-02  
  4.516000E+03    4.516000E+02    2.719249E+00    1.519780E-04    2.523979E-02  
  4.526000E+03    4.526000E+02    2.725270E+00    1.299270E-04    2.157766E-02  
  4.536000E+03    4.536000E+02    2.731291E+00    1.005387E-04    1.669699E-02  
  4.546000E+03    4.546000E+02    2.737313E+00    9.894664E-05    1.643259E-02  
  4.556000E+03    4.556000E+02    2.743334E+00    1.051613E-04    1.746469E-02  
  4.566000E+03    4.566000E+02    2.749356E+00    7.854690E-05    1.304470E-02  
  4.576000E+03    4.576000E+02    2.755377E+00    7.443067E-05    1.236109E-02  
  4.586000E+03    4.586000E+02    2.761398E+00    1.070385E-04    1.777645E-02  
  4.596000E+03    4.596000E+02    2.767420E+00    1.907811E-04    3.168402E-02  
  4.606000E+03    4.606000E+02    2.773441E+00    1.987971E-04    3.301529E-02  
  4.616000E+03    4.616000E+02    2.779462E+00    1.633166E-04    2.712284E-02  
  4.626000E+03    4.626000E+02    2.785484E+00    1.673374E-04    2.779060E-02  
  4.636000E+03    4.636000E+02    2.791505E+00    1.209246E-04    2.008259E-02  
  4.646000E+03    4.646000E+02    2.797526E+00    8.548464E-05    1.419689E-02  
  4.656000E+03    4.656000E+02    2.803548E+00    7.797514E-05    1.294974E-02  
  4.666000E+03    4.666000E+02    2.809569E+00    8.877570E-05    1.474345E-02  
  4.676000E+03    4.676000E+02    2.815591E+00    7.649277E-05    1.270356E-02  
  4.686000E+03    4.686000E+02    2.821612E+00    8.199921E-05    1.361804E-02  
  4.696000E+03    4.696000E+02    2.827633E+00    1.344689E-04    2.233196E-02  
  4.706000E+03    4.706000E+02    2.833655E+00    9.462855E-05    1.571546E-02  
  4.716000E+03    4.716000E+02    2.839676E+00    6.460847E-05    1.072987E-02  
  4.726000E+03    4.726000E+02    2.845697E+00    5.217284E-05    8.664619E-03  
  4.736000E+03    4.736000E+02    2.851719E+00    5.397564E-05    8.964019E-03  
  4.746000E+03    4.746000E+02    2.857740E+00    4.317322E-05    7.170005E-03  
  4.756000E+03    4.756000E+02    2.863761E+00    4.271784E-05    7.094378E-03  
  4.766000E+03    4.766000E+02    2.869783E+00    5.655157E-05    9.391818E-03  
  4.776000E+03    4.776000E+02    2.875804E+00    4.744431E-05    7.879327E-03  
  4.786000E+03    4.786000E+02    2.881826E+00    5.244052E-05    8.709074E-03  
  4.796000E+03    4.796000E+02    2.887847E+00    4.876845E-05    8.099235E-03  
  4.806000E+03    4.806000E+02    2.893868E+00    3.009453E-05    4.997958E-03  
  4.816000E+03    4.816000E+02    2.899890E+00    1.490313E-05    2.475041E-03  
  4.826000E+03    4.826000E+02    2.905911E+00    1.394600E-05    2.316086E-03  
  4.836000E+03    4.836000E+02    2.911932E+00    3.690831E-05    6.129559E-03  
  4.846000E+03    4.846000E+02    2.917954E+00    6.611258E-05    1.097967E-02  
  4.856000E+03    4.856000E+02    2.923975E+00    6.920320E-05    1.149294E-02  
  4.866000E+03    4.866000E+02    2.929996E+00    7.123230E-05    1.182993E-02  
  4.876000E+03    4.876000E+02    2.936018E+00    8.590278E-05    1.426633E-02  
  4.886000E+03    4.886000E+02    2.942039E+00    9.328829E-05    1.549288E-02  
  4.896000E+03    4.896000E+02    2.948061E+00    7.498220E-05    1.245269E-02  
  4.906000E+03    4.906000E+02    2.954082E+00    5.152135E-05    8.556422E-03  
  4.916000E+03    4.916000E+02    2.960103E+00    6.289587E-05    1.044545E-02  
  4.926000E+03    4.926000E+02    2.966125E+00    7.043168E-05    1.169696E-02  
  4.936000E+03    4.936000E+02    2.972146E+00    8.762095E-05    1.455167E-02  
  4.946000E+03    4.946000E+02    2.978167E+00    8.329723E-05    1.383361E-02  
  4.956000E+03    4.956000E+02    2.984189E+00    4.387688E-05    7.286865E-03  
  4.966000E+03    4.966000E+02    2.990210E+00    3.643803E-05    6.051456E-03  
  4.976000E+03    4.976000E+02    2.996232E+00    3.703957E-05    6.151358E-03  
  4.986000E+03    4.986000E+02    3.002253E+00    4.672154E-05    7.759293E-03  
  4.996000E+03    4.996000E+02    3.008274E+00    5.316017E-05    8.828591E-03  
  5.006000E+03    5.006000E+02    3.014296E+00    3.811399E-05    6.329792E-03  
  5.016000E+03    5.016000E+02    3.020317E+00    1.062764E-05    1.764988E-03  
  5.026000E+03    5.026000E+02    3.026338E+00    2.993925E-05    4.972170E-03  
  5.036000E+03    5.036000E+02    3.032360E+00    5.212601E-05    8.656842E-03  
  5.046000E+03    5.046000E+02    3.038381E+00    4.060675E-05    6.743777E-03  
  5.056000E+03    5.056000E+02    3.044402E+00    4.033041E-05    6.697885E-03  
  5.066000E+03    5.066000E+02    3.050424E+00    3.549002E-05    5.894014E-03  
  5.076000E+03    5.076000E+02    3.056445E+00    2.261598E-05    3.755955E-03  
  5.086000E+03    5.086000E+02    3.062467E+00    8.086596E-06    1.342984E-03  
  5.096000E+03    5.096000E+02    3.068488E+00    3.603130E-07    5.983908E-05  
  5.106000E+03    5.106000E+02    3.074509E+00    0.000000E+00    0.000000E+00  
  5.116000E+03    5.116000E+02    3.080531E+00    0.000000E+00    0.000000E+00  
  5.126000E+03    5.126000E+02    3.086552E+00    0.000000E+00    0.000000E+00  
  5.136000E+03    5.136000E+02    3.092573E+00    0.000000E+00    0.000000E+00  
  5.146000E+03    5.146000E+02    3.098595E+00    0.000000E+00    0.000000E+00  
  5.156000E+03    5.156000E+02    3.104616E+00    0.000000E+00    0.000000E+00  
  5.166000E+03    5.166000E+02    3.110637E+00    0.000000E+00    0.000000E+00  
  5.176000E+03    5.176000E+02    3.116659E+00    0.000000E+00    0.000000E+00  
  5.186000E+03    5.186000E+02    3.122680E+00    0.000000E+00    0.000000E+00  
  5.196000E+03    5.196000E+02    3.128702E+00    9.223002E-07    1.531713E-04  
  5.206000E+03    5.206000E+02    3.134723E+00    1.458428E-05    2.422089E-03  
  5.216000E+03    5.216000E+02    3.140744E+00    3.780940E-05    6.279207E-03  
  5.226000E+03    5.226000E+02    3.146766E+00    5.337435E-05    8.864161E-03  
  5.236000E+03    5.236000E+02    3.152787E+00    5.138714E-05    8.534134E-03  
  5.246000E+03    5.246000E+02    3.158808E+00    5.245795E-05    8.711969E-03  
  5.256000E+03    5.256000E+02    3.164830E+00    2.597601E-05    4.313973E-03  
  5.266000E+03    5.266000E+02    3.170851E+00    1.735667E-06    2.882514E-04  
  5.276000E+03    5.276000E+02    3.176872E+00    0.000000E+00    0.000000E+00  
  5.286000E+03    5.286000E+02    3.182894E+00    0.000000E+00    0.000000E+00  
  5.296000E+03    5.296000E+02    3.188915E+00    0.000000E+00    0.000000E+00  
  5.306000E+03    5.306000E+02    3.194937E+00    0.000000E+00    0.000000E+00  
  5.316000E+03    5.316000E+02    3.200958E+00    0.000000E+00    0.000000E+00  
  5.326000E+03    5.326000E+02    3.206979E+00    2.585828E-07    4.294421E-05  
  5.336000E+03    5.336000E+02    3.213001E+00    6.998661E-06    1.162305E-03  
  5.346000E+03    5.346000E+02    3.219022E+00    2.881060E-05    4.784729E-03  
  5.356000E+03    5.356000E+02    3.225043E+00    2.668957E-05    4.432477E-03  
  5.366000E+03    5.366000E+02    3.231065E+00    8.099328E-06    1.345098E-03  
  5.376000E+03    5.376000E+02    3.237086E+00    7.993061E-06    1.327450E-03  
  5.386000E+03    5.386000E+02    3.243108E+00    5.649860E-07    9.383020E-05  
  5.396000E+03    5.396000E+02    3.249129E+00    0.000000E+00    0.000000E+00  
  5.406000E+03    5.406000E+02    3.255150E+00    0.000000E+00    0.000000E+00  
  5.416000E+03    5.416000E+02    3.261172E+00    0.000000E+00    0.000000E+00  
  5.426000E+03    5.426000E+02    3.267193E+00    0.000000E+00    0.000000E+00  
  5.436000E+03    5.436000E+02    3.273214E+00    0.000000E+00    0.000000E+00  
  5.446000E+03    5.446000E+02    3.279236E+00    0.000000E+00    0.000000E+00  
  5.456000E+03    5.456000E+02    3.285257E+00    0.000000E+00    0.000000E+00  
  5.466000E+03    5.466000E+02    3.291278E+00    0.000000E+00    0.000000E+00  
  5.476000E+03    5.476000E+02    3.297300E+00    0.000000E+00    0.000000E+00  
  5.486000E+03    5.486000E+02    3.303321E+00    0.000000E+00    0.000000E+00  
  5.496000E+03    5.496000E+02    3.309343E+00    0.000000E+00    0.000000E+00  
  5.506000E+03    5.506000E+02    3.315364E+00    0.000000E+00    0.000000E+00  
  5.516000E+03    5.516000E+02    3.321385E+00    0.000000E+00    0.000000E+00  
  5.526000E+03    5.526000E+02    3.327407E+00    0.000000E+00    0.000000E+00  
  5.536000E+03    5.536000E+02    3.333428E+00    0.000000E+00    0.000000E+00  
  5.546000E+03    5.546000E+02    3.339449E+00    0.000000E+00    0.000000E+00  
  5.556000E+03    5.556000E+02    3.345471E+00    0.000000E+00    0.000000E+00  
  5.566000E+03    5.566000E+02    3.351492E+00    0.000000E+00    0.000000E+00  
  5.576000E+03    5.576000E+02    3.357513E+00    0.000000E+00    0.000000E+00  
  5.586000E+03    5.586000E+02    3.363535E+00    0.000000E+00    0.000000E+00  
  5.596000E+03    5.596000E+02    3.369556E+00    0.000000E+00    0.000000E+00  
  5.606000E+03    5.606000E+02    3.375578E+00    0.000000E+00    0.000000E+00  
  5.616000E+03    5.616000E+02    3.381599E+00    0.000000E+00    0.000000E+00  
  5.626000E+03    5.626000E+02    3.387620E+00    0.000000E+00    0.000000E+00  
  5.636000E+03    5.636000E+02    3.393642E+00    0.000000E+00    0.000000E+00  
  5.646000E+03    5.646000E+02    3.399663E+00    0.000000E+00    0.000000E+00  
  5.656000E+03    5.656000E+02    3.405684E+00    0.000000E+00    0.000000E+00  
  5.666000E+03    5.666000E+02    3.411706E+00    0.000000E+00    0.000000E+00  
  5.676000E+03    5.676000E+02    3.417727E+00    0.000000E+00    0.000000E+00  
  5.686000E+03    5.686000E+02    3.423748E+00    0.000000E+00    0.000000E+00  
  5.696000E+03    5.696000E+02    3.429770E+00    0.000000E+00    0.000000E+00  
  5.706000E+03    5.706000E+02    3.435791E+00    0.000000E+00    0.000000E+00  
  5.716000E+03    5.716000E+02    3.441813E+00    0.000000E+00    0.000000E+00  
  5.726000E+03    5.726000E+02    3.447834E+00    0.000000E+00    0.000000E+00  
  5.736000E+03    5.736000E+02    3.453855E+00    0.000000E+00    0.000000E+00  
  5.746000E+03    5.746000E+02    3.459877E+00    0.000000E+00    0.000000E+00  
  5.756000E+03    5.756000E+02    3.465898E+00    0.000000E+00    0.000000E+00  
  5.766000E+03    5.766000E+02    3.471919E+00    0.000000E+00    0.000000E+00  
  5.776000E+03    5.776000E+02    3.477941E+00    0.000000E+00    0.000000E+00  
  5.786000E+03    5.786000E+02    3.483962E+00    0.000000E+00    0.000000E+00  
  5.796000E+03    5.796000E+02    3.489983E+00    0.000000E+00    0.000000E+00  
  5.806000E+03    5.806000E+02    3.496005E+00    0.000000E+00    0.000000E+00  
  5.816000E+03    5.816000E+02    3.502026E+00    0.000000E+00    0.000000E+00  
  5.826000E+03    5.826000E+02    3.508048E+00    0.000000E+00    0.000000E+00  
  5.836000E+03    5.836000E+02    3.514069E+00    0.000000E+00    0.000000E+00  
  5.846000E+03    5.846000E+02    3.520090E+00    0.000000E+00    0.000000E+00  
  5.856000E+03    5.856000E+02    3.526112E+00    0.000000E+00    0.000000E+00  
  5.866000E+03    5.866000E+02    3.532133E+00    0.000000E+00    0.000000E+00  
  5.876000E+03    5.876000E+02    3.538154E+00    0.000000E+00    0.000000E+00  
  5.886000E+03    5.886000E+02    3.544176E+00    0.000000E+00    0.000000E+00  
  5.896000E+03    5.896000E+02    3.550197E+00    0.000000E+00    0.000000E+00  
  5.906000E+03    5.906000E+02    3.556219E+00    1.619910E-07    2.690270E-05  
  5.916000E+03    5.916000E+02    3.562240E+00    6.440173E-06    1.069554E-03  
  5.926000E+03    5.926000E+02    3.568261E+00    1.894024E-05    3.145506E-03  
  5.936000E+03    5.936000E+02    3.574283E+00    2.087308E-05    3.466502E-03  
  5.946000E+03    5.946000E+02    3.580304E+00    1.304812E-05    2.166971E-03  
  5.956000E+03    5.956000E+02    3.586325E+00    1.118197E-05    1.857049E-03  
  5.966000E+03    5.966000E+02    3.592347E+00    7.962910E-06    1.322443E-03  
